0.0	nan
0.0979428567843734	nan
0.1958857135687468	nan
0.29382857035312016	nan
0.3917714271374936	nan
0.489714283921867	nan
0.5876571407062404	nan
0.6855999974906137	nan
0.7835428542749872	nan
0.8814857110593605	nan
0.9794285678437338	nan
1.077371424628107	nan
1.1753142814124804	nan
1.2732571381968536	nan
1.3711999949812272	nan
1.4691428517656007	nan
1.5670857085499743	nan
1.6650285653343475	nan
1.7629714221187212	nan
1.8609142789030946	nan
1.958857135687468	nan
2.0567999924718414	nan
2.154742849256215	nan
2.2526857060405883	nan
2.350628562824962	nan
2.448571419609335	nan
2.5465142763937085	nan
2.644457133178082	nan
2.742399989962456	nan
2.8403428467468292	nan
2.938285703531202	nan
3.0362285603155756	nan
3.1341714170999495	nan
3.232114273884323	nan
3.3300571306686964	nan
3.4279999874530698	nan
3.525942844237443	nan
3.623885701021817	nan
3.7218285578061905	nan
3.819771414590564	nan
3.9177142713749373	nan
4.015657128159311	nan
4.113599984943685	nan
4.211542841728058	nan
4.309485698512431	nan
4.407428555296804	nan
4.505371412081177	nan
4.603314268865551	nan
4.701257125649925	nan
4.799199982434298	nan
4.897142839218671	nan
4.995085696003044	nan
5.093028552787418	nan
5.190971409571792	nan
5.288914266356165	nan
5.386857123140539	nan
5.4847999799249125	nan
5.5827428367092855	nan
5.680685693493659	nan
5.778628550278032	nan
5.876571407062406	nan
5.97451426384678	nan
6.072457120631153	nan
6.170399977415527	nan
6.2683428341999	nan
6.366285690984273	nan
6.464228547768647	nan
6.56217140455302	nan
6.660114261337394	nan
6.7580571181217675	nan
6.85599997490614	nan
6.953942831690514	nan
7.051885688474887	nan
7.149828545259261	nan
7.247771402043635	nan
7.345714258828008	nan
7.443657115612382	nan
7.541599972396755	nan
7.639542829181128	nan
7.737485685965503	nan
7.835428542749875	nan
7.933371399534249	nan
8.031314256318622	nan
8.129257113102996	nan
8.22719996988737	nan
8.325142826671744	nan
8.423085683456115	nan
8.52102854024049	nan
8.618971397024863	nan
8.716914253809238	nan
8.81485711059361	nan
8.912799967377984	nan
9.010742824162357	nan
9.10868568094673	nan
9.206628537731104	nan
9.304571394515477	nan
9.402514251299852	nan
9.500457108084223	nan
9.598399964868598	nan
9.696342821652971	nan
9.794285678437346	nan
9.892228535221719	nan
9.990171392006092	nan
10.088114248790465	nan
10.18605710557484	nan
10.283999962359212	nan
10.381942819143587	nan
10.479885675927958	nan
10.577828532712331	nan
10.675771389496706	nan
10.773714246281079	nan
10.871657103065454	nan
10.969599959849825	nan
11.0675428166342	nan
11.165485673418573	nan
11.263428530202948	nan
11.36137138698732	nan
11.459314243771693	nan
11.557257100556066	nan
11.655199957340441	nan
11.753142814124814	nan
11.851085670909189	nan
11.94902852769356	nan
12.046971384477935	nan
12.144914241262308	nan
12.24285709804668	nan
12.340799954831056	nan
12.438742811615429	nan
12.536685668399802	nan
12.634628525184175	nan
12.73257138196855	nan
12.830514238752922	nan
12.928457095537297	nan
13.026399952321668	nan
13.124342809106043	nan
13.222285665890416	nan
13.32022852267479	nan
13.418171379459164	nan
13.516114236243537	nan
13.61405709302791	nan
13.711999949812283	nan
13.809942806596657	nan
13.90788566338103	nan
14.005828520165403	nan
14.103771376949776	nan
14.201714233734151	nan
14.299657090518524	nan
14.397599947302899	nan
14.49554280408727	nan
14.593485660871645	nan
14.691428517656018	nan
14.789371374440393	nan
14.887314231224765	nan
14.985257088009138	nan
15.083199944793513	nan
15.181142801577884	nan
15.27908565836226	nan
15.377028515146634	nan
15.474971371931005	nan
15.572914228715378	nan
15.670857085499753	nan
15.768799942284128	nan
15.866742799068499	nan
15.964685655852874	nan
16.062628512637247	nan
16.16057136942162	nan
16.258514226205993	nan
16.356457082990367	nan
16.454399939774742	nan
16.552342796559117	nan
16.650285653343488	nan
16.748228510127863	nan
16.846171366912234	nan
16.94411422369661	nan
17.04205708048098	nan
17.139999937265355	nan
17.23794279404973	nan
17.3358856508341	nan
17.433828507618475	nan
17.53177136440285	nan
17.629714221187225	nan
17.727657077971596	nan
17.825599934755967	nan
17.923542791540342	nan
18.021485648324717	nan
18.119428505109088	nan
18.217371361893463	nan
18.315314218677837	nan
18.413257075462212	nan
18.511199932246583	nan
18.609142789030958	nan
18.707085645815333	nan
18.805028502599704	nan
18.902971359384075	nan
19.00091421616845	nan
19.098857072952825	nan
19.196799929737196	nan
19.29474278652157	nan
19.392685643305946	nan
19.49062850009032	nan
19.58857135687469	nan
19.686514213659063	nan
19.784457070443434	nan
19.882399927227805	nan
19.980342784012176	nan
20.078285640796544	nan
20.176228497580915	nan
20.274171354365286	nan
20.372114211149658	nan
20.47005706793403	nan
20.5679999247184	nan
20.665942781502775	nan
20.763885638287146	nan
20.861828495071517	nan
20.95977135185589	nan
21.05771420864026	nan
21.15565706542463	nan
21.253599922209002	nan
21.351542778993373	nan
21.449485635777744	nan
21.547428492562116	nan
21.645371349346487	nan
21.743314206130858	nan
21.84125706291523	nan
21.9391999196996	nan
22.03714277648397	nan
22.135085633268343	nan
22.233028490052714	nan
22.330971346837085	nan
22.428914203621456	nan
22.526857060405828	nan
22.6247999171902	nan
22.72274277397457	nan
22.82068563075894	nan
22.918628487543312	nan
23.016571344327684	nan
23.114514201112055	nan
23.21245705789643	nan
23.3103999146808	nan
23.408342771465172	nan
23.506285628249543	nan
23.604228485033914	nan
23.702171341818286	nan
23.800114198602657	nan
23.898057055387024	nan
23.995999912171396	nan
24.093942768955767	nan
24.191885625740138	nan
24.28982848252451	nan
24.38777133930888	nan
24.485714196093255	nan
24.583657052877626	nan
24.681599909661998	nan
24.77954276644637	nan
24.87748562323074	nan
24.97542848001511	nan
25.073371336799482	nan
25.171314193583854	nan
25.269257050368225	nan
25.367199907152596	nan
25.465142763936967	nan
25.56308562072134	nan
25.661028477505713	nan
25.75897133429008	nan
25.856914191074452	nan
25.954857047858823	nan
26.052799904643194	nan
26.150742761427566	nan
26.248685618211937	nan
26.346628474996308	nan
26.44457133178068	nan
26.54251418856505	nan
26.64045704534942	nan
26.738399902133793	nan
26.836342758918164	nan
26.93428561570254	nan
27.03222847248691	nan
27.13017132927128	nan
27.228114186055652	nan
27.326057042840024	nan
27.423999899624395	nan
27.521942756408766	nan
27.619885613193137	nan
27.717828469977505	nan
27.815771326761876	nan
27.913714183546247	nan
28.01165704033062	nan
28.10959989711499	nan
28.207542753899364	nan
28.305485610683736	nan
28.403428467468107	nan
28.501371324252478	nan
28.59931418103685	nan
28.69725703782122	nan
28.79519989460559	nan
28.893142751389963	nan
28.991085608174334	nan
29.089028464958705	nan
29.186971321743076	nan
29.284914178527448	nan
29.38285703531182	nan
29.480799892096194	nan
29.57874274888056	nan
29.676685605664932	nan
29.774628462449304	nan
29.87257131923367	nan
29.970514176018046	nan
30.06845703280242	nan
30.16639988958679	nan
30.264342746371163	nan
30.36228560315553	nan
30.460228459939906	nan
30.558171316724273	nan
30.656114173508648	nan
30.754057030293016	nan
30.85199988707739	nan
30.949942743861758	nan
31.047885600646133	nan
31.1458284574305	nan
31.243771314214875	nan
31.341714170999246	nan
31.439657027783618	nan
31.53759988456799	nan
31.635542741352356	nan
31.73348559813673	nan
31.8314284549211	nan
31.929371311705474	nan
32.027314168489845	nan
32.125257025274216	nan
32.22319988205859	nan
32.32114273884296	nan
32.41908559562733	nan
32.5170284524117	nan
32.61497130919607	nan
32.71291416598044	nan
32.810857022764814	nan
32.908799879549186	nan
33.00674273633356	nan
33.10468559311793	nan
33.2026284499023	nan
33.30057130668667	nan
33.39851416347104	nan
33.49645702025541	nan
33.594399877039784	nan
33.692342733824155	nan
33.790285590608526	nan
33.888228447392905	nan
33.98617130417727	nan
34.08411416096165	nan
34.18205701774601	nan
34.27999987453038	nan
34.377942731314754	nan
34.475885588099125	nan
34.573828444883496	nan
34.67177130166787	nan
34.76971415845224	nan
34.86765701523661	nan
34.96559987202098	nan
35.06354272880535	nan
35.16148558558973	nan
35.259428442374094	nan
35.35737129915847	nan
35.45531415594284	nan
35.553257012727215	nan
35.65119986951158	nan
35.74914272629596	nan
35.84708558308032	nan
35.9450284398647	nan
36.042971296649064	nan
36.14091415343344	nan
36.23885701021781	nan
36.33679986700218	nan
36.434742723786556	nan
36.53268558057092	nan
36.6306284373553	nan
36.72857129413966	nan
36.82651415092404	nan
36.924457007708405	nan
37.02239986449278	nan
37.12034272127715	nan
37.218285578061526	nan
37.31622843484589	nan
37.41417129163027	nan
37.51211414841463	nan
37.61005700519901	nan
37.70799986198338	nan
37.80594271876775	nan
37.903885575552124	nan
38.001828432336495	nan
38.099771289120866	nan
38.19771414590523	nan
38.29565700268961	nan
38.39359985947397	nan
38.49154271625835	nan
38.589485573042715	nan
38.687428429827094	nan
38.78537128661146	nan
38.883314143395836	nan
38.98125700018021	nan
39.07919985696458	nan
39.17714271374895	nan
39.27508557053333	nan
39.37302842731769	nan
39.47097128410207	nan
39.568914140886434	nan
39.66685699767081	nan
39.764799854455184	nan
39.86274271123955	nan
39.960685568023926	nan
40.05862842480829	nan
40.15657128159267	nan
40.25451413837703	nan
40.35245699516141	nan
40.450399851945775	nan
40.548342708730154	nan
40.64628556551452	nan
40.744228422298896	nan
40.84217127908326	nan
40.94011413586764	nan
41.03805699265201	nan
41.13599984943638	nan
41.23394270622075	nan
41.33188556300512	nan
41.429828419789494	nan
41.527771276573866	nan
41.62571413335824	nan
41.72365699014261	nan
41.82159984692698	nan
41.91954270371134	nan
42.01748556049572	nan
42.115428417280086	nan
42.213371274064464	nan
42.311314130848835	nan
42.409256987633206	nan
42.50719984441758	nan
42.60514270120195	nan
42.70308555798632	nan
42.80102841477069	nan
42.89897127155506	nan
42.996914128339434	nan
43.094856985123805	nan
43.192799841908176	nan
43.29074269869255	nan
43.38868555547692	nan
43.48662841226129	nan
43.58457126904566	nan
43.68251412583003	nan
43.7804569826144	nan
43.878399839398774	nan
43.976342696183146	nan
44.07428555296752	nan
44.17222840975189	nan
44.27017126653626	nan
44.36811412332063	nan
44.466056980105	nan
44.56399983688937	nan
44.661942693673744	nan
44.759885550458115	nan
44.85782840724249	nan
44.95577126402686	nan
45.053714120811236	nan
45.1516569775956	nan
45.24959983437998	nan
45.34754269116434	nan
45.44548554794872	nan
45.543428404733085	nan
45.641371261517456	nan
45.73931411830183	nan
45.8372569750862	nan
45.93519983187057	nan
46.03314268865494	nan
46.13108554543932	nan
46.22902840222368	nan
46.32697125900806	nan
46.424914115792426	nan
46.522856972576804	nan
46.62079982936117	nan
46.718742686145546	nan
46.81668554292991	nan
46.91462839971429	nan
47.01257125649865	nan
47.11051411328303	nan
47.208456970067395	nan
47.306399826851774	nan
47.404342683636145	nan
47.50228554042051	nan
47.60022839720489	nan
47.69817125398925	nan
47.79611411077363	nan
47.894056967557994	nan
47.99199982434237	nan
48.089942681126736	nan
48.187885537911114	nan
48.28582839469548	nan
48.38377125147986	nan
48.48171410826422	nan
48.5796569650486	nan
48.67759982183297	nan
48.77554267861734	nan
48.87348553540171	nan
48.971428392186084	nan
49.069371248970455	nan
49.167314105754826	nan
49.2652569625392	nan
49.36319981932357	nan
49.46114267610794	nan
49.559085532892304	nan
49.65702838967668	nan
49.75497124646105	nan
49.852914103245425	nan
49.950856960029796	nan
50.04879981681417	nan
50.14674267359854	nan
50.24468553038291	nan
50.34262838716728	nan
50.44057124395165	nan
50.53851410073602	nan
50.636456957520394	nan
50.734399814304766	nan
50.83234267108914	nan
50.93028552787351	nan
51.02822838465788	nan
51.12617124144225	nan
51.22411409822662	nan
51.32205695501099	nan
51.419999811795364	nan
51.517942668579735	nan
51.61588552536411	nan
51.71382838214848	nan
51.81177123893285	nan
51.90971409571722	nan
52.00765695250159	nan
52.10559980928596	nan
52.203542666070334	nan
52.301485522854705	nan
52.399428379639076	nan
52.497371236423454	nan
52.59531409320782	nan
52.6932569499922	nan
52.79119980677656	nan
52.88914266356094	nan
52.9870855203453	nan
53.085028377129674	nan
53.182971233914046	nan
53.28091409069842	nan
53.37885694748279	nan
53.47679980426716	nan
53.57474266105153	nan
53.6726855178359	nan
53.77062837462028	nan
53.868571231404644	nan
53.96651408818902	nan
54.06445694497339	nan
54.162399801757765	nan
54.26034265854213	nan
54.35828551532651	nan
54.45622837211087	nan
54.55417122889525	nan
54.652114085679614	nan
54.75005694246399	nan
54.847999799248356	nan
54.945942656032734	nan
55.043885512817106	nan
55.14182836960147	nan
55.23977122638585	nan
55.33771408317021	nan
55.43565693995459	nan
55.533599796738955	nan
55.63154265352333	nan
55.7294855103077	nan
55.827428367092075	nan
55.92537122387644	nan
56.02331408066082	nan
56.12125693744519	nan
56.21919979422956	nan
56.31714265101393	nan
56.4150855077983	nan
56.513028364582674	nan
56.610971221367045	nan
56.708914078151416	nan
56.80685693493579	nan
56.90479979172016	nan
57.00274264850452	nan
57.1006855052889	nan
57.198628362073265	nan
57.29657121885764	nan
57.394514075642014	nan
57.492456932426386	nan
57.59039978921076	nan
57.68834264599513	nan
57.7862855027795	nan
57.88422835956387	nan
57.98217121634824	nan
58.08011407313261	nan
58.178056929916984	nan
58.275999786701355	nan
58.37394264348573	nan
58.4718855002701	nan
58.56982835705447	nan
58.66777121383885	nan
58.76571407062321	nan
58.86365692740758	nan
58.961599784191954	nan
59.059542640976325	nan
59.157485497760696	nan
59.25542835454507	nan
59.35337121132944	nan
59.45131406811381	nan
59.54925692489818	nan
59.64719978168255	nan
59.74514263846692	nan
59.84308549525129	nan
59.94102835203567	nan
60.03897120882004	nan
60.13691406560441	nan
60.234856922388786	nan
60.33279977917316	nan
60.43074263595752	nan
60.52868549274189	nan
60.62662834952627	nan
60.724571206310635	nan
60.82251406309501	nan
60.92045691987938	nan
61.018399776663756	nan
61.11634263344812	nan
61.21428549023249	nan
61.31222834701687	nan
61.41017120380124	nan
61.508114060585605	nan
61.606056917369976	nan
61.703999774154354	nan
61.801942630938726	nan
61.89988548772309	nan
61.99782834450746	nan
62.09577120129184	nan
62.19371405807621	nan
62.291656914860575	nan
62.389599771644946	nan
62.487542628429324	nan
62.585485485213695	nan
62.68342834199806	nan
62.78137119878244	nan
62.87931405556681	nan
62.97725691235117	nan
63.075199769135544	nan
63.17314262591992	nan
63.271085482704294	nan
63.36902833948866	nan
63.46697119627303	nan
63.56491405305741	nan
63.66285690984178	nan
63.76079976662614	nan
63.85874262341053	nan
63.95668548019489	nan
64.05462833697926	nan
64.15257119376363	nan
64.250514050548	nan
64.34845690733238	nan
64.44639976411675	nan
64.54434262090112	nan
64.64228547768549	nan
64.74022833446986	nan
64.83817119125423	nan
64.93611404803859	nan
65.03405690482298	nan
65.13199976160735	nan
65.22994261839172	nan
65.32788547517609	nan
65.42582833196046	nan
65.52377118874483	nan
65.6217140455292	nan
65.71965690231357	nan
65.81759975909794	nan
65.91554261588232	nan
66.01348547266669	nan
66.11142832945106	nan
66.20937118623543	nan
66.3073140430198	nan
66.40525689980417	nan
66.50319975658854	nan
66.60114261337291	nan
66.69908547015729	nan
66.79702832694166	nan
66.89497118372603	nan
66.9929140405104	nan
67.09085689729477	nan
67.18879975407914	nan
67.28674261086351	nan
67.38468546764788	nan
67.48262832443227	nan
67.58057118121663	nan
67.678514038001	nan
67.77645689478537	nan
67.87439975156975	nan
67.97234260835411	nan
68.07028546513848	nan
68.16822832192285	nan
68.26617117870722	nan
68.3641140354916	nan
68.46205689227597	nan
68.55999974906034	nan
68.65794260584471	nan
68.75588546262908	nan
68.85382831941345	nan
68.95177117619784	nan
69.0497140329822	nan
69.14765688976657	nan
69.24559974655094	nan
69.34354260333532	nan
69.44148546011968	nan
69.53942831690405	nan
69.63737117368842	nan
69.73531403047281	nan
69.83325688725716	nan
69.93119974404154	nan
70.02914260082592	nan
70.12708545761028	nan
70.22502831439465	nan
70.32297117117902	nan
70.4209140279634	nan
70.51885688474776	nan
70.61679974153213	nan
70.7147425983165	nan
70.81268545510089	nan
70.91062831188525	nan
71.00857116866962	nan
71.10651402545399	nan
71.20445688223838	nan
71.30239973902273	nan
71.4003425958071	nan
71.49828545259149	nan
71.59622830937586	nan
71.69417116616022	nan
71.79211402294459	nan
71.89005687972897	nan
71.98799973651334	nan
72.0859425932977	nan
72.18388545008207	nan
72.28182830686646	nan
72.37977116365082	nan
72.47771402043519	nan
72.57565687721957	nan
72.67359973400394	nan
72.7715425907883	nan
72.86948544757267	nan
72.96742830435706	nan
73.06537116114143	nan
73.16331401792579	nan
73.26125687471016	nan
73.35919973149454	nan
73.45714258827891	nan
73.55508544506327	nan
73.65302830184764	nan
73.75097115863203	nan
73.8489140154164	nan
73.94685687220075	nan
74.04479972898514	nan
74.14274258576951	nan
74.24068544255387	nan
74.33862829933824	nan
74.43657115612262	nan
74.534514012907	nan
74.63245686969135	nan
74.73039972647572	nan
74.82834258326011	nan
74.92628544004448	nan
75.02422829682884	nan
75.12217115361322	nan
75.2201140103976	nan
75.31805686718197	nan
75.41599972396632	nan
75.51394258075071	nan
75.61188543753508	nan
75.70982829431945	nan
75.80777115110381	nan
75.9057140078882	nan
76.00365686467256	nan
76.10159972145692	nan
76.19954257824129	nan
76.29748543502568	nan
76.39542829181005	nan
76.4933711485944	nan
76.59131400537879	nan
76.68925686216316	nan
76.78719971894753	nan
76.88514257573189	nan
76.98308543251628	nan
77.08102828930065	nan
77.17897114608502	nan
77.27691400286938	nan
77.37485685965376	nan
77.47279971643813	nan
77.5707425732225	nan
77.66868543000687	nan
77.76662828679125	nan
77.86457114357562	nan
77.96251400035999	nan
78.06045685714436	nan
78.15839971392873	nan
78.2563425707131	nan
78.35428542749746	nan
78.45222828428184	nan
78.55017114106622	nan
78.64811399785059	nan
78.74605685463494	nan
78.84399971141933	nan
78.9419425682037	nan
79.03988542498807	nan
79.13782828177244	nan
79.23577113855681	nan
79.33371399534118	nan
79.43165685212556	nan
79.52959970890993	nan
79.6275425656943	nan
79.72548542247867	nan
79.82342827926304	nan
79.92137113604741	nan
80.01931399283178	nan
80.11725684961615	nan
80.21519970640053	nan
80.3131425631849	nan
80.41108541996927	nan
80.50902827675364	nan
80.60697113353801	nan
80.70491399032238	nan
80.80285684710675	nan
80.90079970389112	nan
80.9987425606755	nan
81.09668541745987	nan
81.19462827424424	nan
81.29257113102861	nan
81.39051398781298	nan
81.48845684459735	nan
81.58639970138172	nan
81.6843425581661	nan
81.78228541495046	nan
81.88022827173484	nan
81.97817112851921	nan
82.07611398530358	nan
82.17405684208795	nan
82.27199969887232	nan
82.36994255565669	nan
82.46788541244106	nan
82.56582826922543	nan
82.6637711260098	nan
82.76171398279419	nan
82.85965683957855	nan
82.95759969636292	nan
83.05554255314729	nan
83.15348540993168	nan
83.25142826671603	nan
83.3493711235004	nan
83.44731398028478	nan
83.54525683706915	nan
83.64319969385352	nan
83.74114255063789	nan
83.83908540742227	nan
83.93702826420663	nan
84.034971120991	nan
84.13291397777537	nan
84.23085683455976	nan
84.32879969134412	nan
84.42674254812849	nan
84.52468540491286	nan
84.62262826169724	nan
84.7205711184816	nan
84.81851397526597	nan
84.91645683205034	nan
85.01439968883473	nan
85.11234254561909	nan
85.21028540240346	nan
85.30822825918784	nan
85.4061711159722	nan
85.50411397275657	nan
85.60205682954094	nan
85.69999968632533	nan
85.79794254310968	nan
85.89588539989406	nan
85.99382825667843	nan
86.09177111346281	nan
86.18971397024717	nan
86.28765682703154	nan
86.38559968381593	nan
86.4835425406003	nan
86.58148539738465	nan
86.67942825416903	nan
86.77737111095341	nan
86.87531396773778	nan
86.97325682452214	nan
87.07119968130651	nan
87.1691425380909	nan
87.26708539487525	nan
87.36502825165962	nan
87.462971108444	nan
87.56091396522838	nan
87.65885682201274	nan
87.75679967879711	nan
87.8547425355815	nan
87.95268539236586	nan
88.05062824915022	nan
88.1485711059346	nan
88.24651396271898	nan
88.34445681950335	nan
88.4423996762877	nan
88.54034253307208	nan
88.63828538985646	nan
88.73622824664083	nan
88.83417110342519	nan
88.93211396020958	nan
89.03005681699395	nan
89.12799967377832	nan
89.22594253056268	nan
89.32388538734706	nan
89.42182824413143	nan
89.51977110091579	nan
89.61771395770016	nan
89.71565681448455	nan
89.81359967126892	nan
89.91154252805327	nan
90.00948538483765	nan
90.10742824162203	nan
90.2053710984064	nan
90.30331395519076	nan
90.40125681197514	nan
90.49919966875952	nan
90.59714252554389	nan
90.69508538232824	nan
90.79302823911263	nan
90.890971095897	nan
90.98891395268137	nan
91.08685680946573	nan
91.18479966625011	nan
91.28274252303449	nan
91.38068537981884	nan
91.47862823660323	nan
91.5765710933876	nan
91.67451395017197	nan
91.77245680695633	nan
91.87039966374071	nan
91.96834252052508	nan
92.06628537730946	nan
92.16422823409381	nan
92.2621710908782	nan
92.36011394766257	nan
92.45805680444694	nan
92.5559996612313	nan
92.65394251801568	nan
92.75188537480005	nan
92.84982823158442	nan
92.9477710883688	nan
93.04571394515317	nan
93.14365680193754	nan
93.2415996587219	nan
93.33954251550628	nan
93.43748537229065	nan
93.53542822907502	nan
93.63337108585938	nan
93.73131394264377	nan
93.82925679942814	nan
93.92719965621251	nan
94.02514251299688	nan
94.12308536978125	nan
94.22102822656562	nan
94.31897108335	nan
94.41691394013436	nan
94.51485679691874	nan
94.6127996537031	nan
94.71074251048748	nan
94.80868536727185	nan
94.90662822405622	nan
95.00457108084059	nan
95.10251393762496	9.654625196986352e+236
95.20045679440933	7.271537869851246e+30
95.2983996511937	5.780014067551776
95.39634250797808	0.0002623481362498835
95.49428536476245	0.0003524898918023817
95.59222822154682	0.0010609499200717259
95.69017107833119	0.0022204242486496438
95.78811393511556	0.0038638251519446483
95.88605679189993	0.0060496969983868144
95.9839996486843	0.00885759354339123
96.08194250546867	0.012390124387295781
96.17988536225305	0.016776534798100706
96.27782821903742	0.0221774019465393
96.37577107582179	0.028790524725251218
96.47371393260616	0.036858204323568275
96.57165678939053	0.04667618316117846
96.6695996461749	0.058604579177314035
96.76754250295927	0.07308123292469851
96.86548535974364	0.0906379824616282
96.96342821652802	0.11192050118984107
97.06137107331239	0.13771248309386636
97.15931393009676	0.16896514670056098
97.25725678688113	0.2068332645939066
97.3551996436655	0.2527192243850428
97.45314250044987	0.30832700989471296
97.55108535723424	0.37572848579176354
97.64902821401861	0.457445013766554
97.74697107080299	0.556548277975081
97.84491392758736	0.6767853294809378
97.94285678437173	0.8227343853133416
97.94285678437338	1.0
