0.0	9.156998764885429e-09
3.097225079822949	9.156998764931109e-09
6.194450159645898	1.2063675661434296e-08
9.291675239468848	1.537068414828216e-08
12.388900319291796	1.9078069473470274e-08
15.486125399114746	2.318589718725544e-08
18.583350478937696	2.7694247527624088e-08
21.680575558760644	3.260321273905108e-08
24.777800638583592	3.7912895695037987e-08
27.87502571840654	4.362340914739695e-08
30.972250798229492	4.973487529679024e-08
34.06947587805244	5.624742553701478e-08
37.166700957875385	6.316120029764272e-08
40.26392603769833	7.047634894458189e-08
43.36115111752128	7.819302971594535e-08
46.458376197344236	8.631140968011962e-08
49.555601277167185	9.483166470818303e-08
52.65282635699013	1.0375397945584087e-07
55.75005143681309	1.1307854735182461e-07
58.847276516636036	1.2280557059078245e-07
61.944501596459	1.3293526012936044e-07
65.04172667628195	1.4346783568459986e-07
68.13895175610489	1.5440352573405313e-07
71.23617683592785	1.657425675172036e-07
74.3334019157508	1.7748520703789682e-07
77.43062699557375	1.896316990675749e-07
80.5278520753967	2.0218230714916296e-07
83.62507715521964	2.1513730360149807e-07
86.7223022350426	2.2849696952421888e-07
89.81952731486555	2.4226159480305554e-07
92.9167523946885	2.5643147811547424e-07
96.01397747451145	2.7100692693664195e-07
99.11120255433441	2.859882575456843e-07
102.20842763415736	3.0137579503221685e-07
105.30565271398031	3.171698733031336e-07
108.40287779380327	3.333708350896402e-07
111.5001028736262	3.4997903195452264e-07
114.59732795344917	3.669948242996433e-07
117.69455303327211	3.844185813736587e-07
120.79177811309508	4.022506812799535e-07
123.88900319291801	4.204915109847878e-07
126.98622827274096	4.391414663256538e-07
130.08345335256394	4.5820095201983987e-07
133.18067843238688	4.776703816731998e-07
136.27790351220983	4.975501777891258e-07
139.37512859203278	5.178407717777238e-07
142.47235367185573	5.385426039651901e-07
145.5695787516787	5.59656123603389e-07
148.66680383150162	5.811817888796295e-07
151.76402891132457	6.031200669266421e-07
154.86125399114752	6.254714338327551e-07
157.95847907097047	6.482363746522681e-07
161.05570415079345	6.714153834160261e-07
164.15292923061637	6.950089631421903e-07
167.2501543104393	7.190176258472086e-07
170.3473793902623	7.434418925569836e-07
173.44460447008524	7.682822933182399e-07
176.54182954990816	7.935393672100885e-07
179.63905462973113	8.192136623557915e-07
182.73627970955408	8.45305735934724e-07
185.83350478937706	8.718161541945357e-07
188.9307298692	8.987454924635113e-07
192.02795494902293	9.260943351631297e-07
195.1251800288459	9.53863275820823e-07
198.22240510866885	9.82052917082935e-07
201.3196301884918	1.0106638707278797e-06
204.41685526831475	1.0396967576794991e-06
207.5140803481377	1.0691522080206224e-06
210.61130542796064	1.099030861006825e-06
213.70853050778362	1.1293333650803882e-06
216.80575558760657	1.1600603778844615e-06
219.9029806674295	1.191212566277424e-06
223.00020574725247	1.2227906063474495e-06
226.0974308270754	1.2547951834272723e-06
229.19465590689836	1.2872269921091563e-06
232.2918809867213	1.3200867362600665e-06
235.38910606654426	1.3533751290370422e-06
238.48633114636723	1.3870928929027758e-06
241.58355622619015	1.4212407596413937e-06
244.68078130601313	1.4558194703744407e-06
247.77800638583608	1.4908297755770703e-06
250.875231465659	1.526272435094439e-06
253.97245654548198	1.562148218158305e-06
257.06968162530495	1.5984579034038328e-06
260.1669067051279	1.6352022788866042e-06
263.26413178495085	1.6723821420998341e-06
266.36135686477377	1.7099982999917943e-06
269.45858194459674	1.7480515689834426e-06
272.55580702441966	1.7865427749862611e-06
275.65303210424264	1.8254727534203004e-06
278.7502571840656	1.8648423492324327e-06
281.84748226388854	1.9046524169148141e-06
284.9447073437115	1.9449038205235546e-06
288.0419324235345	1.9855974336975977e-06
291.1391575033574	2.0267341396778105e-06
294.23638258318033	2.0683148313262837e-06
297.3336076630033	2.110340411145841e-06
300.4308327428262	2.152811791299761e-06
303.5280578226492	2.195729893631711e-06
306.6252829024722	2.2390956496858905e-06
309.7225079822951	2.2829100007273896e-06
312.8197330621181	2.3271738977627583e-06
315.91695814194105	2.37188830156079e-06
319.014183221764	2.4170541826735192e-06
322.1114083015869	2.4626725214574324e-06
325.20863338140987	2.5087443080948944e-06
328.3058584612328	2.5552705426157896e-06
331.40308354105576	2.6022522349193787e-06
334.50030862087874	2.6496904047963725e-06
337.59753370070166	2.697586081951221e-06
340.69475878052464	2.745940306024621e-06
343.7919838603476	2.79475412661624e-06
346.88920894017053	2.8440286033076596e-06
349.98643401999345	2.8937648056855375e-06
353.08365909981643	2.9439638133649865e-06
356.18088417963935	2.9946267160131773e-06
359.2781092594623	3.0457546133731567e-06
362.3753343392853	3.097348615287891e-06
365.4725594191082	3.149409841724529e-06
368.5697844989312	3.201939422798885e-06
371.6670095787542	3.254938498800147e-06
374.7642346585771	3.308408220215808e-06
377.8614597384	3.3623497477568177e-06
380.958684818223	3.4167642523829618e-06
384.05590989804597	3.471652915328464e-06
387.1531349778689	3.5270169281278137e-06
390.25036005769186	3.58285749264182e-06
393.34758513751484	3.639175821083892e-06
396.44481021733776	3.6959731360465447e-06
399.54203529716074	3.753250670528135e-06
402.6392603769837	3.811009667959824e-06
405.7364854568066	3.869251382232769e-06
408.83371053662955	3.927977077725546e-06
411.93093561645253	3.987188029331797e-06
415.02816069627545	4.046885522488115e-06
418.1253857760984	4.10707085320216e-06
421.2226108559214	4.167745328080996e-06
424.3198359357443	4.2289102643596775e-06
427.4170610155673	4.290566989930055e-06
430.5142860953903	4.3527168433698214e-06
433.61151117521314	4.415361173971791e-06
436.7087362550361	4.4785013417734165e-06
439.8059613348591	4.5421387175865346e-06
442.903186414682	4.606274683027356e-06
446.000411494505	4.67091063054669e-06
449.09763657432796	4.736047963460404e-06
452.1948616541509	4.801688095980129e-06
455.29208673397386	4.8678324532441895e-06
458.38931181379684	4.934482471348795e-06
461.4865368936197	5.001639597379452e-06
464.5837619734427	5.06930528944263e-06
467.68098705326565	5.1374810166976605e-06
470.7782121330886	5.20616825938889e-06
473.87543721291155	5.275368508878067e-06
476.97266229273447	5.345083267676972e-06
480.0698873725575	5.415314049480306e-06
483.1671124523804	5.486062379198806e-06
486.26433753220334	5.557329792992624e-06
489.3615626120263	5.629117838304942e-06
492.45878769184924	5.701428073895837e-06
495.55601277167216	5.7742620698764016e-06
498.6532378514952	5.847621407743104e-06
501.7504629313181	5.921507680412405e-06
504.84768801114103	5.9959224922556256e-06
507.94491309096406	6.0708674591340645e-06
511.042138170787	6.146344208434368e-06
514.1393632506099	6.222354379104153e-06
517.2365883304329	6.298899621687891e-06
520.3338134102559	6.375981598363035e-06
523.4310384900788	6.453601982976412e-06
526.5282635699018	6.531762461080872e-06
529.6254886497246	6.610464729972185e-06
532.7227137295475	6.689710498726211e-06
535.8199388093706	6.769501488236313e-06
538.9171638891935	6.849839431251047e-06
542.0143889690164	6.930726072412095e-06
545.1116140488394	7.0121631682924785e-06
548.2088391286624	7.094152487435018e-06
551.3060642084854	7.176695810391066e-06
554.4032892883083	7.2597949297595015e-06
557.5005143681312	7.343451650225989e-06
560.5977394479543	7.427667788602505e-06
563.6949645277772	7.512445173867132e-06
566.7921896076001	7.597785647204117e-06
569.8894146874231	7.683691062044202e-06
572.9866397672461	7.770163284105226e-06
576.083864847069	7.857204191432991e-06
579.181089926892	7.944815674442407e-06
582.2783150067149	8.032999635958904e-06
585.3755400865377	8.121757991260125e-06
588.4727651663608	8.21109266811788e-06
591.5699902461837	8.301005606840388e-06
594.6672153260066	8.391498760314795e-06
597.7644404058296	8.482574094049959e-06
600.8616654856526	8.57423358621952e-06
603.9588905654755	8.66647922770525e-06
607.0561156452985	8.759313022140686e-06
610.1533407251214	8.852736985955032e-06
613.2505658049444	8.946753148417359e-06
616.3477908847674	9.041363551681076e-06
619.4450159645902	9.136570250828691e-06
622.5422410444131	9.232375313916858e-06
625.639466124236	9.328780822021702e-06
628.7366912040588	9.425788869284448e-06
631.8339162838818	9.523401562957316e-06
634.9311413637047	9.621621023449728e-06
638.0283664435275	9.720449384374786e-06
641.1255915233504	9.819888792596057e-06
644.2228166031733	9.91994140827464e-06
647.3200416829961	1.0020609404916528e-05
650.417266762819	1.0121894969420274e-05
653.514491842642	1.0223800302124941e-05
656.6117169224649	1.0326327616858354e-05
659.7089420022877	1.0429479140985649e-05
662.8061670821106	1.0533257115458121e-05
665.9033921619335	1.0637663794862377e-05
669.0006172417563	1.0742701447469783e-05
672.0978423215793	1.0848372355286216e-05
675.1950674014022	1.0954678814102119e-05
678.292292481225	1.1061623133542866e-05
681.3895175610479	1.1169207637119423e-05
684.4867426408708	1.1277434662279328e-05
687.5839677206936	1.1386306560457967e-05
690.6811928005166	1.1495825697130167e-05
693.7784178803395	1.1605994451862096e-05
696.8756429601623	1.1716815218363481e-05
699.9728680399852	1.1828290404540128e-05
703.0700931198081	1.1940422432546763e-05
706.167318199631	1.2053213738840195e-05
709.2645432794538	1.2166666774232773e-05
712.3617683592768	1.228078400394619e-05
715.4589934390997	1.2395567907665583e-05
718.5562185189225	1.2511020979593965e-05
721.6534435987454	1.2627145728506974e-05
724.7506686785682	1.2743944677807943e-05
727.8478937583911	1.2861420365583303e-05
730.9451188382141	1.2979575344658296e-05
734.0423439180369	1.3098412182653029e-05
737.1395689978598	1.321793346203885e-05
740.2367940776826	1.3338141780195052e-05
743.3340191575055	1.3459039749465903e-05
746.4312442373284	1.358062999721802e-05
749.5284693171512	1.3702915165898067e-05
752.6256943969742	1.3825897913090786e-05
755.7229194767971	1.3949580911577367e-05
758.8201445566199	1.4073966849394158e-05
761.9173696364428	1.4199058429891705e-05
765.0145947162657	1.432485837179414e-05
768.1118197960885	1.4451369409258905e-05
771.2090448759114	1.4578594291936817e-05
774.3062699557344	1.4706535785032481e-05
777.4034950355572	1.4835196669365048e-05
780.5007201153801	1.4964579741429316e-05
783.597945195203	1.5094687813457182e-05
786.6951702750258	1.5225523713479438e-05
789.7923953548487	1.5357090285387926e-05
792.8896204346717	1.548939038899804e-05
795.9868455144946	1.5622426900111578e-05
799.0840705943174	1.5756202710579963e-05
802.1812956741403	1.58907207283678e-05
805.2785207539632	1.6025983877616805e-05
808.375745833786	1.6161995098710094e-05
811.472970913609	1.6298757348336827e-05
814.5701959934319	1.643627359955721e-05
817.6674210732547	1.657454684186788e-05
820.7646461530776	1.6713580081267628e-05
823.8618712329005	1.6853376340323515e-05
826.9590963127233	1.6993938658237334e-05
830.0563213925462	1.713527009091246e-05
833.1535464723692	1.7277373711021067e-05
836.250771552192	1.7420252608071704e-05
839.3479966320149	1.756390988847726e-05
842.4452217118378	1.7708348675623314e-05
845.5424467916607	1.785357210993683e-05
848.6396718714835	1.7999583348955267e-05
851.7368969513064	1.814638556739604e-05
854.8341220311294	1.8293981957226397e-05
857.9313471109522	1.8442375727733642e-05
861.0285721907751	1.8591570105595774e-05
864.125797270598	1.8741568334952497e-05
867.2230223504208	1.889237367747662e-05
870.3202474302437	1.9043989412445864e-05
873.4174725100667	1.9196418836815034e-05
876.5146975898895	1.9349665265288605e-05
879.6119226697124	1.9503732030393702e-05
882.7091477495353	1.9658622482553466e-05
885.8063728293581	1.981433999016083e-05
888.903597909181	1.9970887939652686e-05
892.000822989004	2.0128269735584476e-05
895.0980480688269	2.028648880070515e-05
898.1952731486497	2.044554857603257e-05
901.2924982284726	2.060545252092928e-05
904.3897233082955	2.076620411317874e-05
907.4869483881183	2.0927806849061902e-05
910.5841734679412	2.109026424343427e-05
913.6813985477642	2.1253579829803313e-05
916.778623627587	2.1417757160406342e-05
919.8758487074099	2.158279980628877e-05
922.9730737872328	2.1748711357382815e-05
926.0702988670556	2.191549542258662e-05
929.1675239468785	2.208315562984379e-05
932.2647490267015	2.2251695626223346e-05
935.3619741065244	2.2421119078000143e-05
938.4591991863472	2.2591429670735675e-05
941.5564242661701	2.2762631109359336e-05
944.653649345993	2.29347271182501e-05
947.7508744258158	2.310772144131865e-05
950.8480995056387	2.328161784208994e-05
953.9453245854615	2.3456420103786184e-05
957.0425496652845	2.3632132029410293e-05
960.1397747451074	2.3808757441829764e-05
963.2369998249303	2.3986300183861e-05
966.3342249047532	2.416476411835409e-05
969.4314499845761	2.434415312827801e-05
972.5286750643988	2.4524471116806317e-05
975.6259001442218	2.4705722007403254e-05
978.7231252240447	2.4887909743910342e-05
981.8203503038676	2.50710382906334e-05
984.9175753836905	2.5255111632430054e-05
988.0148004635134	2.5440133774797667e-05
991.1120255433361	2.5626108743961784e-05
994.209250623159	2.581304058696499e-05
997.306475702982	2.6000933371756266e-05
1000.4037007828049	2.61897911872808e-05
1003.5009258626277	2.6379618143570285e-05
1006.5981509424506	2.6570418371833662e-05
1009.6953760222735	2.6762196024548375e-05
1012.7926011020963	2.695495527555206e-05
1015.8898261819191	2.7148700320134764e-05
1018.9870512617421	2.7343435375131592e-05
1022.084276341565	2.753916467901588e-05
1025.181501421388	2.773589249199283e-05
1028.278726501211	2.793362309609365e-05
1031.3759515810336	2.813236079527017e-05
1034.4731766608566	2.8332109915489947e-05
1037.5704017406795	2.853287480483189e-05
1040.6676268205024	2.873465983358235e-05
1043.7648519003253	2.8937469394331744e-05
1046.8620769801482	2.9141307902071634e-05
1049.959302059971	2.9346179794292366e-05
1053.0565271397938	2.955208953108116e-05
1056.1537522196168	2.9759041595220755e-05
1059.2509772994397	2.996704049228853e-05
1062.3482023792626	3.017609075075616e-05
1065.4454274590855	3.0386196922089776e-05
1068.5426525389084	3.0597363580850646e-05
1071.6398776187311	3.080959532479637e-05
1074.737102698554	3.102289677498263e-05
1077.834327778377	3.1237272575865395e-05
1080.9315528582	3.1452727395403726e-05
1084.0287779380228	3.1669265925163086e-05
1087.1260030178457	3.188689288041916e-05
1090.2232280976684	3.2105613000262216e-05
1093.3204531774913	3.2325431047702055e-05
1096.4176782573143	3.254635180977342e-05
1099.5149033371372	3.276838009764201e-05
1102.61212841696	3.299152074671099e-05
1105.709353496783	3.321577861672809e-05
1108.806578576606	3.344115859189325e-05
1111.9038036564286	3.366766558096677e-05
1115.0010287362516	3.389530451737807e-05
1118.0982538160745	3.4124080359334964e-05
1121.1954788958974	3.4353998089933545e-05
1124.2927039757203	3.458506271726857e-05
1127.389929055543	3.4817279274544465e-05
1130.487154135366	3.505065282018686e-05
1133.5843792151888	3.528518843795472e-05
1136.6816042950118	3.5520891237053015e-05
1139.7788293748345	3.5757766352246016e-05
1142.8760544546574	3.599581894397111e-05
1145.9732795344803	3.623505419845326e-05
1149.0705046143032	3.647547732781999e-05
1152.1677296941261	3.6717093570216985e-05
1155.2649547739488	3.695990818992428e-05
1158.3621798537717	3.720392647747305e-05
1161.4594049335947	3.7449153749762955e-05
1164.5566300134176	3.769559535018013e-05
1167.6538550932405	3.794325664871574e-05
1170.7510801730632	3.819214304208517e-05
1173.8483052528861	3.844225995384779e-05
1176.945530332709	3.869361283452734e-05
1180.042755412532	3.894620716173293e-05
1183.1399804923549	3.920004844028066e-05
1186.2372055721778	3.9455142202315855e-05
1189.3344306520005	3.971149400743588e-05
1192.4316557318234	3.996910944281367e-05
1195.5288808116463	4.022799412332176e-05
1198.6261058914693	4.048815369165709e-05
1201.7233309712922	4.0749593818466295e-05
1204.820556051115	4.1012320202471756e-05
1207.917781130938	4.127633857059819e-05
1211.0150062107607	4.154165467809995e-05
1214.1122312905836	4.180827430868894e-05
1217.2094563704065	4.207620327466318e-05
1220.3066814502295	4.234544741703602e-05
1223.4039065300524	4.261601260566599e-05
1226.5011316098753	4.288790473938736e-05
1229.598356689698	4.3161129746141317e-05
1232.695581769521	4.343569358310779e-05
1235.7928068493438	4.371160223683798e-05
1238.8900319291668	4.398886172338756e-05
1241.9872570089897	4.4267478088450476e-05
1245.0844820888126	4.454745740749354e-05
1248.1817071686355	4.48288057858916e-05
1251.2789322484584	4.511152935906345e-05
1254.3761573282814	4.539563429260838e-05
1257.4733824081043	4.5681126782443476e-05
1260.5706074879272	4.5968013054941545e-05
1263.6678325677499	4.625629936706978e-05
1266.7650576475728	4.654599200652912e-05
1269.8622827273957	4.683709729189428e-05
1272.9595078072186	4.712962157275451e-05
1276.0567328870416	4.742357122985508e-05
1279.1539579668645	4.771895267523943e-05
1282.2511830466872	4.8015772352392085e-05
1285.34840812651	4.831403673638225e-05
1288.445633206333	4.8613752334008165e-05
1291.542858286156	4.891492568394212e-05
1294.6400833659789	4.921756335687629e-05
1297.7373084458018	4.952167195566924e-05
1300.8345335256247	4.982725811549316e-05
1303.9317586054474	5.01343285039819e-05
1307.0289836852703	5.044288982137969e-05
1310.1262087650932	5.075294880069061e-05
1313.2234338449161	5.106451220782887e-05
1316.320658924739	5.137758684176977e-05
1319.417884004562	5.169217953470147e-05
1322.5151090843847	5.200829715217748e-05
1325.6123341642076	5.232594659326996e-05
1328.7095592440305	5.264513479072375e-05
1331.8067843238534	5.29658687111112e-05
1334.9040094036764	5.3288155354987774e-05
1338.0012344834993	5.361200175704839e-05
1341.098459563322	5.3937414986284637e-05
1344.195684643145	5.426440214614267e-05
1347.2929097229678	5.459297037468198e-05
1350.3901348027907	5.492312684473492e-05
1353.4873598826136	5.5254878764067064e-05
1356.5845849624366	5.5588233375538306e-05
1359.6818100422595	5.592319795726483e-05
1362.7790351220822	5.625977982278188e-05
1365.876260201905	5.6597986321207305e-05
1368.973485281728	5.693782483740597e-05
1372.070710361551	5.727930279215498e-05
1375.1679354413739	5.7622427642309705e-05
1378.2651605211968	5.7967206880970657e-05
1381.3623856010195	5.8313648037651226e-05
1384.4596106808424	5.86617586784462e-05
1387.5568357606653	5.9011546406201163e-05
1390.6540608404882	5.9363018860682765e-05
1393.7512859203111	5.971618371874979e-05
1396.848511000134	6.007104869452512e-05
1399.945736079957	6.0427621539568534e-05
1403.0429611597797	6.078591004305039e-05
1406.1401862396026	6.114592203192619e-05
1409.2374113194255	6.150766537111196e-05
1412.3346363992484	6.187114796366059e-05
1415.4318614790714	6.223637775093897e-05
1418.5290865588943	6.26033627128061e-05
1421.626311638717	6.2972110867792e-05
1424.72353671854	6.33426302732776e-05
1427.8207617983628	6.371492902567546e-05
1430.9179868781857	6.408901526061146e-05
1434.0152119580086	6.446489715310732e-05
1437.1124370378316	6.484258291776412e-05
1440.2096621176545	6.522208080894667e-05
1443.3068871974772	6.560339912096882e-05
1446.4041122773	6.598654618827972e-05
1449.501337357123	6.6371530385651e-05
1452.598562436946	6.675836012836486e-05
1455.6957875167689	6.714704387240315e-05
1458.7930125965918	6.753759011463732e-05
1461.8902376764145	6.793000739301942e-05
1464.9874627562374	6.832430428677396e-05
1468.0846878360603	6.872048941659084e-05
1471.1819129158832	6.911857144481906e-05
1474.2791379957062	6.951855907566164e-05
1477.376363075529	6.99204610553713e-05
1480.4735881553518	7.032428617244726e-05
1483.5708132351747	7.073004325783294e-05
1486.6680383149976	7.113774118511471e-05
1489.7652633948205	7.15473888707216e-05
1492.8624884746434	7.195899527412599e-05
1495.9597135544664	7.237256939804535e-05
1499.0569386342893	7.278812028864497e-05
1502.154163714112	7.320565703574168e-05
1505.251388793935	7.362518877300863e-05
1508.3486138737578	7.404672467818107e-05
1511.4458389535807	7.447027397326317e-05
1514.5430640334037	7.489584592473584e-05
1517.6402891132266	7.532344984376564e-05
1520.7375141930493	7.575309508641473e-05
1523.8347392728722	7.618479105385179e-05
1526.931964352695	7.661854719256415e-05
1530.029189432518	7.70543729945708e-05
1533.126414512341	7.749227799763663e-05
1536.2236395921639	7.79322717854876e-05
1539.3208646719868	7.837436398802713e-05
1542.4180897518095	7.881856428155341e-05
1545.5153148316324	7.926488238897797e-05
1548.6125399114553	7.971332808004519e-05
1551.7097649912782	8.0163911171553e-05
1554.8069900711012	8.06166415275747e-05
1557.904215150924	8.10715290596818e-05
1561.0014402307468	8.152858372716805e-05
1564.0986653105697	8.198781553727457e-05
1567.1958903903926	8.244923454541611e-05
1570.2931154702155	8.291285085540845e-05
1573.3903405500384	8.337867461969688e-05
1576.4875656298614	8.384671603958595e-05
1579.584790709684	8.431698536547023e-05
1582.682015789507	8.478949289706633e-05
1585.77924086933	8.526424898364603e-05
1588.8764659491528	8.574126402427055e-05
1591.9736910289757	8.622054846802612e-05
1595.0709161087987	8.670211281426059e-05
1598.1681411886216	8.718596761282127e-05
1601.2653662684443	8.767212346429402e-05
1604.3625913482672	8.816059102024344e-05
1607.45981642809	8.865138098345437e-05
1610.557041507913	8.91445041081745e-05
1613.654266587736	8.963997120035828e-05
1616.7514916675589	9.0137793117912e-05
1619.8487167473816	9.06379807709401e-05
1622.9459418272045	9.114054512199276e-05
1626.0431669070274	9.164549718631471e-05
1629.1403919868503	9.215284803209525e-05
1632.2376170666732	9.266260878071959e-05
1635.3348421464962	9.31747906070214e-05
1638.432067226319	9.368940473953666e-05
1641.5292923061418	9.420646246075875e-05
1644.6265173859647	9.472597510739487e-05
1647.7237424657876	9.52479540706237e-05
1650.8209675456105	9.577241079635438e-05
1653.9181926254332	9.62993567854868e-05
1657.0154177052561	9.682880359417317e-05
1660.112642785079	9.736076283408091e-05
1663.209867864902	9.789524617265691e-05
1666.307092944725	9.843226533339299e-05
1669.4043180245476	9.897183209609287e-05
1672.5015431043705	9.951395829714038e-05
1675.5987681841934	0.00010005865582976896
1678.6959932640164	0.00010060593664433271
1681.793218343839	0.00010115581274857855
1684.890443423662	0.00010170829620792
1687.9876685034849	0.00010226339914571215
1691.0848935833078	0.00010282113374352809
1694.1821186631307	0.00010338151224143675
1697.2793437429536	0.00010394454693828206
1700.3765688227763	0.00010451025019196368
1703.4737939025993	0.00010507863441971889
1706.5710189824222	0.00010564971209840617
1709.668244062245	0.00010622349576478998
1712.765469142068	0.00010679999801582717
1715.862694221891	0.00010737923150895467
1718.9599193017136	0.00010796120896237875
1722.0571443815365	0.00010854594315536565
1725.1543694613595	0.00010913344692853376
1728.2515945411824	0.00010972373318414718
1731.3488196210053	0.00011031681488641085
1734.4460447008282	0.00011091270506176713
1737.5432697806511	0.00011151141679919387
1740.6404948604738	0.00011211296325050396
1743.7377199402968	0.00011271735763064649
1746.8349450201197	0.0001133246132180093
1749.9321700999426	0.00011393474335472318
1753.0293951797655	0.00011454776144696752
1756.1266202595884	0.00011516368096527754
1759.2238453394111	0.00011578251544485308
1762.321070419234	0.00011640427848586895
1765.418295499057	0.0001170289837537868
1768.51552057888	0.00011765664497966865
1771.6127456587028	0.00011828727596049194
1774.7099707385257	0.00011892089055946622
1777.8071958183486	0.00011955750270635141
1780.9044208981713	0.00012019712639777766
1784.0016459779943	0.00012083977569756693
1787.0988710578172	0.000121485464737056
1790.19609613764	0.00012213420771542137
1793.293321217463	0.00012278601890000558
1796.390546297286	0.00012344091262664531
1799.4877713771086	0.00012409890330000115
1802.5849964569315	0.00012476000539388894
1805.6822215367545	0.0001254242334516129
1808.7794466165774	0.00012609160208630038
1811.8766716964003	0.0001267621259812384
1814.9738967762232	0.00012743581989021173
1818.071121856046	0.00012811269863784289
1821.1683469358688	0.00012879277711993372
1824.2655720156918	0.00012947607030380876
1827.3627970955147	0.00013016259322866036
1830.4600221753376	0.00013085236100589555
1833.5572472551605	0.00013154538881948464
1836.6544723349834	0.0001322416919263117
1839.7516974148061	0.0001329412856565266
1842.848922494629	0.00013364418541389912
1845.946147574452	0.00013435040667617466
1849.043372654275	0.00013505996499543182
1852.1405977340978	0.0001357728759984419
1855.2378228139207	0.00013648915538703
1858.3350478937434	0.00013720881893843827
1861.4322729735663	0.0001379318825056906
1864.5294980533893	0.00013865836201795972
1867.6267231332122	0.0001393882734809356
1870.723948213035	0.00014012163297719613
1873.821173292858	0.00014085845666657952
1876.918398372681	0.0001415987607865587
1880.0156234525036	0.0001423425616526174
1883.1128485323266	0.00014308987565862853
1886.2100736121495	0.00014384071927723413
1889.3072986919724	0.0001445951090602275
1892.4045237717953	0.00014535306163893718
1895.5017488516182	0.00014611459372461283
1898.598973931441	0.0001468797221088133
1901.6961990112638	0.00014764846366379646
1904.7934240910868	0.00014842083534291118
1907.8906491709095	0.00014919685418099117
1910.9878742507326	0.00014997653729475102
1914.0850993305553	0.0001507599018831841
1917.1823244103784	0.00015154696522796262
1920.2795494902011	0.0001523377446938396
1923.3767745700243	0.00015313225772905316
1926.473999649847	0.0001539305218657325
1929.5712247296697	0.0001547325547203064
1932.6684498094928	0.00015553837399391346
1935.7656748893155	0.0001563479974728146
1938.8628999691387	0.00015716144302880769
1941.9601250489613	0.0001579787286196443
1945.0573501287845	0.00015879987228944854
1948.1545752086072	0.00015962489216913808
1951.2518002884299	0.0001604538064768474
1954.349025368253	0.00016128663351835313
1957.4462504480757	0.00016212339168750163
1960.5434755278989	0.00016296409946663868
1963.6407006077216	0.00016380877542704158
1966.7379256875447	0.00016465743822935327
1969.8351507673674	0.00016551010662401878
1972.93237584719	0.000166366799451724
1976.0296009270132	0.0001672275356438365
1979.126826006836	0.00016809233422284892
1982.224051086659	0.00016896121430282432
1985.3212761664818	0.00016983419508984413
1988.4185012463045	0.00017071129588245822
1991.5157263261276	0.00017159253607213742
1994.6129514059503	0.00017247793514372825
1997.7101764857734	0.0001733675126759101
2000.8074015655961	0.00017426128834165472
2003.9046266454193	0.00017515928190868816
2007.001851725242	0.00017606151323995505
2010.0990768050647	0.0001769680022940852
2013.1963018848878	0.00017787876912586287
2016.2935269647105	0.00017879383388669814
2019.3907520445337	0.00017971321682510102
2022.4879771243563	0.0001806369382871578
2025.5852022041795	0.00018156501871701
2028.6824272840022	0.00018249747865733582
2031.7796523638249	0.000183434338749834
2034.876877443648	0.00018437561973571015
2037.9741025234707	0.00018532134245616587
2041.0713276032939	0.00018627152785289007
2044.1685526831166	0.0001872261969685531
2047.2657777629393	0.0001881853709473033
2050.3630028427624	0.00018914907103526632
2053.460227922585	0.00019011731858104675
2056.5574530024082	0.00019109013503623265
2059.654678082231	0.00019206754195590252
2062.751903162054	0.00019304956099913502
2065.8491282418768	0.0001940362139295213
2068.9463533216995	0.00019502752261568008
2072.0435784015226	0.00019602350903177515
2075.1408034813453	0.00019702419525803605
2078.2380285611684	0.00019802960348128096
2081.335253640991	0.00019903975599544276
2084.4324787208143	0.00020005467520209743
2087.529703800637	0.00020107438361099562
2090.6269288804597	0.0002020989038405967
2093.724153960283	0.00020312825861860565
2096.8213790401055	0.00020416247078251305
2099.9186041199287	0.00020520156328013742
2103.0158291997514	0.0002062455591701708
2106.1130542795745	0.00020729448162272704
2109.210279359397	0.00020834835391989292
2112.30750443922	0.00020940719945628227
2115.404729519043	0.00021047104173959293
2118.5019545988657	0.00021153990439116662
2121.599179678689	0.00021261381114655187
2124.6964047585116	0.00021369278585606975
2127.7936298383343	0.0002147768524853827
2130.8908549181574	0.0002158660351160663
2133.98807999798	0.00021696035794618404
2137.0853050778032	0.00021805984529086513
2140.182530157626	0.00021916452158288543
2143.279755237449	0.0002202744113732513
2146.376980317272	0.00022138953933178665
2149.4742053970945	0.000222509930247723
2152.5714304769176	0.00022363560903029275
2155.6686555567403	0.0002247666007093255
2158.7658806365635	0.00022590293043584764
2161.863105716386	0.00022704462348268484
2164.9603307962093	0.0002281917052450681
2168.057555876032	0.00022934420124124278
2171.1547809558547	0.0002305021371130808
2174.252006035678	0.00023166553862669624
2177.3492311155005	0.00023283443167306422
2180.4464561953237	0.0002340088422686429
2183.5436812751464	0.0002351887965559988
2186.640906354969	0.00023637432080443572
2189.738131434792	0.0002375654414106265
2192.835356514615	0.00023876218489924866
2195.932581594438	0.00023996457792362306
2199.0298066742607	0.0002411726472663561
2202.127031754084	0.00024238641983998532
2205.2242568339066	0.0002436059226876284
2208.3214819137293	0.0002448311829836357
2211.4187069935524	0.00024606222803424623
2214.515932073375	0.00024729908527824695
2217.6131571531982	0.000248541782287636
2220.710382233021	0.00024979034676828906
2223.807607312844	0.00025104480656062945
2226.904832392667	0.0002523051896403018
2230.0020574724895	0.00025357152411884936
2233.0992825523126	0.0002548438382443947
2236.1965076321353	0.00025612216040232457
2239.2937327119585	0.0002574065191159776
2242.390957791781	0.00025869694304733666
2245.488182871604	0.0002599934609977242
2248.585407951427	0.00026129610190850144
2251.6826330312497	0.0002626048948617718
2254.779858111073	0.00026391986908108747
2257.8770831908955	0.00026524105393216
2260.9743082707187	0.0002665684789235749
2264.0715333505414	0.00026790217370750995
2267.168758430364	0.00026924216808045715
2270.265983510187	0.000270588491983949
2273.36320859001	0.0002719411755052884
2276.460433669833	0.0002733002488782824
2279.5576587496557	0.0002746657424839801
2282.654883829479	0.00027603768685141464
2285.7521089093016	0.0002774161126583488
2288.8493339891243	0.0002788010507320249
2291.9465590689474	0.00028019253204991884
2295.04378414877	0.00028159058774049795
2298.1410092285932	0.00028299524908398306
2301.238234308416	0.0002844065475131148
2304.335459388239	0.0002858245146139238
2307.432684468062	0.00028724918212650545
2310.5299095478845	0.00028868058194579844
2313.6271346277076	0.0002901187461223677
2316.7243597075303	0.0002915637068631916
2319.8215847873535	0.0002930154965324537
2322.918809867176	0.00029447414765233803
2326.016034946999	0.0002959396929038296
2329.113260026822	0.0002974121651275186
2332.2104851066447	0.0002988915973244094
2335.307710186468	0.0003003780226567337
2338.4049352662905	0.00030187147444876814
2341.5021603461137	0.00030337198618765653
2344.5993854259364	0.00030487959152423636
2347.696610505759	0.00030639432427387005
2350.793835585582	0.00030791621841728045
2353.891060665405	0.0003094453081013911
2356.988285745228	0.0003109816276401712
2360.0855108250507	0.0003125252115154849
2363.182735904874	0.00031407609437794534
2366.2799609846966	0.0003156343110477736
2369.3771860645193	0.0003171998965156621
2372.4744111443424	0.0003187728859436427
2375.571636224165	0.0003203533146659599
2378.6688613039883	0.00032194121818994844
2381.766086383811	0.00032353663219691594
2384.8633114636336	0.0003251395925430303
2387.960536543457	0.00032675013526021227
2391.0577616232795	0.00032836829655703235
2394.1549867031026	0.00032999411281961315
2397.2522117829253	0.00033162762061253654
2400.3494368627485	0.0003332688566797559
2403.446661942571	0.0003349178579455131
2406.543887022394	0.0003365746615152609
2409.641112102217	0.00033823930467659027
2412.7383371820397	0.00033991182490016297
2415.835562261863	0.000341592259840649
2418.9327873416855	0.0003432806473376696
2422.0300124215087	0.0003449770254167452
2425.1272375013314	0.0003466814322902488
2428.224462581154	0.0003483939063583645
2431.321687660977	0.0003501144862100516
2434.4189127408	0.0003518432106240135
2437.516137820623	0.00035358011856967284
2440.6133629004457	0.00035532524920815105
2443.710587980269	0.0003570786418932544
2446.8078130600916	0.0003588403361724647
2449.9050381399143	0.0003606103717879358
2453.0022632197374	0.00036238878867749603
2456.09948829956	0.00036417562697565553
2459.196713379383	0.0003659709270146197
2462.293938459206	0.00036777472932530823
2465.3911635390286	0.0003695870746383797
2468.488388618852	0.000371408003885262
2471.5856136986745	0.00037323755819918854
2474.682838778497	0.00037507577891624015
2477.7800638583203	0.000376922707576393
2480.877288938143	0.0003787783859245722
2483.9745140179657	0.0003806428559117115
2487.071739097789	0.00038251615969581875
2490.1689641776115	0.00038439833964304756
2493.2661892574347	0.00038628943832877475
2496.3634143372574	0.0003881894985386842
2499.46063941708	0.00039009856326985623
2502.557864496903	0.000392016675731864
2505.655089576726	0.00039394387934787507
2508.752314656549	0.0003958802177557601
2511.8495397363718	0.00039782573480920706
2514.9467648161944	0.0003997804745788424
2518.0439898960176	0.00040174448135335794
2521.1412149758403	0.0004037177996406446
2524.238440055663	0.00040570047416893247
2527.335665135486	0.000407692549887937
2530.432890215309	0.0004096940719700123
2533.530115295132	0.0004117050858113102
2536.6273403749547	0.0004137256370329468
2539.724565454778	0.00041575577148217477
2542.8217905346005	0.0004177955352335631
2545.919015614423	0.0004198449745901828
2549.0162406942463	0.0004219041360848002
2552.113465774069	0.0004239730664810761
2555.210690853892	0.0004260518127747727
2558.307915933715	0.00042814042219496684
2561.405141013538	0.0004302389422052701
2564.5023660933607	0.0004323474205050565
2567.5995911731834	0.00043446590503069636
2570.6968162530065	0.0004365944439567981
2573.7940413328292	0.00043873308569745636
2576.8912664126524	0.000440881878907508
2579.988491492475	0.00044304087248379464
2583.085716572298	0.000445210115566433
2586.182941652121	0.0004473896575400922
2589.2801667319436	0.0004495795480352786
2592.3773918117668	0.00045177983692962773
2595.4746168915894	0.0004539905743492042
2598.5718419714126	0.00045621181066980856
2601.6690670512353	0.00045844359651829196
2604.766292131058	0.0004606859827738784
2607.863517210881	0.00046293902056949467
2610.960742290704	0.0004652027612931076
2614.057967370527	0.00046747725658906976
2617.1551924503497	0.0004697625583594721
2620.252417530173	0.00047205871876550515
2623.3496426099955	0.00047436579022882777
2626.446867689818	0.00047668382543294383
2629.5440927696413	0.00047901287732458696
2632.641317849464	0.00048135299911511345
2635.738542929287	0.000483704244281903
2638.83576800911	0.00048606666656976787
2641.932993088933	0.0004884403199923702
2645.0302181687557	0.0004908252588336474
2648.1274432485784	0.000493221537649246
2651.2246683284015	0.0004956292112679642
2654.3218934082242	0.0004980483347932019
2657.4191184880474	0.0005004789636044205
2660.51634356787	0.0005029211533586101
2663.613568647693	0.0005053749599917662
2666.710793727516	0.0005078404397203741
2669.8080188073386	0.0005103176490429032
2672.9052438871618	0.0005128066447413089
2676.0024689669845	0.0005153074838825441
2679.0996940468076	0.0005178202238200792
2682.1969191266303	0.0005203449221954315
2685.294144206453	0.000522881636939703
2688.391369286276	0.0005254304262751277
2691.488594366099	0.000527991348716628
2694.585819445922	0.00053056446307338
2697.6830445257447	0.0005331498284503884
2700.780269605568	0.0005357475042500707
2703.8774946853905	0.0005383575501738502
2706.974719765213	0.0005409800262237596
2710.0719448450363	0.000543614992704053
2713.169169924859	0.0005462625102228275
2716.266395004682	0.0005489226396936556
2719.363620084505	0.000551595442337226
2722.460845164328	0.0005542809796829951
2725.5580702441507	0.0005569793135708473
2728.6552953239734	0.0005596905061527666
2731.7525204037966	0.0005624146198945165
2734.8497454836192	0.0005651517175773317
2737.9469705634424	0.0005679018622996186
2741.044195643265	0.0005706651174786665
2744.141420723088	0.0005734415468523688
2747.238645802911	0.0005762312144809548
2750.3358708827336	0.0005790341847487319
2753.4330959625568	0.0005818505223658378
2756.5303210423795	0.0005846802923700039
2759.6275461222026	0.0005875235601283285
2762.7247712020253	0.0005903803913390617
2765.821996281848	0.0005932508520333997
2768.919221361671	0.0005961350085772914
2772.016446441494	0.0005990329276732546
2775.113671521317	0.0006019446763622045
2778.2108966011397	0.0006048703220252916
2781.308121680963	0.0006078099323857521
2784.4053467607855	0.0006107635755107691
2787.502571840608	0.0006137313198133448
2790.5997969204313	0.0006167132340541843
2793.697022000254	0.0006197093873435908
2796.794247080077	0.0006227198491433721
2799.8914721599	0.0006257446892687596
2802.9886972397226	0.0006287839778903374
2806.0859223195457	0.0006318377855359847
2809.1831473993684	0.0006349061830928287
2812.2803724791916	0.000637989241809211
2815.3775975590142	0.0006410870332966643
2818.4748226388374	0.0006441996295319024
2821.57204771866	0.000647327102858822
2824.669272798483	0.0006504695259905165
2827.766497878306	0.0006536269720113026
2830.8637229581286	0.0006567995143787591
2833.9609480379518	0.0006599872269257781
2837.0581731177745	0.0006631901838626291
2840.1553981975976	0.0006664084597790358
2843.2526232774203	0.0006696421296462649
2846.349848357243	0.0006728912688192294
2849.447073437066	0.000676155953038603
2852.544298516889	0.0006794362584329493
2855.641523596712	0.0006827322615208625
2858.7387486765347	0.0006860440392131228
2861.8359737563574	0.0006893716688148642
2864.9331988361805	0.0006927152280277563
2868.030423916003	0.0006960747949521991
2871.1276489958263	0.000699450448089532
2874.224874075649	0.0007028422663442561
2877.322099155472	0.0007062503290262706
2880.419324235295	0.0007096747158531231
2883.5165493151176	0.0007131155069522736
2886.6137743949407	0.000716572782863373
2889.7109994747634	0.000720046624540556
2892.8082245545866	0.0007235371133547475
2895.9054496344093	0.0007270443310959843
2899.0026747142324	0.0007305683599757514
2902.099899794055	0.0007341092826293317
2905.197124873878	0.0007376671821181719
2908.294349953701	0.000741242141932263
2911.3915750335236	0.0007448342459925345
2914.4888001133468	0.0007484435786532656
2917.5860251931695	0.0007520702247045101
2920.6832502729926	0.000755714269374537
2923.7804753528153	0.0007593757983322871
2926.877700432638	0.0007630548976898442
2929.974925512461	0.0007667516540049227
2933.072150592284	0.0007704661542833703
2936.169375672107	0.0007741984859816871
2939.2666007519297	0.0007779487370095605
2942.3638258317524	0.0007817169957324158
2945.4610509115755	0.0007855033509739839
2948.558275991398	0.0007893078920188845
2951.6555010712214	0.0007931307086152258
2954.752726151044	0.0007969718909772217
2957.849951230867	0.0008008315297878244
2960.94717631069	0.0008047097162013747
2964.0444013905126	0.000808606541846269
2967.1416264703357	0.0008125220988276435
2970.2388515501584	0.0008164564797300751
2973.3360766299816	0.0008204097776203002
2976.4333017098043	0.0008243820860499508
2979.5305267896274	0.000828373499058308
2982.62775186945	0.0008323841111750733
2985.724976949273	0.0008364140174231578
2988.822202029096	0.0008404633133214895
2991.9194271089186	0.0008445320948878382
2995.016652188742	0.0008486204586416595
2998.1138772685645	0.0008527285016069562
3001.211102348387	0.0008568563213151593
3004.3083274282103	0.0008610040158080262
3007.405552508033	0.0008651716836405594
3010.502777587856	0.0008693594238839431
3013.600002667679	0.0008735673361284988
3016.697227747502	0.0008777955204866607
3019.7944528273247	0.0008820440775959701
3022.8916779071474	0.0008863131086220895
3025.9889029869705	0.0008906027152618362
3029.086128066793	0.0008949129997462359
3032.1833531466164	0.0008992440648435959
3035.280578226439	0.0009035960138625992
3038.377803306262	0.000907968950655418
3041.475028386085	0.0009123629796208478
3044.5722534659076	0.0009167782057074626
3047.6694785457307	0.0009212147344167905
3050.7667036255534	0.0009256726718065098
3053.8639287053766	0.0009301521244936673
3056.9611537851993	0.000934653199657916
3060.0583788650224	0.0009391760050447762
3063.155603944845	0.0009437206489689167
3066.252829024668	0.0009482872403174581
3069.350054104491	0.0009528758885532985
3072.4472791843136	0.0009574867037184603
3075.544504264137	0.00096211979643746
3078.6417293439595	0.0009667752779207002
3081.738954423782	0.0009714532599678838
3084.8361795036053	0.000976153854971451
3087.933404583428	0.0009808771759200398
3091.030629663251	0.0009856233364019691
3094.127854743074	0.000990392450608745
3097.225079822897	0.0009951846333385909
3097.225079822949	0.001
