0.0	9.291581526164497e-09
3.097225079822949	9.291581526210505e-09
6.194450159645898	1.2217609955562453e-08
9.291675239468848	1.5543848174894176e-08
12.388900319291796	1.927034266895456e-08
15.486125399114746	2.3397159816326963e-08
18.583350478937696	2.792438049358761e-08
21.680575558760644	3.285209748790313e-08
24.777800638583592	3.8180414163397686e-08
27.87502571840654	4.3909443732369216e-08
30.972250798229492	5.0039308837451385e-08
34.06947587805244	5.65701413023628e-08
37.166700957875385	6.350208197829638e-08
40.26392603769833	7.083528064673388e-08
43.36115111752128	7.8569895956715e-08
46.458376197344236	8.670609538379974e-08
49.555601277167185	9.524405520307317e-08
52.65282635699013	1.041839604714744e-07
55.75005143681309	1.1352600501646621e-07
58.847276516636036	1.2327039142911558e-07
61.944501596459	1.3341733106031062e-07
65.04172667628195	1.439670440192573e-07
68.13895175610489	1.5491975917366959e-07
71.23617683592785	1.6627571415124554e-07
74.3334019157508	1.7803515534214241e-07
77.43062699557375	1.9019833790224578e-07
80.5278520753967	2.0276552575708427e-07
83.62507715521964	2.1573699160628158e-07
86.7223022350426	2.2911301692846595e-07
89.81952731486555	2.42893891986577e-07
92.9167523946885	2.5707991583352524e-07
96.01397747451145	2.7167139631816985e-07
99.11120255433441	2.866686500915889e-07
102.20842763415736	3.020720026136217e-07
105.30565271398031	3.1788178815966747e-07
108.40287779380327	3.340983498277285e-07
111.5001028736262	3.507220395456881e-07
114.59732795344917	3.677532180788156e-07
117.69455303327211	3.851922550374924e-07
120.79177811309508	4.030395288851547e-07
123.88900319291801	4.2129542694644865e-07
126.98622827274096	4.399603454155951e-07
130.08345335256394	4.590346893649613e-07
133.18067843238688	4.78518872753838e-07
136.27790351220983	4.9841331843742e-07
139.37512859203278	5.187184581759885e-07
142.47235367185573	5.39434732644296e-07
145.5695787516787	5.605625914411502e-07
148.66680383150162	5.821024930991988e-07
151.76402891132457	6.040549050949133e-07
154.86125399114752	6.264203038587718e-07
157.95847907097047	6.491991747856406e-07
161.05570415079345	6.723920122453544e-07
164.15292923061637	6.95999319593495e-07
167.2501543104393	7.20021609182368e-07
170.3473793902623	7.444594023721786e-07
173.44460447008524	7.693132295424045e-07
176.54182954990816	7.945836301033688e-07
179.63905462973113	8.202711525080102e-07
182.73627970955408	8.463763542638524e-07
185.83350478937706	8.728998019451724e-07
188.9307298692	8.998420712053673e-07
192.02795494902293	9.272037467895208e-07
195.1251800288459	9.549854225471687e-07
198.22240510866885	9.83187701445264e-07
201.3196301884918	1.0118111955813418e-06
204.41685526831475	1.0408565261968847e-06
207.5140803481377	1.0703243236908873e-06
210.61130542796064	1.1002152276336225e-06
213.70853050778362	1.1305298867806086e-06
216.80575558760657	1.1612689590867764e-06
219.9029806674295	1.1924331117208383e-06
223.00020574725247	1.2240230210798596e-06
226.0974308270754	1.2560393728040308e-06
229.19465590689836	1.2884828617916436e-06
232.2918809867213	1.3213541922142676e-06
235.38910606654426	1.354654077532132e-06
238.48633114636723	1.3883832405097085e-06
241.58355622619015	1.4225424132315e-06
244.68078130601313	1.4571323371180312e-06
247.77800638583608	1.4921537629420451e-06
250.875231465659	1.5276074508449036e-06
253.97245654548198	1.5634941703531922e-06
257.06968162530495	1.5998147003955316e-06
260.1669067051279	1.6365698293195945e-06
263.26413178495085	1.6737603549093277e-06
266.36135686477377	1.7113870844023821e-06
269.45858194459674	1.7494508345077485e-06
272.55580702441966	1.7879524314236012e-06
275.65303210424264	1.826892710855349e-06
278.7502571840656	1.8662725180338947e-06
281.84748226388854	1.9060927077341029e-06
284.9447073437115	1.9463541442934764e-06
288.0419324235345	1.987057701631042e-06
291.1391575033574	2.0282042632664463e-06
294.23638258318033	2.0697947223392627e-06
297.3336076630033	2.1118299816285057e-06
300.4308327428262	2.1543109535723597e-06
303.5280578226492	2.1972385602881183e-06
306.6252829024722	2.2406137335923343e-06
309.7225079822951	2.284437415021183e-06
312.8197330621181	2.3287105558510395e-06
315.91695814194105	2.373434117119266e-06
319.014183221764	2.418609069645217e-06
322.1114083015869	2.4642363940514544e-06
325.20863338140987	2.5103170807851822e-06
328.3058584612328	2.556852130139891e-06
331.40308354105576	2.603842552277223e-06
334.50030862087874	2.6512893672490497e-06
337.59753370070166	2.699193605019768e-06
340.69475878052464	2.747556305488813e-06
343.7919838603476	2.796378518513388e-06
346.88920894017053	2.8456613039314144e-06
349.98643401999345	2.8954057315846975e-06
353.08365909981643	2.945612881342314e-06
356.18088417963935	2.996283843124217e-06
359.2781092594623	3.0474197169250644e-06
362.3753343392853	3.0990216128382644e-06
365.4725594191082	3.151090651080245e-06
368.5697844989312	3.203627962014943e-06
371.6670095787542	3.2566346861785204e-06
374.7642346585771	3.3101119743042956e-06
377.8614597384	3.3640609873479062e-06
380.958684818223	3.418482896512691e-06
384.05590989804597	3.473378883275299e-06
387.1531349778689	3.5287501394115217e-06
390.25036005769186	3.584597867022353e-06
393.34758513751484	3.6409232785602756e-06
396.44481021733776	3.6977275968557717e-06
399.54203529716074	3.7550120551440653e-06
402.6392603769837	3.8127778970920898e-06
405.7364854568066	3.871026376825685e-06
408.83371053662955	3.929758758957024e-06
411.93093561645253	3.98897631861227e-06
415.02816069627545	4.048680341459465e-06
418.1253857760984	4.1088721237366454e-06
421.2226108559214	4.169552972280195e-06
424.3198359357443	4.230724204553428e-06
427.4170610155673	4.292387148675405e-06
430.5142860953903	4.354543143449984e-06
433.61151117521314	4.417193538395102e-06
436.7087362550361	4.480339693772299e-06
439.8059613348591	4.543982980616474e-06
442.903186414682	4.608124780765871e-06
446.000411494505	4.672766486892315e-06
449.09763657432796	4.7379095025316774e-06
452.1948616541509	4.803555242114581e-06
455.29208673397386	4.869705130997344e-06
458.38931181379684	4.936360605493169e-06
461.4865368936197	5.0035231129035635e-06
464.5837619734427	5.071194111550011e-06
467.68098705326565	5.139375070805878e-06
470.7782121330886	5.2080674711285665e-06
473.87543721291155	5.2772728040919085e-06
476.97266229273447	5.346992572418806e-06
480.0698873725575	5.417228290014115e-06
483.1671124523804	5.487981481997779e-06
486.26433753220334	5.5592536847382015e-06
489.3615626120263	5.631046445885869e-06
492.45878769184924	5.703361324407229e-06
495.55601277167216	5.776199890618805e-06
498.6532378514952	5.849563726221568e-06
501.7504629313181	5.923454424335559e-06
504.84768801114103	5.997873589534757e-06
507.94491309096406	6.0728228378822046e-06
511.042138170787	6.1483037969653845e-06
514.1393632506099	6.224318105931846e-06
517.2365883304329	6.300867415525093e-06
520.3338134102559	6.377953388120716e-06
523.4310384900788	6.455577697762796e-06
526.5282635699018	6.533742030200546e-06
529.6254886497246	6.612448082925226e-06
532.7227137295475	6.691697565207309e-06
535.8199388093706	6.771492198133907e-06
538.9171638891935	6.851833714646455e-06
542.0143889690164	6.932723859578662e-06
545.1116140488394	7.01416438969472e-06
548.2088391286624	7.096157073727771e-06
551.3060642084854	7.178703692418647e-06
554.4032892883083	7.261806038554867e-06
557.5005143681312	7.3454659170099045e-06
560.5977394479543	7.429685144782713e-06
563.6949645277772	7.514465551037531e-06
566.7921896076001	7.599808977143942e-06
569.8894146874231	7.68571727671721e-06
572.9866397672461	7.77219231565889e-06
576.083864847069	7.859235972197693e-06
579.181089926892	7.946850136930643e-06
582.2783150067149	8.035036712864489e-06
585.3755400865377	8.123797615457399e-06
588.4727651663608	8.213134772660931e-06
591.5699902461837	8.303050124962271e-06
594.6672153260066	8.393545625426753e-06
597.7644404058296	8.484623239740658e-06
600.8616654856526	8.576284946254284e-06
603.9588905654755	8.668532736025303e-06
607.0561156452985	8.761368612862393e-06
610.1533407251214	8.854794593369152e-06
613.2505658049444	8.948812706988298e-06
616.3477908847674	9.043424996046149e-06
619.4450159645902	9.138633515797386e-06
622.5422410444131	9.2344403344701e-06
625.639466124236	9.330847533311138e-06
628.7366912040588	9.427857206631715e-06
631.8339162838818	9.525471461853332e-06
634.9311413637047	9.623692419553976e-06
638.0283664435275	9.722522213514611e-06
641.1255915233504	9.821962990765963e-06
644.2228166031733	9.92201691163559e-06
647.3200416829961	1.002268614979526e-05
650.417266762819	1.0123972892308607e-05
653.514491842642	1.0225879339679088e-05
656.6117169224649	1.0328407705898251e-05
659.7089420022877	1.043156021849428e-05
662.8061670821106	1.0535339118580852e-05
665.9033921619335	1.0639746660906288e-05
669.0006172417563	1.0744785113903009e-05
672.0978423215793	1.0850456759737295e-05
675.1950674014022	1.0956763894359341e-05
678.292292481225	1.1063708827553631e-05
681.3895175610479	1.11712938829896e-05
684.4867426408708	1.1279521398272615e-05
687.5839677206936	1.1388393724995266e-05
690.6811928005166	1.1497913228788953e-05
693.7784178803395	1.1608082289375803e-05
696.8756429601623	1.1718903300620877e-05
699.9728680399852	1.1830378670584708e-05
703.0700931198081	1.1942510821576141e-05
706.167318199631	1.2055302190205499e-05
709.2645432794538	1.2168755227438051e-05
712.3617683592768	1.2282872398647816e-05
715.4589934390997	1.2397656183671666e-05
718.5562185189225	1.2513109076863768e-05
721.6534435987454	1.2629233587150332e-05
724.7506686785682	1.274603223808469e-05
727.8478937583911	1.2863507567902703e-05
730.9451188382141	1.2981662129578476e-05
734.0423439180369	1.310049849088042e-05
737.1395689978598	1.3220019234427631e-05
740.2367940776826	1.3340226957746595e-05
743.3340191575055	1.3461124273328233e-05
746.4312442373284	1.3582713808685269e-05
749.5284693171512	1.3704998206409935e-05
752.6256943969742	1.3827980124232009e-05
755.7229194767971	1.3951662235077194e-05
758.8201445566199	1.4076047227125822e-05
761.9173696364428	1.4201137803871907e-05
765.0145947162657	1.4326936684182532e-05
768.1118197960885	1.445344660235758e-05
771.2090448759114	1.4580670308189811e-05
774.3062699557344	1.4708610567025265e-05
777.4034950355572	1.4837270159824037e-05
780.5007201153801	1.4966651883221374e-05
783.597945195203	1.5096758549589136e-05
786.6951702750258	1.52275929870976e-05
789.7923953548487	1.535915803977761e-05
792.8896204346717	1.54914565675831e-05
795.9868455144946	1.5624491446453924e-05
799.0840705943174	1.5758265568379107e-05
802.1812956741403	1.5892781841460398e-05
805.2785207539632	1.6028043189976202e-05
808.375745833786	1.6164052554445872e-05
811.472970913609	1.630081289169436e-05
814.5701959934319	1.6438327174917225e-05
817.6674210732547	1.657659839374602e-05
820.7646461530776	1.6715629554314026e-05
823.8618712329005	1.6855423679322356e-05
826.9590963127233	1.6995983808106445e-05
830.0563213925462	1.713731299670289e-05
833.1535464723692	1.727941431791666e-05
836.250771552192	1.7422290861388713e-05
839.3479966320149	1.756594573366393e-05
842.4452217118378	1.7710382058259485e-05
845.5424467916607	1.785560297573354e-05
848.6396718714835	1.8001611643754368e-05
851.7368969513064	1.8148411237169812e-05
854.8341220311294	1.829600494807716e-05
857.9313471109522	1.8444395985893393e-05
861.0285721907751	1.85935875774258e-05
864.125797270598	1.8743582966943023e-05
867.2230223504208	1.8894385416246436e-05
870.3202474302437	1.904599820474197e-05
873.4174725100667	1.919842462951229e-05
876.5146975898895	1.935166800538938e-05
879.6119226697124	1.9505731665027532e-05
882.7091477495353	1.9660618958976712e-05
885.8063728293581	1.9816333255756346e-05
888.903597909181	1.9972877941929494e-05
892.000822989004	2.0130256422177425e-05
895.0980480688269	2.0288472119374614e-05
898.1952731486497	2.0447528474664115e-05
901.2924982284726	2.060742894753337e-05
904.3897233082955	2.0768177015890412e-05
907.4869483881183	2.092977617614048e-05
910.5841734679412	2.1092229943263053e-05
913.6813985477642	2.1255541850889294e-05
916.778623627587	2.1419715451379912e-05
919.8758487074099	2.158475431590344e-05
922.9730737872328	2.1750662034514933e-05
926.0702988670556	2.1917442216235097e-05
929.1675239468785	2.2085098489129825e-05
932.2647490267015	2.2253634500390175e-05
935.3619741065244	2.2423053916412766e-05
938.4591991863472	2.2593360422880606e-05
941.5564242661701	2.276455772484435e-05
944.653649345993	2.2936649546803987e-05
947.7508744258158	2.3109639632790972e-05
950.8480995056387	2.3283531746450793e-05
953.9453245854615	2.3458329671125967e-05
957.0425496652845	2.3634037209939483e-05
960.1397747451074	2.381065818587869e-05
963.2369998249303	2.3988196441879627e-05
966.3342249047532	2.4166655840911793e-05
969.4314499845761	2.4346040266063386e-05
972.5286750643988	2.452635362062696e-05
975.6259001442218	2.4707599828185574e-05
978.7231252240447	2.4889782832699355e-05
981.8203503038676	2.5072906598592544e-05
984.9175753836905	2.5256975110841e-05
988.0148004635134	2.544199237506015e-05
991.1120255433361	2.562796241759341e-05
994.209250623159	2.5814889285601074e-05
997.306475702982	2.6002777047149664e-05
1000.4037007828049	2.6191629791301748e-05
1003.5009258626277	2.6381451628206238e-05
1006.5981509424506	2.657224668918915e-05
1009.6953760222735	2.6764019126844843e-05
1012.7926011020963	2.6956773115127738e-05
1015.8898261819191	2.7150512849444514e-05
1018.9870512617421	2.734524254674679e-05
1022.084276341565	2.7540966445624277e-05
1025.181501421388	2.7737688806398433e-05
1028.278726501211	2.7935413911216604e-05
1031.3759515810336	2.8134146064146633e-05
1034.4731766608566	2.8333889591271996e-05
1037.5704017406795	2.8534648840787405e-05
1040.6676268205024	2.8736428183094925e-05
1043.7648519003253	2.8939232010900575e-05
1046.8620769801482	2.9143064739311448e-05
1049.959302059971	2.934793080593332e-05
1053.0565271397938	2.955383467096877e-05
1056.1537522196168	2.976078081731582e-05
1059.2509772994397	2.9968773750667055e-05
1062.3482023792626	3.0177817999609294e-05
1065.4454274590855	3.0387918115723752e-05
1068.5426525389084	3.059907867368672e-05
1071.6398776187311	3.081130427137079e-05
1074.737102698554	3.102459952994654e-05
1077.834327778377	3.123896909398485e-05
1080.9315528582	3.1454417631559625e-05
1084.0287779380228	3.1670949834351146e-05
1087.1260030178457	3.188857041774988e-05
1090.2232280976684	3.210728412096089e-05
1093.3204531774913	3.232709570710871e-05
1096.4176782573143	3.254800996334283e-05
1099.5149033371372	3.2770031700943675e-05
1102.61212841696	3.299316575542915e-05
1105.709353496783	3.321741698666172e-05
1108.806578576606	3.344279027895607e-05
1111.9038036564286	3.366929054118724e-05
1115.0010287362516	3.389692270689943e-05
1118.0982538160745	3.4125691734415254e-05
1121.1954788958974	3.435560260694563e-05
1124.2927039757203	3.458666033270017e-05
1127.389929055543	3.48188699449982e-05
1130.487154135366	3.505223650238028e-05
1133.5843792151888	3.528676508872035e-05
1136.6816042950118	3.552246081333844e-05
1139.7788293748345	3.5759328811113903e-05
1142.8760544546574	3.5997374242599293e-05
1145.9732795344803	3.6236602294134797e-05
1149.0705046143032	3.647701817796324e-05
1152.1677296941261	3.671862713234569e-05
1155.2649547739488	3.696143442167765e-05
1158.3621798537717	3.7205445336605836e-05
1161.4594049335947	3.7450665194145564e-05
1164.5566300134176	3.7697099337798704e-05
1167.6538550932405	3.7944753137672284e-05
1170.7510801730632	3.819363199059764e-05
1173.8483052528861	3.844374132025021e-05
1176.945530332709	3.869508657726994e-05
1180.042755412532	3.894767323938225e-05
1183.1399804923549	3.920150681151969e-05
1186.2372055721778	3.945659282594417e-05
1189.3344306520005	3.9712936842369776e-05
1192.4316557318234	3.997054444808631e-05
1195.5288808116463	4.0229421258083345e-05
1198.6261058914693	4.048957291517498e-05
1201.7233309712922	4.0751005090125204e-05
1204.820556051115	4.101372348177389e-05
1207.917781130938	4.1277733817163445e-05
1211.0150062107607	4.154304185166608e-05
1214.1122312905836	4.1809653369111736e-05
1217.2094563704065	4.207757418191666e-05
1220.3066814502295	4.2346810131212607e-05
1223.4039065300524	4.261736708697675e-05
1226.5011316098753	4.288925094816219e-05
1229.598356689698	4.316246764282913e-05
1232.695581769521	4.343702312827675e-05
1235.7928068493438	4.3712923391175735e-05
1238.8900319291668	4.399017444770143e-05
1241.9872570089897	4.4268782343667744e-05
1245.0844820888126	4.454875315466163e-05
1248.1817071686355	4.483009298617835e-05
1251.2789322484584	4.511280797375735e-05
1254.3761573282814	4.5396904283118835e-05
1257.4733824081043	4.568238811030106e-05
1260.5706074879272	4.596926568179826e-05
1263.6678325677499	4.625754325469934e-05
1266.7650576475728	4.65472271168272e-05
1269.8622827273957	4.683832358687883e-05
1272.9595078072186	4.713083901456602e-05
1276.0567328870416	4.742477978075688e-05
1279.1539579668645	4.772015229761799e-05
1282.2511830466872	4.801696300875731e-05
1285.34840812651	4.8315218389367795e-05
1288.445633206333	4.8614924946371745e-05
1291.542858286156	4.891608921856584e-05
1294.6400833659789	4.9218717776766973e-05
1297.7373084458018	4.9522817223958736e-05
1300.8345335256247	4.982839419543871e-05
1303.9317586054474	5.0135455358966476e-05
1307.0289836852703	5.044400741491232e-05
1310.1262087650932	5.075405709640676e-05
1313.2234338449161	5.1065611169490796e-05
1316.320658924739	5.1378676433266884e-05
1319.417884004562	5.1693259720050704e-05
1322.5151090843847	5.200936789552368e-05
1325.6123341642076	5.232700785888625e-05
1328.7095592440305	5.264618654301195e-05
1331.8067843238534	5.29669109146022e-05
1334.9040094036764	5.3289187974341934e-05
1338.0012344834993	5.3613024757055967e-05
1341.098459563322	5.393842833186617e-05
1344.195684643145	5.426540580234942e-05
1347.2929097229678	5.459396430669636e-05
1350.3901348027907	5.492411101787092e-05
1353.4873598826136	5.525585314377066e-05
1356.5845849624366	5.558919792738795e-05
1359.6818100422595	5.5924152646971874e-05
1362.7790351220822	5.626072461619103e-05
1365.876260201905	5.659892118429709e-05
1368.973485281728	5.6938749736289215e-05
1372.070710361551	5.728021769307926e-05
1375.1679354413739	5.762333251165785e-05
1378.2651605211968	5.7968101685261216e-05
1381.3623856010195	5.8314532743538965e-05
1384.4596106808424	5.866263325272261e-05
1387.5568357606653	5.901241081579495e-05
1390.6540608404882	5.9363873072660386e-05
1393.7512859203111	5.9717027700315936e-05
1396.848511000134	6.0071882413023254e-05
1399.945736079957	6.042844496248142e-05
1403.0429611597797	6.078672313800065e-05
1406.1401862396026	6.11467247666768e-05
1409.2374113194255	6.150845771356683e-05
1412.3346363992484	6.187192988186513e-05
1415.4318614790714	6.223714921308062e-05
1418.5290865588943	6.260412368721492e-05
1421.626311638717	6.297286132294121e-05
1424.72353671854	6.334337017778421e-05
1427.8207617983628	6.371565834830084e-05
1430.9179868781857	6.40897339702619e-05
1434.0152119580086	6.446560521883467e-05
1437.1124370378316	6.484328030876638e-05
1440.2096621176545	6.52227674945686e-05
1443.3068871974772	6.560407507070255e-05
1446.4041122773	6.59872113717654e-05
1449.501337357123	6.637218477267743e-05
1452.598562436946	6.675900368887012e-05
1455.6957875167689	6.714767657647522e-05
1458.7930125965918	6.753821193251478e-05
1461.8902376764145	6.793061829509208e-05
1464.9874627562374	6.832490424358355e-05
1468.0846878360603	6.872107839883162e-05
1471.1819129158832	6.911914942333858e-05
1474.2791379957062	6.951912602146137e-05
1477.376363075529	6.992101693960735e-05
1480.4735881553518	7.032483096643107e-05
1483.5708132351747	7.073057693303198e-05
1486.6680383149976	7.113826371315323e-05
1489.7652633948205	7.154790022338127e-05
1492.8624884746434	7.195949542334671e-05
1495.9597135544664	7.237305831592595e-05
1499.0569386342893	7.278859794744394e-05
1502.154163714112	7.320612340787794e-05
1505.251388793935	7.362564383106226e-05
1508.3486138737578	7.40471683948941e-05
1511.4458389535807	7.447070632154032e-05
1514.5430640334037	7.48962668776453e-05
1517.6402891132266	7.53238593745399e-05
1520.7375141930493	7.575349316845129e-05
1523.8347392728722	7.618517766071402e-05
1526.931964352695	7.661892229798206e-05
1530.029189432518	7.705473657244189e-05
1533.126414512341	7.749263002202665e-05
1536.2236395921639	7.793261223063145e-05
1539.3208646719868	7.837469282832961e-05
1542.4180897518095	7.881888149159012e-05
1545.5153148316324	7.926518794349613e-05
1548.6125399114553	7.97136219539645e-05
1551.7097649912782	8.016419333996654e-05
1554.8069900711012	8.061691196574973e-05
1557.904215150924	8.107178774306069e-05
1561.0014402307468	8.152883063136916e-05
1564.0986653105697	8.19880506380931e-05
1567.1958903903926	8.244945781882506e-05
1570.2931154702155	8.291306227755946e-05
1573.3903405500384	8.337887416692122e-05
1576.4875656298614	8.384690368839538e-05
1579.584790709684	8.431716109255795e-05
1582.682015789507	8.478965667930793e-05
1585.77924086933	8.526440079810039e-05
1588.8764659491528	8.574140384818087e-05
1591.9736910289757	8.622067627882081e-05
1595.0709161087987	8.670222858955427e-05
1598.1681411886216	8.718607133041574e-05
1601.2653662684443	8.767221510217924e-05
1604.3625913482672	8.816067055659854e-05
1607.45981642809	8.865144839664862e-05
1610.557041507913	8.914455937676832e-05
1613.654266587736	8.964001430310428e-05
1616.7514916675589	9.013782403375597e-05
1619.8487167473816	9.063799947902207e-05
1622.9459418272045	9.114055160164804e-05
1626.0431669070274	9.16454914170749e-05
1629.1403919868503	9.215282999368933e-05
1632.2376170666732	9.266257845307496e-05
1635.3348421464962	9.317474797026497e-05
1638.432067226319	9.368934977399592e-05
1641.5292923061418	9.420639514696284e-05
1644.6265173859647	9.47258954260757e-05
1647.7237424657876	9.524786200271707e-05
1650.8209675456105	9.577230632300104e-05
1653.9181926254332	9.62992398880336e-05
1657.0154177052561	9.682867425417418e-05
1660.112642785079	9.736062103329859e-05
1663.209867864902	9.789509189306317e-05
1666.307092944725	9.843209855717044e-05
1669.4043180245476	9.897165280563592e-05
1672.5015431043705	9.951376647505643e-05
1675.5987681841934	0.00010005845145887961
1678.6959932640164	0.00010060571970767486
1681.793218343839	0.0001011555832294057
1684.890443423662	0.00010170805408970339
1687.9876685034849	0.00010226314441214197
1691.0848935833078	0.00010282086637851474
1694.1821186631307	0.00010338123222911203
1697.2793437429536	0.00010394425426300046
1700.3765688227763	0.00010450994483830354
1703.4737939025993	0.00010507831637248377
1706.5710189824222	0.00010564938134262599
1709.668244062245	0.00010622315228572242
1712.765469142068	0.00010679964179895886
1715.862694221891	0.00010737886254000253
1718.9599193017136	0.00010796082722729125
1722.0571443815365	0.00010854554864032417
1725.1543694613595	0.00010913303961995384
1728.2515945411824	0.00010972331306867993
1731.3488196210053	0.00011031638195094423
1734.4460447008282	0.0001109122592934273
1737.5432697806511	0.00011151095818534656
1740.6404948604738	0.00011211249177875583
1743.7377199402968	0.0001127168732888465
1746.8349450201197	0.00011332411599425011
1749.9321700999426	0.0001139342332373425
1753.0293951797655	0.00011454723842454954
1756.1266202595884	0.00011516314502665434
1759.2238453394111	0.00011578196657910604
1762.321070419234	0.00011640371668233018
1765.418295499057	0.0001170284090020406
1768.51552057888	0.00011765605726955292
1771.6127456587028	0.00011828667528209966
1774.7099707385257	0.00011892027690314692
1777.8071958183486	0.00011955687606271263
1780.9044208981713	0.00012019648675768646
1784.0016459779943	0.00012083912305215133
1787.0988710578172	0.00012148479907770657
1790.19609613764	0.00012213352903379268
1793.293321217463	0.00012278532718801774
1796.390546297286	0.00012344020787648553
1799.4877713771086	0.00012409818550412525
1802.5849964569315	0.00012475927454502292
1805.6822215367545	0.0001254234895427545
1808.7794466165774	0.00012609084511072067
1811.8766716964003	0.00012676135593248333
1814.9738967762232	0.00012743503676210377
1818.071121856046	0.00012811190242448256
1821.1683469358688	0.00012879196781570129
1824.2655720156918	0.00012947524790336582
1827.3627970955147	0.0001301617577269515
1830.4600221753376	0.00013085151239814995
1833.5572472551605	0.00013154452710121778
1836.6544723349834	0.00013224081709332694
1839.7516974148061	0.00013294039770491697
1842.848922494629	0.00013364328434004892
1845.946147574452	0.0001343494924767612
1849.043372654275	0.0001350590376674271
1852.1405977340978	0.00013577193553911433
1855.2378228139207	0.00013648820179394618
1858.3350478937434	0.0001372078522094646
1861.4322729735663	0.0001379309026389952
1864.5294980533893	0.00013865736901201404
1867.6267231332122	0.0001393872673345163
1870.723948213035	0.00014012061368938678
1873.821173292858	0.00014085742423677246
1876.918398372681	0.00014159771521445676
1880.0156234525036	0.0001423415029382358
1883.1128485323266	0.00014308880380229668
1886.2100736121495	0.00014383963427959742
1889.3072986919724	0.0001445940109222492
1892.4045237717953	0.00014535195036190023
1895.5017488516182	0.0001461134693101218
1898.598973931441	0.00014687858455879622
1901.6961990112638	0.00014764731298050674
1904.7934240910868	0.00014841967152892942
1907.8906491709095	0.0001491956772392272
1910.9878742507326	0.00014997534722844573
1914.0850993305553	0.00015075869869591143
1917.1823244103784	0.00015154574892363147
1920.2795494902011	0.00015233651527669584
1923.3767745700243	0.0001531310152036815
1926.473999649847	0.00015392926623705863
1929.5712247296697	0.00015473128599359883
1932.6684498094928	0.0001555370921747856
1935.7656748893155	0.00015634670256722678
1938.8628999691387	0.00015716013504306914
1941.9601250489613	0.00015797740756041525
1945.0573501287845	0.0001587985381637422
1948.1545752086072	0.0001596235449843228
1951.2518002884299	0.00016045244624064865
1954.349025368253	0.00016128526023885564
1957.4462504480757	0.00016212200537315144
1960.5434755278989	0.00016296270012624537
1963.6407006077216	0.00016380736306978024
1966.7379256875447	0.00016465601286476674
1969.8351507673674	0.00016550866826201978
1972.93237584719	0.00016636534810259723
1976.0296009270132	0.00016722607131824086
1979.126826006836	0.0001680908569318197
1982.224051086659	0.0001689597240577754
1985.3212761664818	0.00016983269190257017
1988.4185012463045	0.0001707097797651369
1991.5157263261276	0.00017159100703733165
1994.6129514059503	0.0001724763932043884
1997.7101764857734	0.0001733659578453763
2000.8074015655961	0.00017425972063365912
2003.9046266454193	0.00017515770133735725
2007.001851725242	0.00017605991981981187
2010.0990768050647	0.00017696639604005175
2013.1963018848878	0.00017787715005326233
2016.2935269647105	0.0001787922020112573
2019.3907520445337	0.00017971157216295253
2022.4879771243563	0.00018063528085484265
2025.5852022041795	0.0001815633485314798
2028.6824272840022	0.00018249579573595526
2031.7796523638249	0.00018343264311038312
2034.876877443648	0.00018437391139638693
2037.9741025234707	0.00018531962143558854
2041.0713276032939	0.00018626979417009958
2044.1685526831166	0.00018722445064301557
2047.2657777629393	0.00018818361199891256
2050.3630028427624	0.00018914729948434623
2053.460227922585	0.00019011553444835385
2056.5574530024082	0.0001910883383429586
2059.654678082231	0.0001920657327236766
2062.751903162054	0.0001930477392500267
2065.8491282418768	0.00019403437968604285
2068.9463533216995	0.00019502567590078896
2072.0435784015226	0.00019602164986887678
2075.1408034813453	0.00019702232367098624
2078.2380285611684	0.00019802771949438866
2081.335253640991	0.00019903785963347253
2084.4324787208143	0.0002000527664902722
2087.529703800637	0.00020107246257499928
2090.6269288804597	0.0002020969705065767
2093.724153960283	0.00020312631301317588
2096.8213790401055	0.00020416051293275624
2099.9186041199287	0.00020519959321360808
2103.0158291997514	0.00020624357691489782
2106.1130542795745	0.00020729248720721645
2109.210279359397	0.00020834634737313065
2112.30750443922	0.0002094051808077369
2115.404729519043	0.00021046901101921846
2118.5019545988657	0.00021153786162940528
2121.599179678689	0.00021261175637433692
2124.6964047585116	0.00021369071910482828
2127.7936298383343	0.00021477477378703847
2130.8908549181574	0.00021586394450304262
2133.98807999798	0.0002169582554514066
2137.0853050778032	0.0002180577309477649
2140.182530157626	0.00021916239542540156
2143.279755237449	0.000220272273435834
2146.376980317272	0.00022138738964940012
2149.4742053970945	0.00022250776885584844
2152.5714304769176	0.00022363343596493125
2155.6686555567403	0.000224764416007001
2158.7658806365635	0.00022590073413360993
2161.863105716386	0.00022704241561811262
2164.9603307962093	0.00022818948585627194
2168.057555876032	0.00022934197036686811
2171.1547809558547	0.00023049989479231108
2174.252006035678	0.00023166328489925597
2177.3492311155005	0.00023283216657922197
2180.4464561953237	0.00023400656584921444
2183.5436812751464	0.0002351865088523503
2186.640906354969	0.0002363720218584867
2189.738131434792	0.00023756313126485314
2192.835356514615	0.0002387598635966869
2195.932581594438	0.00023996224550787174
2199.0298066742607	0.0002411703037815802
2202.127031754084	0.00024238406533091917
2205.2242568339066	0.0002436035571995789
2208.3214819137293	0.0002448288065624856
2211.4187069935524	0.0002460598407264572
2214.515932073375	0.0002472966871308632
2217.6131571531982	0.0002485393733482873
2220.710382233021	0.0002497879270851941
2223.807607312844	0.00025104237618259927
2226.904832392667	0.000252302748616743
2230.0020574724895	0.0002535690724997675
2233.0992825523126	0.00025484137608039774
2236.1965076321353	0.00025611968774462613
2239.2937327119585	0.00025740403601640056
2242.390957791781	0.0002586944495583165
2245.488182871604	0.0002599909571723123
2248.585407951427	0.00026129358780036893
2251.6826330312497	0.00026260237052521263
2254.779858111073	0.00026391733457102205
2257.8770831908955	0.0002652385093041388
2260.9743082707187	0.0002665659242337819
2264.0715333505414	0.0002678996090127662
2267.168758430364	0.0002692395934382244
2270.265983510187	0.0002705859074523332
2273.36320859001	0.00027193858114304335
2276.460433669833	0.00027329764474481335
2279.5576587496557	0.0002746631286393475
2282.654883829479	0.00027603506335633764
2285.7521089093016	0.00027741347957420897
2288.8493339891243	0.00027879840812087
2291.9465590689474	0.0002801898799744665
2295.04378414877	0.00028158792626413925
2298.1410092285932	0.0002829925782707866
2301.238234308416	0.0002844038674278302
2304.335459388239	0.0002858218253219857
2307.432684468062	0.0002872464836940371
2310.5299095478845	0.0002886778744396156
2313.6271346277076	0.00029011602960998253
2316.7243597075303	0.0002915609814128166
2319.8215847873535	0.0002930127622130053
2322.918809867176	0.0002944714045334409
2326.016034946999	0.0002959369410558202
2329.113260026822	0.00029740940462144935
2332.2104851066447	0.0002988888282320526
2335.307710186468	0.0003003752450505854
2338.4049352662905	0.0003018686884020523
2341.5021603461137	0.000303369191774329
2344.5993854259364	0.0003048767888189888
2347.696610505759	0.00030639151335213406
2350.793835585582	0.0003079133993552317
2353.891060665405	0.0003094424809759534
2356.988285745228	0.00031097879252902055
2360.0855108250507	0.0003125223684970537
2363.182735904874	0.0003140732435314266
2366.2799609846966	0.00031563145245312496
2369.3771860645193	0.0003171970302536102
2372.4744111443424	0.00031877001209568726
2375.571636224165	0.00032035043331437804
2378.6688613039883	0.00032193832941779894
2381.766086383811	0.00032353373608804347
2384.8633114636336	0.0003251366891820698
2387.960536543457	0.0003267472247325932
2391.0577616232795	0.00032836537894898304
2394.1549867031026	0.00032999118821816525
2397.2522117829253	0.00033162468910552935
2400.3494368627485	0.00033326591835584066
2403.446661942571	0.00033491491289415763
2406.543887022394	0.00033657170982675393
2409.641112102217	0.000338236346442046
2412.7383371820397	0.0003399088602115254
2415.835562261863	0.00034158928879069665
2418.9327873416855	0.00034327767002001984
2422.0300124215087	0.00034497404192585895
2425.1272375013314	0.0003466784427214351
2428.224462581154	0.0003483909108077851
2431.321687660977	0.00035011148477472547
2434.4189127408	0.0003518402034018217
2437.516137820623	0.0003535771056593629
2440.6133629004457	0.0003553222307093421
2443.710587980269	0.00035707561790644134
2446.8078130600916	0.00035883730679902334
2449.9050381399143	0.00036060733713012756
2453.0022632197374	0.0003623857488384725
2456.09948829956	0.0003641725820594635
2459.196713379383	0.00036596787712620595
2462.293938459206	0.0003677716745705243
2465.3911635390286	0.0003695840151239868
2468.488388618852	0.000371404939718936
2471.5856136986745	0.00037323448948952477
2474.682838778497	0.0003750727057727584
2477.7800638583203	0.0003769196301095424
2480.877288938143	0.00037877530424573644
2483.9745140179657	0.00038063977013321355
2487.071739097789	0.00038251306993092614
2490.1689641776115	0.0003843952460059773
2493.2661892574347	0.0003862863409346985
2496.3634143372574	0.00038818639750373327
2499.46063941708	0.00039009545871112694
2502.557864496903	0.00039201356776742257
2505.655089576726	0.000393940768096763
2508.752314656549	0.0003958771033379993
2511.8495397363718	0.00039782261734580505
2514.9467648161944	0.00039977735419179767
2518.0439898960176	0.00040174135816566515
2521.1412149758403	0.0004037146737763
2524.238440055663	0.00040569734575293903
2527.335665135486	0.00040768941904631
2530.432890215309	0.0004096909388297845
2533.530115295132	0.0004117019505005375
2536.6273403749547	0.00041372249968071336
2539.724565454778	0.00041575263221859884
2542.8217905346005	0.00041779239418980217
2545.919015614423	0.00041984183189843936
2549.0162406942463	0.00042190099187832704
2552.113465774069	0.00042396992089418215
2555.210690853892	0.00042604866594282844
2558.307915933715	0.0004281372742544099
2561.405141013538	0.0004302357932936111
2564.5023660933607	0.00043234427076088445
2567.5995911731834	0.0004344627545936846
2570.6968162530065	0.0004365912929677099
2573.7940413328292	0.0004387299342981507
2576.8912664126524	0.0004408787272409452
2579.988491492475	0.00044303772069404255
2583.085716572298	0.00044520696379867246
2586.182941652121	0.00044738650594062303
2589.2801667319436	0.0004495763967515255
2592.3773918117668	0.0004517766861101462
2595.4746168915894	0.00045398742414368647
2598.5718419714126	0.00045620866122908954
2601.6690670512353	0.0004584404479943553
2604.766292131058	0.0004606828353198625
2607.863517210881	0.0004629358743396986
2610.960742290704	0.00046519961644299747
2614.057967370527	0.0004674741132752845
2617.1551924503497	0.00046975941673982986
2620.252417530173	0.00047205557899900936
2623.3496426099955	0.00047436265247567335
2626.446867689818	0.0004766806898545234
2629.5440927696413	0.00047900974408349715
2632.641317849464	0.0004813498683751611
2635.738542929287	0.0004837011162081116
2638.83576800911	0.0004860635413283839
2641.932993088933	0.0004884371977508693
2645.0302181687557	0.000490822139760741
2648.1274432485784	0.0004932184219148877
2651.2246683284015	0.0004956260990433561
2654.3218934082242	0.0004980452262508013
2657.4191184880474	0.0005004758589179463
2660.51634356787	0.0005029180527030495
2663.613568647693	0.0005053718635433809
2666.710793727516	0.0005078373476567075
2669.8080188073386	0.0005103145615427865
2672.9052438871618	0.0005128035619848682
2676.0024689669845	0.0005153044060512068
2679.0996940468076	0.000517817151096581
2682.1969191266303	0.0005203418547638231
2685.294144206453	0.0005228785749853567
2688.391369286276	0.0005254273699847444
2691.488594366099	0.0005279882982782441
2694.585819445922	0.0005305614186763743
2697.6830445257447	0.000533146790285489
2700.780269605568	0.0005357444725093619
2703.8774946853905	0.0005383545250507798
2706.974719765213	0.0005409770079131454
2710.0719448450363	0.0005436119814020901
2713.169169924859	0.0005462595061270956
2716.266395004682	0.0005489196430031261
2719.363620084505	0.0005515924532522691
2722.460845164328	0.0005542779984053866
2725.5580702441507	0.0005569763403037765
2728.6552953239734	0.000559687541100843
2731.7525204037966	0.0005624116632637775
2734.8497454836192	0.0005651487695752499
2737.9469705634424	0.0005678989231351088
2741.044195643265	0.0005706621873620934
2744.141420723088	0.0005734386259955543
2747.238645802911	0.0005762283030971858
2750.3358708827336	0.0005790312830527673
2753.4330959625568	0.0005818476305739166
2756.5303210423795	0.0005846774106998521
2759.6275461222026	0.0005875206887991672
2762.7247712020253	0.0005903775305716146
2765.821996281848	0.000593248002049901
2768.919221361671	0.0005961321696014932
2772.016446441494	0.0005990300999304349
2775.113671521317	0.0006019418600791746
2778.2108966011397	0.0006048675174304044
2781.308121680963	0.0006078071397089098
2784.4053467607855	0.0006107607949834311
2787.502571840608	0.0006137285516685354
2790.5997969204313	0.000616710478526501
2793.697022000254	0.0006197066446692121
2796.794247080077	0.0006227171195600659
2799.8914721599	0.0006257419730158907
2802.9886972397226	0.0006287812752088762
2806.0859223195457	0.0006318350966685149
2809.1831473993684	0.0006349035082835559
2812.2803724791916	0.0006379865813039707
2815.3775975590142	0.0006410843873429302
2818.4748226388374	0.0006441969983787948
2821.57204771866	0.0006473244867571161
2824.669272798483	0.0006504669251926507
2827.766497878306	0.0006536243867713873
2830.8637229581286	0.0006567969449525847
2833.9609480379518	0.0006599846735708238
2837.0581731177745	0.0006631876468380714
2840.1553981975976	0.0006664059393457569
2843.2526232774203	0.0006696396260668618
2846.349848357243	0.0006728887823580222
2849.447073437066	0.0006761534839616437
2852.544298516889	0.0006794338070080305
2855.641523596712	0.0006827298280175264
2858.7387486765347	0.0006860416239026697
2861.8359737563574	0.0006893692719703618
2864.9331988361805	0.0006927128499240483
2868.030423916003	0.0006960724358659143
2871.1276489958263	0.0006994481082990933
2874.224874075649	0.0007028399461298895
2877.322099155472	0.0007062480286700144
2880.419324235295	0.0007096724356388369
2883.5165493151176	0.0007131132471656477
2886.6137743949407	0.0007165705437919373
2889.7109994747634	0.0007200444064736894
2892.8082245545866	0.0007235349165836874
2895.9054496344093	0.0007270421559138359
2899.0026747142324	0.0007305662066774966
2902.099899794055	0.0007341071515118393
2905.197124873878	0.0007376650734802068
2908.294349953701	0.0007412400560744954
2911.3915750335236	0.00074483218321755
2914.4888001133468	0.0007484415392655744
2917.5860251931695	0.0007520682090105569
2920.6832502729926	0.0007557122776827106
2923.7804753528153	0.0007593738309529303
2926.877700432638	0.0007630529549352636
2929.974925512461	0.0007667497361893983
2933.072150592284	0.0007704642617231658
2936.169375672107	0.0007741966189950595
2939.2666007519297	0.0007779468959167703
2942.3638258317524	0.000781715180855737
2945.4610509115755	0.000785501562637714
2948.558275991398	0.0007893061305493547
2951.6555010712214	0.0007931289743408113
2954.752726151044	0.0007969701842283518
2957.849951230867	0.0008008298508969928
2960.94717631069	0.00080470806550315
2964.0444013905126	0.000808604919677305
2967.1416264703357	0.0008125205055266894
2970.2388515501584	0.0008164549156379862
2973.3360766299816	0.0008204082430800486
2976.4333017098043	0.0008243805814066357
2979.5305267896274	0.0008283720246591664
2982.62775186945	0.0008323826673694907
2985.724976949273	0.0008364126045626791
2988.822202029096	0.0008404619317598297
2991.9194271089186	0.0008445307449808932
2995.016652188742	0.0008486191407475169
2998.1138772685645	0.0008527272160859066
3001.211102348387	0.0008568550685297068
3004.3083274282103	0.0008610027961228998
3007.405552508033	0.0008651704974227243
3010.502777587856	0.0008693582715026113
3013.600002667679	0.0008735662179551407
3016.697227747502	0.0008777944368950163
3019.7944528273247	0.0008820430289620603
3022.8916779071474	0.0008863120953242277
3025.9889029869705	0.0008906017376806393
3029.086128066793	0.0008949120582646363
3032.1833531466164	0.0008992431598468526
3035.280578226439	0.0009035951457383099
3038.377803306262	0.00090796811979353
3041.475028386085	0.0009123621864136705
3044.5722534659076	0.000916777450549679
3047.6694785457307	0.0009212140177054688
3050.7667036255534	0.0009256719939411158
3053.8639287053766	0.0009301514858760757
3056.9611537851993	0.0009346526006924231
3060.0583788650224	0.0009391754461381115
3063.155603944845	0.000943720130530255
3066.252829024668	0.0009482867627584322
3069.350054104491	0.0009528754522880108
3072.4472791843136	0.0009574863091634957
3075.544504264137	0.000962119444011898
3078.6417293439595	0.0009667749680461271
3081.738954423782	0.0009714529930684054
3084.8361795036053	0.0009761536314737055
3087.933404583428	0.00098087699625321
3091.030629663251	0.0009856232009977952
3094.127854743074	0.0009903923599015373
3097.225079822897	0.0009951845877652424
3097.225079822949	0.001
