0.0	9.233078438028663e-09
3.097225079822949	9.233078438065437e-09
6.194450159645898	1.1540666746287998e-08
9.291675239468848	1.4105615792714755e-08
12.388900319291796	1.6927994713829098e-08
15.486125399114746	2.0007882756417162e-08
18.583350478937696	2.334536821105732e-08
21.680575558760644	2.69405478402042e-08
24.777800638583592	3.079352655546802e-08
27.87502571840654	3.490441722775437e-08
30.972250798229492	3.9273340571723476e-08
34.06947587805244	4.390042507358299e-08
37.166700957875385	4.8785806945085655e-08
40.26392603769833	5.3929630093899235e-08
43.36115111752128	5.9332046104514475e-08
46.458376197344236	6.499321422612631e-08
49.555601277167185	7.091330136525265e-08
52.65282635699013	7.70924820816553e-08
55.75005143681309	8.353093858662182e-08
58.847276516636036	9.022886074297895e-08
61.944501596459	9.71864460664097e-08
65.04172667628195	1.0440389972777818e-07
68.13895175610489	1.1188143455625464e-07
71.23617683592785	1.1961927104309313e-07
74.3334019157508	1.2761763734595552e-07
77.43062699557375	1.3587676929370473e-07
80.5278520753967	1.4439691039160979e-07
83.62507715521964	1.5317831182692085e-07
86.7223022350426	1.6222123247478214e-07
89.81952731486555	1.715259389044587e-07
92.9167523946885	1.8109270538585893e-07
96.01397747451145	1.9092181389633853e-07
99.11120255433441	2.0101355412777513e-07
102.20842763415736	2.1136822349390508e-07
105.30565271398031	2.2198612713791573e-07
108.40287779380327	2.328675779402882e-07
111.5001028736262	2.440128965268863e-07
114.59732795344917	2.554224112772886e-07
117.69455303327211	2.6709645833336053e-07
120.79177811309508	2.790353816080658e-07
123.88900319291801	2.9123953279451357e-07
126.98622827274096	3.0370927137524196e-07
130.08345335256394	3.164449646317358e-07
133.18067843238688	3.294469876541783e-07
136.27790351220983	3.427157233514357e-07
139.37512859203278	3.5625156246127485e-07
142.47235367185573	3.7005490356081327e-07
145.5695787516787	3.841261530772012e-07
148.66680383150162	3.9846572529853575e-07
151.76402891132457	4.130740423850073e-07
154.86125399114752	4.279515343802775e-07
157.95847907097047	4.430986392230893e-07
161.05570415079345	4.585158027591095e-07
164.15292923061637	4.742034787530032e-07
167.2501543104393	4.901621289007403e-07
170.3473793902623	5.063922228421352e-07
173.44460447008524	5.22894238173619e-07
176.54182954990816	5.396686604612441e-07
179.63905462973113	5.567159832539231e-07
182.73627970955408	5.740367080969004e-07
185.83350478937706	5.916313445454575e-07
188.9307298692	6.095004101788533e-07
192.02795494902293	6.276444306144974e-07
195.1251800288459	6.460639395223592e-07
198.22240510866885	6.647594786396119e-07
201.3196301884918	6.837315977855111e-07
204.41685526831475	7.029808548765101e-07
207.5140803481377	7.225078159416108e-07
210.61130542796064	7.423130551379511e-07
213.70853050778362	7.623971547666291e-07
216.80575558760657	7.827607052887653e-07
219.9029806674295	8.034043053418013e-07
223.00020574725247	8.243285617560373e-07
226.0974308270754	8.455340895714083e-07
229.19465590689836	8.670215120544985e-07
232.2918809867213	8.887914607157959e-07
235.38910606654426	9.108445753271859e-07
238.48633114636723	9.331815039396859e-07
241.58355622619015	9.558029029014205e-07
244.68078130601313	9.787094368758373e-07
247.77800638583608	1.0019017788601651e-06
250.875231465659	1.025380610204114e-06
253.97245654548198	1.049146620628818e-06
257.06968162530495	1.0732005082460212e-06
260.1669067051279	1.0975429795775075e-06
263.26413178495085	1.122174749574774e-06
266.36135686477377	1.1470965416389492e-06
269.45858194459674	1.172309087640958e-06
272.55580702441966	1.19781312794193e-06
275.65303210424264	1.2236094114138556e-06
278.7502571840656	1.2496986954604894e-06
281.84748226388854	1.2760817460384991e-06
284.9447073437115	1.302759337678865e-06
288.0419324235345	1.3297322535085255e-06
291.1391575033574	1.3570012852722739e-06
294.23638258318033	1.3845672333549033e-06
297.3336076630033	1.4124309068036031e-06
300.4308327428262	1.4405931233506053e-06
303.5280578226492	1.4690547094360834e-06
306.6252829024722	1.4978165002313031e-06
309.7225079822951	1.526879339662025e-06
312.8197330621181	1.5562440804321618e-06
315.91695814194105	1.5859115840476897e-06
319.014183221764	1.6158827208408135e-06
322.1114083015869	1.6461583699943871e-06
325.20863338140987	1.676739419566592e-06
328.3058584612328	1.707626766515869e-06
331.40308354105576	1.7388213167261112e-06
334.50030862087874	1.770323985032112e-06
337.59753370070166	1.8021356952452735e-06
340.69475878052464	1.8342573801795739e-06
343.7919838603476	1.8666899816777947e-06
346.88920894017053	1.89943445063801e-06
349.98643401999345	1.9324917470403352e-06
353.08365909981643	1.9658628399739406e-06
356.18088417963935	1.9995487076643265e-06
359.2781092594623	2.0335503375008625e-06
362.3753343392853	2.067868726064591e-06
365.4725594191082	2.102504879156297e-06
368.5697844989312	2.137459811824843e-06
371.6670095787542	2.172734548395772e-06
374.7642346585771	2.208330122500175e-06
377.8614597384	2.244247577103833e-06
380.958684818223	2.280487964536621e-06
384.05590989804597	2.317052346522189e-06
387.1531349778689	2.3539417942079074e-06
390.25036005769186	2.391157388195089e-06
393.34758513751484	2.4287002185694817e-06
396.44481021733776	2.4665713849320337e-06
399.54203529716074	2.5047719964299355e-06
402.6392603769837	2.5433031717879334e-06
405.7364854568066	2.5821660393399226e-06
408.83371053662955	2.621361737060814e-06
411.93093561645253	2.6608914125986816e-06
415.02816069627545	2.7007562233071856e-06
418.1253857760984	2.740957336278277e-06
421.2226108559214	2.781495928375182e-06
424.3198359357443	2.822373186265667e-06
427.4170610155673	2.8635903064555875e-06
430.5142860953903	2.9051484953227176e-06
433.61151117521314	2.9470489691508663e-06
436.7087362550361	2.9892929541642765e-06
439.8059613348591	3.0318816865623126e-06
442.903186414682	3.0748164125544314e-06
446.000411494505	3.118098388395444e-06
449.09763657432796	3.161728880421066e-06
452.1948616541509	3.2057091650837552e-06
455.29208673397386	3.2500405289888448e-06
458.38931181379684	3.2947242689309624e-06
461.4865368936197	3.3397616919307484e-06
464.5837619734427	3.385154115271862e-06
467.68098705326565	3.430902866538287e-06
470.7782121330886	3.477009283651932e-06
473.87543721291155	3.5234747149105246e-06
476.97266229273447	3.5703005190258093e-06
480.0698873725575	3.6174880651620403e-06
483.1671124523804	3.665038732974775e-06
486.26433753220334	3.7129539126499707e-06
489.3615626120263	3.761235004943381e-06
492.45878769184924	3.809883421220258e-06
495.55601277167216	3.858900583495358e-06
498.6532378514952	3.908287924473253e-06
501.7504629313181	3.9580468875889475e-06
504.84768801114103	4.008178927048806e-06
507.94491309096406	4.058685507871789e-06
511.042138170787	4.109568105930995e-06
514.1393632506099	4.1608282079955225e-06
517.2365883304329	4.2124673117726326e-06
520.3338134102559	4.2644869259502375e-06
523.4310384900788	4.316888570239696e-06
526.5282635699018	4.369673775418927e-06
529.6254886497246	4.422844083375843e-06
532.7227137295475	4.476401047152097e-06
535.8199388093706	4.530346230987153e-06
538.9171638891935	4.584681210362678e-06
542.0143889690164	4.639407572047252e-06
545.1116140488394	4.694526914141405e-06
548.2088391286624	4.7500408461229794e-06
551.3060642084854	4.805950988892813e-06
554.4032892883083	4.862258974820758e-06
557.5005143681312	4.918966447792016e-06
560.5977394479543	4.9760750632538206e-06
563.6949645277772	5.033586488262432e-06
566.7921896076001	5.0915024015304756e-06
569.8894146874231	5.149824493474615e-06
572.9866397672461	5.208554466263551e-06
576.083864847069	5.267694033866369e-06
579.181089926892	5.3272449221012125e-06
582.2783150067149	5.387208868684305e-06
585.3755400865377	5.447587623279306e-06
588.4727651663608	5.508382947547017e-06
591.5699902461837	5.569596615195418e-06
594.6672153260066	5.631230412030064e-06
597.7644404058296	5.693286136004813e-06
600.8616654856526	5.755765597272914e-06
603.9588905654755	5.818670618238435e-06
607.0561156452985	5.8820030336080494e-06
610.1533407251214	5.945764690443162e-06
613.2505658049444	6.009957448212405e-06
616.3477908847674	6.074583178844475e-06
619.4450159645902	6.139643766781331e-06
622.5422410444131	6.2051411090317545e-06
625.639466124236	6.271077115225262e-06
628.7366912040588	6.337453707666381e-06
631.8339162838818	6.4042728213892915e-06
634.9311413637047	6.4715364042128265e-06
638.0283664435275	6.539246416795841e-06
641.1255915233504	6.607404832692944e-06
644.2228166031733	6.676013638410609e-06
647.3200416829961	6.745074833463641e-06
650.417266762819	6.814590430432025e-06
653.514491842642	6.884562455018145e-06
656.6117169224649	6.954992946104378e-06
659.7089420022877	7.025883955811062e-06
662.8061670821106	7.097237549554848e-06
665.9033921619335	7.1690558061074255e-06
669.0006172417563	7.241340817654634e-06
672.0978423215793	7.314094689855958e-06
675.1950674014022	7.387319541904398e-06
678.292292481225	7.461017506586745e-06
681.3895175610479	7.535190730344224e-06
684.4867426408708	7.6098413733335425e-06
687.5839677206936	7.684971609488321e-06
690.6811928005166	7.760583626580924e-06
693.7784178803395	7.83667962628468e-06
696.8756429601623	7.913261824236503e-06
699.9728680399852	7.99033245009991e-06
703.0700931198081	8.067893747628437e-06
706.167318199631	8.145947974729467e-06
709.2645432794538	8.22449740352845e-06
712.3617683592768	8.303544320433531e-06
715.4589934390997	8.383091026200596e-06
718.5562185189225	8.463139835998714e-06
721.6534435987454	8.543693079475997e-06
724.7506686785682	8.624753100825876e-06
727.8478937583911	8.706322258853784e-06
730.9451188382141	8.788402927044265e-06
734.0423439180369	8.870997493628493e-06
737.1395689978598	8.95410836165222e-06
740.2367940776826	9.037737949044138e-06
743.3340191575055	9.121888688684677e-06
746.4312442373284	9.206563028475216e-06
749.5284693171512	9.291763431407738e-06
752.6256943969742	9.377492375634895e-06
755.7229194767971	9.463752354540527e-06
758.8201445566199	9.550545876810605e-06
761.9173696364428	9.637875466504608e-06
765.0145947162657	9.725743663127343e-06
768.1118197960885	9.814153021701202e-06
771.2090448759114	9.903106112838873e-06
774.3062699557344	9.992605522816476e-06
777.4034950355572	1.0082653853647159e-05
780.5007201153801	1.0173253723155144e-05
783.597945195203	1.0264407765050216e-05
786.6951702750258	1.035611862900267e-05
789.7923953548487	1.0448388980718713e-05
792.8896204346717	1.0541221502016318e-05
795.9868455144946	1.063461889090155e-05
799.0840705943174	1.0728583861645337e-05
802.1812956741403	1.0823119144860717e-05
805.2785207539632	1.0918227487580542e-05
808.375745833786	1.1013911653335665e-05
811.472970913609	1.1110174422233576e-05
814.5701959934319	1.120701859103753e-05
817.6674210732547	1.1304446973246134e-05
820.7646461530776	1.1402462399173427e-05
823.8618712329005	1.1501067716029426e-05
826.9590963127233	1.160026578800116e-05
830.0563213925462	1.1700059496334186e-05
833.1535464723692	1.1800451739414595e-05
836.250771552192	1.1901445432851496e-05
839.3479966320149	1.2003043509560008e-05
842.4452217118378	1.2105248919844726e-05
845.5424467916607	1.2208064631483703e-05
848.6396718714835	1.2311493629812908e-05
851.7368969513064	1.2415538917811204e-05
854.8341220311294	1.2520203516185816e-05
857.9313471109522	1.2625490463458311e-05
861.0285721907751	1.2731402816051084e-05
864.125797270598	1.2837943648374353e-05
867.2230223504208	1.2945116052913663e-05
870.3202474302437	1.3052923140317917e-05
873.4174725100667	1.3161368039487914e-05
876.5146975898895	1.3270453897665405e-05
879.6119226697124	1.3380183880522686e-05
882.7091477495353	1.3490561172252704e-05
885.8063728293581	1.3601588975659689e-05
888.903597909181	1.3713270512250325e-05
892.000822989004	1.3825609022325452e-05
895.0980480688269	1.3938607765072301e-05
898.1952731486497	1.4052270018657265e-05
901.2924982284726	1.4166599080319216e-05
904.3897233082955	1.4281598266463369e-05
907.4869483881183	1.4397270912755672e-05
910.5841734679412	1.4513620374217776e-05
913.6813985477642	1.4630650025322531e-05
916.778623627587	1.4748363260090045e-05
919.8758487074099	1.4866763492184303e-05
922.9730737872328	1.4985854155010344e-05
926.0702988670556	1.5105638701811997e-05
929.1675239468785	1.5226120605770184e-05
932.2647490267015	1.53473033601018e-05
935.3619741065244	1.5469190478159142e-05
938.4591991863472	1.559178549352994e-05
941.5564242661701	1.5715091960137948e-05
944.653649345993	1.5839113452344106e-05
947.7508744258158	1.596385356504831e-05
950.8480995056387	1.6089315913791737e-05
953.9453245854615	1.6215504134859793e-05
957.0425496652845	1.6342421885385622e-05
960.1397747451074	1.647007284345422e-05
963.2369998249303	1.6598460708207145e-05
966.3342249047532	1.6727589199947835e-05
969.4314499845761	1.6857462060247517e-05
972.5286750643988	1.6988083052051734e-05
975.6259001442218	1.711945595978747e-05
978.7231252240447	1.725158458947089e-05
981.8203503038676	1.7384472768815705e-05
984.9175753836905	1.7518124347342136e-05
988.0148004635134	1.7652543196486526e-05
991.1120255433361	1.778773320971155e-05
994.209250623159	1.7923698302617076e-05
997.306475702982	1.806044241305163e-05
1000.4037007828049	1.819796950122453e-05
1003.5009258626277	1.833628354981862e-05
1006.5981509424506	1.8475388564103678e-05
1009.6953760222735	1.8615288572050445e-05
1012.7926011020963	1.875598762444531e-05
1015.8898261819191	1.889748979500564e-05
1018.9870512617421	1.903979918049578e-05
1022.084276341565	1.9182919900843688e-05
1025.181501421388	1.932685609925824e-05
1028.278726501211	1.9471611942347212e-05
1031.3759515810336	1.9617191620235896e-05
1034.4731766608566	1.976359934668642e-05
1037.5704017406795	1.9910839359217727e-05
1040.6676268205024	2.0058915919226236e-05
1043.7648519003253	2.0207833312107172e-05
1046.8620769801482	2.0357595847376595e-05
1049.959302059971	2.050820785879411e-05
1053.0565271397938	2.0659673704486268e-05
1056.1537522196168	2.0811997767070667e-05
1059.2509772994397	2.0965184453780747e-05
1062.3482023792626	2.1119238196591282e-05
1065.4454274590855	2.127416345234459e-05
1068.5426525389084	2.1429964702877435e-05
1071.6398776187311	2.158664645514867e-05
1074.737102698554	2.174421324136756e-05
1077.834327778377	2.1902669619122864e-05
1080.9315528582	2.20620201715126e-05
1084.0287779380228	2.2222269507274572e-05
1087.1260030178457	2.2383422260917613e-05
1090.2232280976684	2.2545483092853564e-05
1093.3204531774913	2.270845668952999e-05
1096.4176782573143	2.2872347763563654e-05
1099.5149033371372	2.3037161053874708e-05
1102.61212841696	2.3202901325821673e-05
1105.709353496783	2.3369573371337133e-05
1108.806578576606	2.3537182009064225e-05
1111.9038036564286	2.3705732084493854e-05
1115.0010287362516	2.3875228470102714e-05
1118.0982538160745	2.4045676065492046e-05
1121.1954788958974	2.421707979752718e-05
1124.2927039757203	2.4389444620477873e-05
1127.389929055543	2.4562775516159397e-05
1130.487154135366	2.4737077494074445e-05
1133.5843792151888	2.49123555915558e-05
1136.6816042950118	2.508861487390982e-05
1139.7788293748345	2.526586043456072e-05
1142.8760544546574	2.544409739519563e-05
1145.9732795344803	2.5623330905910493e-05
1149.0705046143032	2.580356614535676e-05
1152.1677296941261	2.5984808320888902e-05
1155.2649547739488	2.6167062668712737e-05
1158.3621798537717	2.6350334454034587e-05
1161.4594049335947	2.6534628971211265e-05
1164.5566300134176	2.6719951543900887e-05
1167.6538550932405	2.6906307525214525e-05
1170.7510801730632	2.70937022978687e-05
1173.8483052528861	2.7282141274338728e-05
1176.945530332709	2.7471629897012908e-05
1180.042755412532	2.766217363834756e-05
1183.1399804923549	2.785377800102294e-05
1186.2372055721778	2.8046448518099992e-05
1189.3344306520005	2.824019075317801e-05
1192.4316557318234	2.843501030055312e-05
1195.5288808116463	2.8630912785377677e-05
1198.6261058914693	2.8827903863820538e-05
1201.7233309712922	2.9025989223228208e-05
1204.820556051115	2.9225174582286885e-05
1207.917781130938	2.9425465691185413e-05
1211.0150062107607	2.9626868331779107e-05
1214.1122312905836	2.982938831775452e-05
1217.2094563704065	3.0033031494795086e-05
1220.3066814502295	3.0237803740747702e-05
1223.4039065300524	3.0443710965790214e-05
1226.5011316098753	3.065075911259984e-05
1229.598356689698	3.085895415652251e-05
1232.695581769521	3.106830210574316e-05
1235.7928068493438	3.127880900145694e-05
1238.8900319291668	3.1490480918041384e-05
1241.9872570089897	3.170332396322954e-05
1245.0844820888126	3.1917344278284e-05
1248.1817071686355	3.2132548038171976e-05
1251.2789322484584	3.2348941451741255e-05
1254.3761573282814	3.256653076189719e-05
1257.4733824081043	3.2785322245780616e-05
1260.5706074879272	3.3005322214946795e-05
1263.6678325677499	3.322653701554528e-05
1266.7650576475728	3.344897302850085e-05
1269.8622827273957	3.367263666969537e-05
1272.9595078072186	3.389753439015069e-05
1276.0567328870416	3.412367267621256e-05
1279.1539579668645	3.435105804973551e-05
1282.2511830466872	3.457969706826877e-05
1285.34840812651	3.480959632524327e-05
1288.445633206333	3.504076245015957e-05
1291.542858286156	3.527320210877688e-05
1294.6400833659789	3.55069220033031e-05
1297.7373084458018	3.574192887258594e-05
1300.8345335256247	3.597822949230504e-05
1303.9317586054474	3.621583067516518e-05
1307.0289836852703	3.6454739271090525e-05
1310.1262087650932	3.6694962167419975e-05
1313.2234338449161	3.693650628910355e-05
1316.320658924739	3.717937859889987e-05
1319.417884004562	3.742358609757472e-05
1322.5151090843847	3.76691358241007e-05
1325.6123341642076	3.791603485585799e-05
1328.7095592440305	3.816429030883616e-05
1331.8067843238534	3.841390933783717e-05
1334.9040094036764	3.8664899136679446e-05
1338.0012344834993	3.891726693840301e-05
1341.098459563322	3.917102001547587e-05
1344.195684643145	3.942616568000143e-05
1347.2929097229678	3.9682711283927066e-05
1350.3901348027907	3.99406642192539e-05
1353.4873598826136	4.0200031918247635e-05
1356.5845849624366	4.046082185365062e-05
1359.6818100422595	4.072304153889503e-05
1362.7790351220822	4.0986698528317244e-05
1365.876260201905	4.125180041737339e-05
1368.973485281728	4.151835484285606e-05
1372.070710361551	4.178636948311222e-05
1375.1679354413739	4.205585205826232e-05
1378.2651605211968	4.232681033042061e-05
1381.3623856010195	4.259925210391664e-05
1384.4596106808424	4.287318522551797e-05
1387.5568357606653	4.314861758465415e-05
1390.6540608404882	4.3425557113641886e-05
1393.7512859203111	4.370401178791141e-05
1396.848511000134	4.398398962623418e-05
1399.945736079957	4.4265498690951724e-05
1403.0429611597797	4.454854708820583e-05
1406.1401862396026	4.4833142968169905e-05
1409.2374113194255	4.511929452528169e-05
1412.3346363992484	4.540700999847719e-05
1415.4318614790714	4.569629767142589e-05
1418.5290865588943	4.598716587276729e-05
1421.626311638717	4.62796229763487e-05
1424.72353671854	4.6573677401464365e-05
1427.8207617983628	4.6869337613095874e-05
1430.9179868781857	4.7166612122153904e-05
1434.0152119580086	4.746550948572128e-05
1437.1124370378316	4.776603830729735e-05
1440.2096621176545	4.8068207237043736e-05
1443.3068871974772	4.8372024972031384e-05
1446.4041122773	4.867750025648899e-05
1449.501337357123	4.898464188205281e-05
1452.598562436946	4.929345868801777e-05
1455.6957875167689	4.960395956159001e-05
1458.7930125965918	4.9916153438140795e-05
1461.8902376764145	5.0230049301461803e-05
1464.9874627562374	5.054565618402182e-05
1468.0846878360603	5.086298316722482e-05
1471.1819129158832	5.11820393816695e-05
1474.2791379957062	5.1502834007410194e-05
1477.376363075529	5.182537627421922e-05
1480.4735881553518	5.214967546185069e-05
1483.5708132351747	5.247574090030572e-05
1486.6680383149976	5.280358197009915e-05
1489.7652633948205	5.313320810252765e-05
1492.8624884746434	5.346462877993935e-05
1495.9597135544664	5.3797853536004936e-05
1499.0569386342893	5.41328919559902e-05
1502.154163714112	5.44697536770301e-05
1505.251388793935	5.4808448388404335e-05
1508.3486138737578	5.514898583181442e-05
1511.4458389535807	5.5491375801662224e-05
1514.5430640334037	5.583562814533013e-05
1517.6402891132266	5.618175276346266e-05
1520.7375141930493	5.652975961024961e-05
1523.8347392728722	5.6879658693710865e-05
1526.931964352695	5.723146007598261e-05
1530.029189432518	5.758517387360522e-05
1533.126414512341	5.794081025781271e-05
1536.2236395921639	5.829837945482369e-05
1539.3208646719868	5.8657891746134025e-05
1542.4180897518095	5.901935746881102e-05
1545.5153148316324	5.938278701578923e-05
1548.6125399114553	5.974819083616792e-05
1551.7097649912782	6.0115579435510094e-05
1554.8069900711012	6.048496337614324e-05
1557.904215150924	6.085635327746164e-05
1561.0014402307468	6.122975981623038e-05
1564.0986653105697	6.160519372689103e-05
1567.1958903903926	6.198266580186896e-05
1570.2931154702155	6.236218689188239e-05
1573.3903405500384	6.274376790625308e-05
1576.4875656298614	6.312741981321873e-05
1579.584790709684	6.351315364024714e-05
1582.682015789507	6.390098047435207e-05
1585.77924086933	6.429091146241072e-05
1588.8764659491528	6.468295781148316e-05
1591.9736910289757	6.507713078913332e-05
1595.0709161087987	6.547344172375182e-05
1598.1681411886216	6.587190200488057e-05
1601.2653662684443	6.627252308353914e-05
1604.3625913482672	6.667531647255288e-05
1607.45981642809	6.708029374688294e-05
1610.557041507913	6.748746654395794e-05
1613.654266587736	6.789684656400763e-05
1616.7514916675589	6.830844557039823e-05
1619.8487167473816	6.872227538996972e-05
1622.9459418272045	6.91383479133749e-05
1626.0431669070274	6.955667509542033e-05
1629.1403919868503	6.997726895540921e-05
1632.2376170666732	7.040014157748601e-05
1635.3348421464962	7.082530511098308e-05
1638.432067226319	7.125277177076913e-05
1641.5292923061418	7.168255383759965e-05
1644.6265173859647	7.211466365846921e-05
1647.7237424657876	7.254911364696571e-05
1650.8209675456105	7.298591628362658e-05
1653.9181926254332	7.342508411629692e-05
1657.0154177052561	7.386662976048963e-05
1660.112642785079	7.43105658997475e-05
1663.209867864902	7.475690528600722e-05
1666.307092944725	7.520566073996556e-05
1669.4043180245476	7.565684515144736e-05
1672.5015431043705	7.611047147977566e-05
1675.5987681841934	7.656655275414386e-05
1678.6959932640164	7.702510207398985e-05
1681.793218343839	7.748613260937226e-05
1684.890443423662	7.79496576013488e-05
1687.9876685034849	7.841569036235654e-05
1691.0848935833078	7.888424427659445e-05
1694.1821186631307	7.93553328004079e-05
1697.2793437429536	7.982896946267543e-05
1700.3765688227763	8.030516786519742e-05
1703.4737939025993	8.078394168308714e-05
1706.5710189824222	8.126530466516377e-05
1709.668244062245	8.174927063434766e-05
1712.765469142068	8.223585348805775e-05
1715.862694221891	8.272506719861118e-05
1718.9599193017136	8.321692581362506e-05
1722.0571443815365	8.371144345642051e-05
1725.1543694613595	8.420863432642886e-05
1728.2515945411824	8.470851269960014e-05
1731.3488196210053	8.521109292881378e-05
1734.4460447008282	8.571638944429158e-05
1737.5432697806511	8.622441675401295e-05
1740.6404948604738	8.673518944413243e-05
1743.7377199402968	8.724872217939956e-05
1746.8349450201197	8.776502970358096e-05
1749.9321700999426	8.82841268398848e-05
1753.0293951797655	8.880602849138765e-05
1756.1266202595884	8.93307496414636e-05
1759.2238453394111	8.985830535421571e-05
1762.321070419234	9.038871077491003e-05
1765.418295499057	9.092198113041174e-05
1768.51552057888	9.145813172962396e-05
1771.6127456587028	9.199717796392876e-05
1774.7099707385257	9.253913530763073e-05
1777.8071958183486	9.308401931840299e-05
1780.9044208981713	9.363184563773557e-05
1784.0016459779943	9.418262999138638e-05
1787.0988710578172	9.473638818983455e-05
1790.19609613764	9.529313612873637e-05
1793.293321217463	9.585288978938371e-05
1796.390546297286	9.641566523916495e-05
1799.4877713771086	9.698147863202846e-05
1802.5849964569315	9.755034620894869e-05
1805.6822215367545	9.812228429839474e-05
1808.7794466165774	9.869730931680163e-05
1811.8766716964003	9.927543776904405e-05
1814.9738967762232	9.985668624891283e-05
1818.071121856046	0.00010044107143959401
1821.1683469358688	0.00010102861011415052
1824.2655720156918	0.0001016193191360066
1827.3627970955147	0.0001022132154594348
1830.4600221753376	0.00010281031613004575
1833.5572472551605	0.00010341063828528063
1836.6544723349834	0.00010401419915490632
1839.7516974148061	0.00010462101606151334
1842.848922494629	0.00010523110642101651
1845.946147574452	0.0001058444877431584
1849.043372654275	0.00010646117763201555
1852.1405977340978	0.00010708119378650753
1855.2378228139207	0.00010770455400090877
1858.3350478937434	0.00010833127616536329
1861.4322729735663	0.00010896137826640217
1864.5294980533893	0.00010959487838746402
1867.6267231332122	0.00011023179470941828
1870.723948213035	0.00011087214551109135
1873.821173292858	0.00011151594916979577
1876.918398372681	0.00011216322416186225
1880.0156234525036	0.00011281398906317464
1883.1128485323266	0.00011346826254970793
1886.2100736121495	0.00011412606339806921
1889.3072986919724	0.00011478741048604159
1892.4045237717953	0.0001154523227931312
1895.5017488516182	0.00011612081940111725
1898.598973931441	0.000116792919494605
1901.6961990112638	0.00011746864236158197
1904.7934240910868	0.00011814800739397719
1907.8906491709095	0.00011883103408822348
1910.9878742507326	0.000119517742045823
1914.0850993305553	0.00012020815097391577
1917.1823244103784	0.00012090228068585153
1920.2795494902011	0.00012160015110176466
1923.3767745700243	0.00012230178224915234
1926.473999649847	0.00012300719426345594
1929.5712247296697	0.0001237164073886456
1932.6684498094928	0.00012442944197780815
1935.7656748893155	0.00012514631849373822
1938.8628999691387	0.00012586705750953266
1941.9601250489613	0.00012659167970918838
1945.0573501287845	0.00012732020588820332
1948.1545752086072	0.00012805265695418094
1951.2518002884299	0.00012878905392743807
1954.349025368253	0.00012952941794161602
1957.4462504480757	0.00013027377024429524
1960.5434755278989	0.00013102213219761338
1963.6407006077216	0.0001317745252788867
1966.7379256875447	0.0001325309710812351
1969.8351507673674	0.0001332914913142106
1972.93237584719	0.00013405610780442917
1976.0296009270132	0.0001348248424962064
1979.126826006836	0.0001355977174521964
1982.224051086659	0.00013637475485403448
1985.3212761664818	0.00013715597700298345
1988.4185012463045	0.00013794140632058329
1991.5157263261276	0.00013873106534930473
1994.6129514059503	0.00013952497675320634
1997.7101764857734	0.0001403231633185954
2000.8074015655961	0.0001411256479546923
2003.9046266454193	0.00014193245369429884
2007.001851725242	0.00014274360369447023
2010.0990768050647	0.00014355912123719078
2013.1963018848878	0.00014437902973005347
2016.2935269647105	0.0001452033527069433
2019.3907520445337	0.0001460321138287244
2022.4879771243563	0.0001468653368839312
2025.5852022041795	0.00014770304578946318
2028.6824272840022	0.0001485452645912839
2031.7796523638249	0.00014939201746512354
2034.876877443648	0.0001502433287171857
2037.9741025234707	0.00015109922278485808
2041.0713276032939	0.00015195972423742707
2044.1685526831166	0.00015282485777679653
2047.2657777629393	0.0001536946482382104
2050.3630028427624	0.00015456912059097963
2053.460227922585	0.00015544829993921293
2056.5574530024082	0.00015633221152255185
2059.654678082231	0.00015722088071690993
2062.751903162054	0.00015811433303521597
2065.8491282418768	0.0001590125941281615
2068.9463533216995	0.00015991568978495263
2072.0435784015226	0.0001608236459340658
2075.1408034813453	0.00016173648864400818
2078.2380285611684	0.00016265424412408204
2081.335253640991	0.00016357693872515367
2084.4324787208143	0.0001645045989404265
2087.529703800637	0.0001654372514062186
2090.6269288804597	0.0001663749229027447
2093.724153960283	0.00016731764035490254
2096.8213790401055	0.0001682654308330635
2099.9186041199287	0.00016921832155386804
2103.0158291997514	0.00017017633988102544
2106.1130542795745	0.00017113951332611805
2109.210279359397	0.00017210786954941016
2112.30750443922	0.00017308143636066145
2115.404729519043	0.00017406024171994506
2118.5019545988657	0.00017504431373847017
2121.599179678689	0.00017603368067940946
2124.6964047585116	0.0001770283709587311
2127.7936298383343	0.0001780284131460355
2130.8908549181574	0.00017903383596539686
2133.98807999798	0.00018004466829620944
2137.0853050778032	0.00018106093917403865
2140.182530157626	0.000182082677791477
2143.279755237449	0.00018310991349900489
2146.376980317272	0.00018414267580585633
2149.4742053970945	0.00018518099438088955
2152.5714304769176	0.00018622489905346256
2155.6686555567403	0.00018727441981431376
2158.7658806365635	0.00018832958681644745
2161.863105716386	0.00018939043037602453
2164.9603307962093	0.00019045698097325814
2168.057555876032	0.00019152926925331448
2171.1547809558547	0.0001926073260272188
2174.252006035678	0.00019369118227276647
2177.3492311155005	0.00019478086913543932
2180.4464561953237	0.00019587641792932718
2183.5436812751464	0.00019697786013805468
2186.640906354969	0.0001980852274157134
2189.738131434792	0.0001991985515877993
2192.835356514615	0.0002003178646521555
2195.932581594438	0.00020144319877992052
2199.0298066742607	0.00020257458631648184
2202.127031754084	0.0002037120597824351
2205.2242568339066	0.00020485565187454855
2208.3214819137293	0.00020600539546673327
2211.4187069935524	0.00020716132361101876
2214.515932073375	0.00020832346953853428
2217.6131571531982	0.00020949186666049572
2220.710382233021	0.00021066654856919816
2223.807607312844	0.00021184754903901413
2226.904832392667	0.00021303490202739765
2230.0020574724895	0.00021422864167589396
2233.0992825523126	0.00021542880231115513
2236.1965076321353	0.00021663541844596146
2239.2937327119585	0.00021784852478024883
2242.390957791781	0.00021906815620214185
2245.488182871604	0.00022029434778899308
2248.585407951427	0.00022152713480842813
2251.6826330312497	0.00022276655271939692
2254.779858111073	0.00022401263717323084
2257.8770831908955	0.00022526542401470618
2260.9743082707187	0.00022652494928311354
2264.0715333505414	0.00022779124921333354
2267.168758430364	0.00022906436023691868
2270.265983510187	0.00023034431898318145
2273.36320859001	0.0002316311622802888
2276.460433669833	0.00023292492715636286
2279.5576587496557	0.000234225650840588
2282.654883829479	0.00023553337076432458
2285.7521089093016	0.00023684812456222868
2288.8493339891243	0.00023816995007337874
2291.9465590689474	0.00023949888534240856
2295.04378414877	0.00024083496862064684
2298.1410092285932	0.0002421782383672634
2301.238234308416	0.00024352873325042204
2304.335459388239	0.0002448864921484401
2307.432684468062	0.00024625155415095474
2310.5299095478845	0.0002476239585600961
2313.6271346277076	0.00024900374489166704
2316.7243597075303	0.00025039095287633005
2319.8215847873535	0.0002517856224608009
2322.918809867176	0.0002531877938090493
2326.016034946999	0.0002545975073035064
2329.113260026822	0.0002560148035462797
2332.2104851066447	0.0002574397233603746
2335.307710186468	0.0002588723077909235
2338.4049352662905	0.00026031259810642166
2341.5021603461137	0.0002617606357999707
2344.5993854259364	0.0002632164625905291
2347.696610505759	0.0002646801204241701
2350.793835585582	0.00026615165147534677
2353.891060665405	0.000267631098148165
2356.988285745228	0.0002691185030776634
2360.0855108250507	0.0002706139091311009
2363.182735904874	0.0002721173594092521
2366.2799609846966	0.00027362889724770977
2369.3771860645193	0.0002751485662181955
2372.4744111443424	0.00027667641012987776
2375.571636224165	0.0002782124730306977
2378.6688613039883	0.0002797567992087028
2381.766086383811	0.0002813094331933884
2384.8633114636336	0.00028287041975704716
2387.960536543457	0.00028443980391612637
2391.0577616232795	0.00028601763093259324
2394.1549867031026	0.0002876039463153083
2397.2522117829253	0.0002891987958214069
2400.3494368627485	0.000290802225457689
2403.446661942571	0.00029241428148201674
2406.543887022394	0.00029403501040472087
2409.641112102217	0.00029566445899001495
2412.7383371820397	0.0002973026742574182
2415.835562261863	0.0002989497034831866
2418.9327873416855	0.0003006055942017529
2422.0300124215087	0.0003022703942071746
2425.1272375013314	0.00030394415155459066
2428.224462581154	0.0003056269145616871
2431.321687660977	0.00030731873181017116
2434.4189127408	0.00030901965214725406
2437.516137820623	0.00031072972468714285
2440.6133629004457	0.0003124489988125408
2443.710587980269	0.0003141775241761571
2446.8078130600916	0.0003159153507022251
2449.9050381399143	0.0003176625285880301
2453.0022632197374	0.0003194191083054458
2456.09948829956	0.00032118514060248016
2459.196713379383	0.0003229606765048303
2462.293938459206	0.0003247457673174469
2465.3911635390286	0.0003265404646261079
2468.488388618852	0.00032834482029900125
2471.5856136986745	0.0003301588864883177
2474.682838778497	0.00033198271563185275
2477.7800638583203	0.00033381636045461816
2480.877288938143	0.0003356598739704634
2483.9745140179657	0.00033751330948370657
2487.071739097789	0.0003393767205907751
2490.1689641776115	0.00034125016118185646
2493.2661892574347	0.00034313368544255875
2496.3634143372574	0.000345027347855581
2499.46063941708	0.00034693120320239407
2502.557864496903	0.00034884530656493096
2505.655089576726	0.0003507697133272879
2508.752314656549	0.00035270447917743527
2511.8495397363718	0.0003546496601089392
2514.9467648161944	0.00035660531242269326
2518.0439898960176	0.0003585714927286606
2521.1412149758403	0.000360548257947627
2524.238440055663	0.0003625356653129638
2527.335665135486	0.00036453377237240226
2530.432890215309	0.00036654263698981823
2533.530115295132	0.0003685623173470277
2536.6273403749547	0.0003705928719455931
2539.724565454778	0.00037263435960864093
2542.8217905346005	0.00037468683948269
2545.919015614423	0.00037675037103949093
2549.0162406942463	0.000378825014077877
2552.113465774069	0.00038091082872562587
2555.210690853892	0.00038300787544133297
2558.307915933715	0.0003851162150162962
2561.405141013538	0.00038723590857641196
2564.5023660933607	0.0003893670175840829
2567.5995911731834	0.0003915096038401372
2570.6968162530065	0.0003936637294857597
2573.7940413328292	0.0003958294570044347
2576.8912664126524	0.00039800684922390074
2579.988491492475	0.00040019596931811704
2583.085716572298	0.0004023968808092424
2586.182941652121	0.000404609647569626
2589.2801667319436	0.00040683433382381046
2592.3773918117668	0.0004090710041505469
2595.4746168915894	0.00041131972348482283
2598.5718419714126	0.00041358055711990233
2601.6690670512353	0.0004158535707093785
2604.766292131058	0.0004181388302692388
2607.863517210881	0.0004204364021799431
2610.960742290704	0.00042274635318851445
2614.057967370527	0.00042506875041064266
2617.1551924503497	0.00042740366133280116
2620.252417530173	0.0004297511538143764
2623.3496426099955	0.00043211129608981103
2626.446867689818	0.00043448415677075974
2629.5440927696413	0.0004368698048482589
2632.641317849464	0.0004392683096949092
2635.738542929287	0.00044167974106707234
2638.83576800911	0.0004441041691070808
2641.932993088933	0.0004465416643454615
2645.0302181687557	0.0004489922977031737
2648.1274432485784	0.00045145614049385985
2651.2246683284015	0.00045393326442611155
2654.3218934082242	0.00045642374160574867
2657.4191184880474	0.00045892764453811324
2660.51634356787	0.00046144504613037735
2663.613568647693	0.00046397601969386563
2666.710793727516	0.00046652063894639205
2669.8080188073386	0.0004690789780146114
2672.9052438871618	0.00047165111143638547
2676.0024689669845	0.00047423711416316397
2679.0996940468076	0.00047683706156238055
2682.1969191266303	0.0004794510294198635
2685.294144206453	0.0004820790939422618
2688.391369286276	0.0004847213317594864
2691.488594366099	0.00048737781992716663
2694.585819445922	0.0004900486359291224
2697.6830445257447	0.0004927338576798515
2700.780269605568	0.0004954335635270327
2703.8774946853905	0.0004981478322540452
2706.974719765213	0.0005008767430825029
2710.0719448450363	0.0005036203756748054
2713.169169924859	0.000506378810136705
2716.266395004682	0.00050915212701989
2719.363620084505	0.0005119404073245836
2722.460845164328	0.0005147437325021604
2725.5580702441507	0.0005175621844577789
2728.6552953239734	0.00052039584555303
2731.7525204037966	0.0005232447986086041
2734.8497454836192	0.000526109126906973
2737.9469705634424	0.0005289889141950903
2741.044195643265	0.0005318842446871087
2744.141420723088	0.0005347952030671142
2747.238645802911	0.0005377218744918781
2750.3358708827336	0.0005406643445936261
2753.4330959625568	0.000543622699482826
2756.5303210423795	0.000546597025750992
2759.6275461222026	0.0005495874104735074
2762.7247712020253	0.0005525939412124665
2765.821996281848	0.0005556167060195322
2768.919221361671	0.0005586557934388147
2772.016446441494	0.0005617112925097662
2775.113671521317	0.0005647832927700963
2778.2108966011397	0.0005678718842587044
2781.308121680963	0.0005709771575186322
2784.4053467607855	0.0005740992036000345
2787.502571840608	0.0005772381140631692
2790.5997969204313	0.0005803939809814069
2793.697022000254	0.0005835668969442598
2796.794247080077	0.00058675695506043
2799.8914721599	0.0005899642489608773
2802.9886972397226	0.0005931888728019078
2806.0859223195457	0.0005964309212682813
2809.1831473993684	0.0005996904895763394
2812.2803724791916	0.0006029676734771543
2815.3775975590142	0.0006062625692596972
2818.4748226388374	0.0006095752737540279
2821.57204771866	0.0006129058843345048
2824.669272798483	0.000616254498923016
2827.766497878306	0.0006196212159922316
2830.8637229581286	0.0006230061345688766
2833.9609480379518	0.0006264093542370261
2837.0581731177745	0.0006298309751414208
2840.1553981975976	0.0006332710979908056
2843.2526232774203	0.0006367298240612889
2846.349848357243	0.0006402072551997243
2849.447073437066	0.0006437034938271148
2852.544298516889	0.0006472186429420388
2855.641523596712	0.0006507528061240991
2858.7387486765347	0.0006543060875373941
2861.8359737563574	0.0006578785919340121
2864.9331988361805	0.0006614704246575488
2868.030423916003	0.0006650816916466476
2871.1276489958263	0.0006687124994385635
2874.224874075649	0.0006723629551727508
2877.322099155472	0.0006760331665944736
2880.419324235295	0.0006797232420584415
2883.5165493151176	0.0006834332905324681
2886.6137743949407	0.000687163421601155
2889.7109994747634	0.0006909137454695991
2892.8082245545866	0.0006946843729671253
2895.9054496344093	0.0006984754155510438
2899.0026747142324	0.0007022869853104323
2902.099899794055	0.0007061191949699435
2905.197124873878	0.0007099721578936378
2908.294349953701	0.0007138459880888426
2911.3915750335236	0.0007177408002100352
2914.4888001133468	0.0007216567095627542
2917.5860251931695	0.0007255938321075355
2920.6832502729926	0.0007295522844638749
2923.7804753528153	0.000733532183914218
2926.877700432638	0.0007375336484079757
2929.974925512461	0.000741556796565568
2933.072150592284	0.0007456017476824942
2936.169375672107	0.0007496686217334304
2939.2666007519297	0.0007537575393763553
2942.3638258317524	0.0007578686219567035
2945.4610509115755	0.0007620019915115463
2948.558275991398	0.0007661577707738018
2951.6555010712214	0.000770336083176473
2954.752726151044	0.0007745370528569143
2957.849951230867	0.0007787608046611275
2960.94717631069	0.0007830074641480867
2964.0444013905126	0.0007872771575940924
2967.1416264703357	0.0007915700119971557
2970.2388515501584	0.0007958861550814121
2973.3360766299816	0.0008002257153015653
2976.4333017098043	0.0008045888218473612
2979.5305267896274	0.0008089756046480931
2982.62775186945	0.0008133861943771371
2985.724976949273	0.000817820722456519
2988.822202029096	0.0008222793210615116
2991.9194271089186	0.0008267621231252645
2995.016652188742	0.0008312692623434661
2998.1138772685645	0.0008358008731790356
3001.211102348387	0.0008403570908668498
3004.3083274282103	0.0008449380514185003
3007.405552508033	0.0008495438916270853
3010.502777587856	0.0008541747490720333
3013.600002667679	0.0008588307621239603
3016.697227747502	0.0008635120699495612
3019.7944528273247	0.0008682188125165344
3022.8916779071474	0.000872951130598541
3025.9889029869705	0.0008777091657801981
3029.086128066793	0.0008824930604621069
3032.1833531466164	0.000887302957865916
3035.280578226439	0.0008921390020394195
3038.377803306262	0.0008970013378616915
3041.475028386085	0.0009018901110482546
3044.5722534659076	0.0009068054681562872
3047.6694785457307	0.0009117475565898647
3050.7667036255534	0.0009167165246052388
3053.8639287053766	0.0009217125213161535
3056.9611537851993	0.0009267356966991982
3060.0583788650224	0.0009317862015991985
3063.155603944845	0.0009368641877346451
3066.252829024668	0.0009419698077031607
3069.350054104491	0.0009471032149870054
3072.4472791843136	0.0009522645639586212
3075.544504264137	0.0009574540098862152
3078.6417293439595	0.0009626717089393826
3081.738954423782	0.00096791781819477
3084.8361795036053	0.0009731924956417775
3087.933404583428	0.0009784959001883028
3091.030629663251	0.0009838281916665246
3094.127854743074	0.0009891895308387286
3097.225079822897	0.0009945800794031734
3097.225079822949	0.001
