0.0	0.0008607079764250577
3.0915948264069852	0.0008632655127732775
6.1831896528139705	0.0008657797462948563
9.274784479220957	0.0008682512715358694
12.366379305627941	0.0008706806803077781
15.457974132034927	0.000873068561453221
18.549568958441913	0.0008754155006243707
21.6411637848489	0.0008777220800734578
24.732758611255882	0.0008799888784550761
27.824353437662868	0.0008822164706398925
30.915948264069854	0.0008844054275393798
34.00754309047684	0.0008865563159412088
37.09913791688383	0.00088866969835494
40.19073274329081	0.0008907461328676522
43.2823275696978	0.0008927861730091707
46.37392239610478	0.000894790367626545
49.465517222511764	0.0008967592607674502
52.557112048918746	0.0008986933915721797
55.648706875325736	0.0009005932941739167
58.740301701732726	0.0009024594976069655
61.83189652813971	0.0009042925257226476
64.92349135454668	0.0009060928971125582
68.01508618095367	0.0009078611250388979
71.10668100736066	0.0009095977173715976
74.19827583376765	0.0009113031765319612
77.28987066017463	0.0009129779994425604
80.38146548658162	0.0009146226774831193
83.47306031298861	0.0009162376964521402
86.5646551393956	0.0009178235365340208
89.65624996580257	0.0009193806722714275
92.74784479220956	0.0009209095725426925
95.83943961861654	0.0009224107005440104
98.93103444502353	0.0009238845137762146
102.0226292714305	0.0009253314640359264
105.11422409783749	0.0009267519974108684
108.20581892424448	0.0009281465542791467
111.29741375065147	0.0009295155693123092
114.38900857705845	0.000930859471481995
117.48060340346545	0.0009321786840699952
120.57219822987244	0.0009334736246815506
123.66379305627942	0.0009347447052617246
126.75538788268639	0.0009359923321146788
129.84698270909337	0.0009372169059257074
132.93857753550037	0.0009384188217858707
136.03017236190735	0.0009395984692190858
139.12176718831435	0.0009407562322115365
142.21336201472133	0.0009418924892432625
145.30495684112833	0.000943007613321802
148.3965516675353	0.0009441019720177625
151.48814649394228	0.0009451759275021947
154.57974132034926	0.0009462298365856603
157.67133614675626	0.0009472640507588784
160.76293097316324	0.0009482789162348424
163.85452579957024	0.0009492747739923073
166.94612062597722	0.0009502519598205485
170.0377154523842	0.0009512108043652958
173.1293102787912	0.000952151633175752
176.22090510519817	0.0009530747667526091
179.31249993160515	0.0009539805205969812
182.40409475801212	0.0009548692052601676
185.49568958441913	0.0009557411263941778
188.5872844108261	0.0009565965848029383
191.67887923723308	0.0009574358764941152
194.77047406364005	0.0009582592927314828
197.86206889004706	0.0009590671200877769
200.95366371645406	0.0009598596404979698
204.045258542861	0.0009606371313129088
207.136853369268	0.000961399865353263
210.22844819567499	0.0009621481109637279
213.320043022082	0.0009628821320674301
216.41163784848897	0.0009636021882204934
219.50323267489594	0.0009643085346667127
222.59482750130294	0.0009650014223922978
225.68642232770995	0.0009656810981806421
228.7780171541169	0.0009663478046670791
231.8696119805239	0.0009670017803935888
234.9612068069309	0.0009676432598634192
238.05280163333788	0.000968272473595589
241.14439645974488	0.0009688896481792405
244.23599128615186	0.0009694950063278135
247.32758611255883	0.0009700887669330095
250.4191809389658	0.0009706711451185247
253.51077576537278	0.0009712423522935203
256.6023705917798	0.0009718025962058126
259.69396541818674	0.0009723520809947579
262.78556024459374	0.0009728910072438109
265.87715507100074	0.0009734195720327408
268.9687498974077	0.0009739379689894803
272.0603447238147	0.0009744463883416008
275.1519395502217	0.0009749450169673861
278.2435343766287	0.0009754340384465019
281.33512920303565	0.0009759136331102352
284.42672402944265	0.0009763839780913042
287.5183188558496	0.0009768452473732153
290.60991368225666	0.000977297611839164
293.70150850866355	0.0009777412393204676
296.7931033350706	0.0009781762946445215
299.88469816147756	0.0009786029396822676
302.97629298788456	0.0009790213333951724
306.06788781429157	0.0009794316318817076
309.1594826406985	0.0009798339884233205
312.2510774671055	0.0009802285535299008
315.3426722935125	0.000980615474984728
318.4342671199195	0.0009809948978889013
321.5258619463265	0.000981366964705249
324.6174567727334	0.0009817318153017111
327.7090515991405	0.000982089586994195
330.8006464255474	0.000982440414588904
333.89224125195443	0.0009827844304241336
336.98383607836143	0.000983121764411537
340.0754309047684	0.0009834525440768607
343.16702573117533	0.000983776894600145
346.2586205575824	0.000984094938855398
349.35021538398934	0.0009844067974497336
352.44181021039634	0.0009847125887619845
355.5334050368033	0.0009850124289807844
358.6249998632103	0.0009853064321421248
361.7165946896173	0.0009855947101663866
364.80818951602424	0.0009858773728948491
367.8997843424313	0.0009861545281256805
370.99137916883825	0.0009864262816494096
374.0829739952452	0.0009866927372838845
377.1745688216522	0.0009869539969087188
380.2661636480592	0.0009872101604992327
383.35775847446615	0.000987461326159886
386.4493533008732	0.000987707590157214
389.5409481272801	0.0009879490469522653
392.6325429536871	0.0009881857892325464
395.7241377800941	0.0009884179079434798
398.8157326065011	0.0009886454923193745
401.9073274329081	0.0009888686299139209
404.99892225931507	0.0009890874066302055
408.090517085722	0.000989301906750259
411.1821119121291	0.0009895122129641365
414.273706738536	0.0009897184063985347
417.3653015649431	0.0009899205666449552
420.45689639134997	0.0009901187717874153
423.548491217757	0.000990313098429711
426.640086044164	0.000990503621722239
429.731680870571	0.0009906904153883828
432.82327569697793	0.0009908735517504643
435.914870523385	0.0009910531017552737
439.0064653497919	0.0009912291349991728
442.0980601761989	0.0009914017197527858
445.1896550026059	0.000991570922985277
448.2812498290129	0.0009917368103882238
451.3728446554199	0.0009918994463990883
454.46443948182684	0.000992058894224294
457.5560343082338	0.0009922152158619122
460.64762913464085	0.0009923684721239619
463.7392239610478	0.0009925187226583335
466.8308187874548	0.0009926660259703323
469.9224136138618	0.0009928104394438583
473.01400844026875	0.0009929520193622168
476.10560326667576	0.0009930908209285741
479.19719809308276	0.0009932268982860539
482.28879291948977	0.0009933603045374907
485.3803877458967	0.0009934910917648327
488.4719825723037	0.0009936193110482122
491.56357739871066	0.0009937450124846768
494.65517222511767	0.000993868245206594
497.7467670515246	0.0009939890573997315
500.8383618779316	0.0009941074963210176
503.92995670433857	0.000994223608315989
507.02155153074557	0.000994337438835925
510.1131463571525	0.0009944490324546823
513.2047411835596	0.0009945584328852246
516.2963360099666	0.0009946656829958613
519.3879308363735	0.0009947708248261911
522.4795256627806	0.0009948738996027626
525.5711204891875	0.000994974947754452
528.6627153155945	0.0009950740089275634
531.7543101420015	0.0009951711220006578
534.8459049684085	0.0009952663250991107
537.9374997948154	0.0009953596556094096
541.0290946212224	0.0009954511501931891
544.1206894476294	0.000995540844801012
547.2122842740365	0.0009956287746858978
550.3038791004434	0.000995714974416605
553.3954739268503	0.0009957994778906714
556.4870687532574	0.000995882318347214
559.5786635796644	0.0009959635283794928
562.6702584060713	0.0009960431399472483
565.7618532324783	0.0009961211843888056
568.8534480588853	0.000996197692432961
571.9450428852923	0.0009962726942106446
575.0366377116992	0.0009963462192663713
578.1282325381062	0.0009964182965694756
581.2198273645133	0.0009964889545251412
584.3114221909202	0.0009965582209852256
587.4030170173271	0.0009966261232588797
590.4946118437342	0.0009966926881229757
593.5862066701412	0.0009967579418323355
596.6778014965481	0.0009968219101297699
599.7693963229551	0.000996884618255932
602.8609911493621	0.0009969460909589833
605.9525859757691	0.00099700635250408
609.044180802176	0.000997065426682682
612.1357756285831	0.0009971233368216872
615.2273704549901	0.0009971801057923925
618.318965281397	0.0009972357560192877
621.410560107804	0.0009972903094886834
624.502154934211	0.0009973437877571763
627.593749760618	0.000997396211959955
630.685344587025	0.0009974476028189478
633.7769394134319	0.000997497980650818
636.868534239839	0.0009975473653748073
639.960129066246	0.0009975957765204304
643.051723892653	0.0009976432332350232
646.1433187190598	0.0009976897542911495
649.2349135454668	0.0009977353580938656
652.3265083718738	0.000997780062687847
655.418103198281	0.000997823885764381
658.5096980246879	0.0009978668446682232
661.6012928510949	0.0009979089564043267
664.6928876775019	0.0009979502376444406
667.7844825039089	0.0009979907047335842
670.8760773303159	0.000998030373696397
673.9676721567229	0.0009980692602433662
677.0592669831298	0.0009981073797769378
680.1508618095368	0.000998144747397508
683.2424566359437	0.0009981813779093023
686.3340514623507	0.0009982172858261388
689.4256462887578	0.0009982524853770858
692.5172411151648	0.0009982869905120057
695.6088359415717	0.0009983208149069967
698.7004307679787	0.0009983539719697265
701.7920255943858	0.0009983864748446668
704.8836204207927	0.0009984183364182245
707.9752152471997	0.0009984495693237758
711.0668100736066	0.0009984801859466022
714.1584049000136	0.0009985101984287341
717.2499997264206	0.0009985396186736957
720.3415945528276	0.000998568458351165
723.4331893792346	0.000998596728901539
726.5247842056416	0.0009986244415404132
729.6163790320485	0.0009986516072629736
732.7079738584555	0.000998678236848304
735.7995686848626	0.000998704340863611
738.8911635112696	0.0009987299296683664
741.9827583376765	0.000998755013418369
745.0743531640834	0.0009987796020697296
748.1659479904904	0.000998803705382776
751.2575428168974	0.000998827332925886
754.3491376433044	0.000998850494079243
757.4407324697114	0.0009988731980385206
760.5323272961184	0.0009988954538184957
763.6239221225254	0.0009989172702565888
766.7155169489323	0.0009989386560163404
769.8071117753394	0.0009989596195908164
772.8987066017464	0.000998980169305947
775.9903014281533	0.0009990003133238047
779.0818962545602	0.0009990200596458134
782.1734910809672	0.000999039416115899
785.2650859073742	0.0009990583904235773
788.3566807337813	0.0009990769901069808
791.4482755601882	0.0009990952225558296
794.5398703865952	0.0009991130950143408
797.6314652130022	0.000999130614584085
800.7230600394092	0.0009991477882267826
803.8146548658162	0.0009991646227670507
806.9062496922232	0.0009991811248950926
809.9978445186301	0.0009991973011693367
813.0894393450371	0.0009992131580190237
816.181034171444	0.000999228701746743
819.2726289978511	0.0009992439385309196
822.3642238242581	0.0009992588744282532
825.455818650665	0.000999273515376108
828.547413477072	0.000999287867194859
831.639008303479	0.0009993019355901884
834.7306031298862	0.00099931572615534
837.822197956293	0.0009993292443733295
840.9137927826999	0.0009993424956191098
844.005387609107	0.0009993554851616957
847.096982435514	0.000999368218166246
850.1885772619208	0.0009993806996961062
853.280172088328	0.0009993929347148088
856.371766914735	0.0009994049280880374
859.463361741142	0.0009994166845855503
862.5549565675489	0.0009994282088830676
865.6465513939559	0.0009994395055641207
868.738146220363	0.000999450579121865
871.82974104677	0.0009994614339608598
874.9213358731768	0.0009994720743988091
878.0129306995838	0.0009994825046682726
881.1045255259908	0.0009994927289183398
884.1961203523978	0.0009995027512162743
887.2877151788048	0.0009995125755491222
890.3793100052118	0.0009995222058252924
893.4709048316188	0.0009995316458761053
896.5624996580258	0.0009995408994573083
899.6540944844328	0.0009995499702505648
902.7456893108398	0.0009995588618649136
905.8372841372468	0.0009995675778381981
908.9288789636537	0.0009995761216384674
912.0204737900606	0.0009995844966653534
915.1120686164676	0.0009995927062514155
918.2036634428747	0.0009996007536634637
921.2952582692817	0.0009996086421038518
924.3868530956886	0.000999616374711749
927.4784479220956	0.0009996239545643842
930.5700427485026	0.0009996313846782655
933.6616375749096	0.0009996386680103768
936.7532324013166	0.0009996458074593509
939.8448272277236	0.0009996528058666201
942.9364220541305	0.0009996596660175416
946.0280168805375	0.0009996663906425044
949.1196117069444	0.0009996729824180112
952.2112065333515	0.000999679443967741
955.3028013597585	0.000999685777863591
958.3943961861655	0.0009996919866266962
961.4859910125724	0.0009996980727284303
964.5775858389795	0.0009997040385913874
967.6691806653864	0.0009997098865903425
970.7607754917934	0.0009997156190531956
973.8523703182003	0.0009997212382618942
976.9439651446074	0.0009997267464533415
980.0355599710143	0.0009997321458202824
983.1271547974213	0.0009997374385121757
986.2187496238282	0.0009997426266360474
989.3103444502353	0.000999747712257327
992.4019392766425	0.0009997526974006687
995.4935341030492	0.0009997575840507544
998.5851289294563	0.0009997623741530835
1001.6767237558632	0.0009997670696147447
1004.7683185822704	0.0009997716723051733
1007.8599134086771	0.000999776184056896
1010.9515082350842	0.0009997806066662563
1014.0431030614911	0.0009997849418941298
1017.1346978878983	0.0009997891914666234
1020.226292714305	0.000999793357075762
1023.3178875407121	0.00099979744038016
1026.4094823671192	0.0009998014430056806
1029.501077193526	0.000999805366546082
1032.5926720199332	0.0009998092125636515
1035.68426684634	0.000999812982589826
1038.775861672747	0.0009998166781258002
1041.867456499154	0.0009998203006431246
1044.9590513255612	0.0009998238515842885
1048.050646151968	0.0009998273323632966
1051.142240978375	0.0009998307443662275
1054.2338358047818	0.0009998340889517878
1057.325430631189	0.0009998373674518506
1060.417025457596	0.000999840581171985
1063.508620284003	0.000999843731391977
1066.60021511041	0.000999846819366336
1069.691809936817	0.0009998498463247964
1072.7834047632239	0.0009998528134728033
1075.8749995896308	0.000999855721991995
1078.9665944160379	0.000999858573040671
1082.0581892424448	0.000999861367754254
1085.149784068852	0.0009998641072457397
1088.2413788952588	0.0009998667926061423
1091.332973721666	0.0009998694249049248
1094.424568548073	0.0009998720051904283
1097.5161633744797	0.0009998745344902858
1100.6077582008868	0.0009998770138118331
1103.6993530272937	0.0009998794441425079
1106.7909478537006	0.0009998818264502442
1109.8825426801077	0.0009998841616838566
1112.9741375065148	0.0009998864507734173
1116.0657323329217	0.0009998886946306269
1119.1573271593288	0.0009998908941491775
1122.2489219857355	0.0009998930502051065
1125.3405168121426	0.0009998951636571473
1128.4321116385497	0.0009998972353470698
1131.5237064649566	0.0009998992661000153
1134.6153012913637	0.0009999012567248255
1137.7068961177706	0.0009999032080143639
1140.7984909441775	0.0009999051207458315
1143.8900857705846	0.0009999069956810752
1146.9816805969915	0.000999908833566893
1150.0732754233984	0.0009999106351353294
1153.1648702498055	0.000999912401103967
1156.2564650762124	0.0009999141321762129
1159.3480599026195	0.000999915829041578
1162.4396547290266	0.0009999174923759518
1165.5312495554335	0.0009999191228418705
1168.6228443818404	0.000999920721088782
1171.7144392082473	0.000999922287753304
1174.8060340346542	0.0009999238234594764
1177.8976288610613	0.0009999253288190113
1180.9892236874684	0.0009999268044315354
1184.0808185138753	0.0009999282508848285
1187.1724133402824	0.0009999296687550584
1190.2640081666896	0.00099993105860701
1193.3556029930962	0.0009999324209943098
1196.4471978195033	0.0009999337564596455
1199.5387926459102	0.0009999350655349845
1202.6303874723174	0.000999936348741783
1205.7219822987242	0.0009999376065911952
1208.8135771251314	0.0009999388395842764
1211.9051719515383	0.0009999400482121816
1214.9967667779454	0.000999941232956363
1218.088361604352	0.0009999423942887598
1221.1799564307591	0.000999943532671987
1224.2715512571663	0.000999944648559519
1227.3631460835732	0.0009999457423958715
1230.4547409099803	0.0009999468146167766
1233.5463357363872	0.0009999478656493577
1236.637930562794	0.0009999488959122988
1239.7295253892012	0.0009999499058160116
1242.821120215608	0.000999950895762799
1245.9127150420152	0.000999951866147015
1249.004309868422	0.0009999528173552218
1252.0959046948292	0.0009999537497663435
1255.187499521236	0.0009999546637518173
1258.279094347643	0.000999955559675742
1261.37068917405	0.0009999564378950208
1264.462284000457	0.0009999572987595068
1267.5538788268639	0.0009999581426121393
1270.6454736532708	0.0009999589697890817
1273.737068479678	0.0009999597806198547
1276.828663306085	0.0009999605754274694
1279.920258132492	0.000999961354528553
1283.011852958899	0.0009999621182334773
1286.103447785306	0.000999962866846481
1289.1950426117128	0.0009999636006657918
1292.2866374381197	0.0009999643199837438
1295.3782322645268	0.0009999650250868955
1298.4698270909337	0.000999965716256143
1301.5614219173408	0.0009999663937668318
1304.6530167437477	0.000999967057888867
1307.744611570155	0.0009999677088868202
1310.836206396562	0.0009999683470200355
1313.9278012229688	0.0009999689725427323
1317.0193960493757	0.0009999695857041066
1320.1109908757826	0.0009999701867484303
1323.2025857021897	0.0009999707759151487
1326.2941805285966	0.000999971353438976
1329.3857753550037	0.0009999719195499875
1332.4773701814106	0.0009999724744737134
1335.5689650078177	0.0009999730184312263
1338.6605598342244	0.0009999735516392314
1341.7521546606317	0.0009999740743101514
1344.8437494870386	0.0009999745866522112
1347.9353443134457	0.0009999750888695213
1351.0269391398526	0.0009999755811621596
1354.1185339662595	0.0009999760637262487
1357.2101287926666	0.000999976536754038
1360.3017236190735	0.0009999770004339766
1363.3933184454804	0.00099997745495079
1366.4849132718873	0.000999977900485553
1369.5765080982947	0.0009999783372157637
1372.6681029247013	0.0009999787653154112
1375.7596977511087	0.0009999791849550472
1378.8512925775156	0.0009999795963018534
1381.9428874039227	0.0009999799995197077
1385.0344822303296	0.0009999803947692491
1388.1260770567362	0.0009999807822079433
1391.2176718831433	0.0009999811619901436
1394.3092667095502	0.0009999815342671538
1397.4008615359573	0.000999981899187287
1400.4924563623642	0.0009999822568959261
1403.5840511887716	0.000999982607535581
1406.6756460151785	0.000999982951245946
1409.7672408415854	0.0009999832881639537
1412.8588356679923	0.000999983618423832
1415.9504304943994	0.000999983942157155
1419.0420253208063	0.000999984259492899
1422.1336201472132	0.000999984570557489
1425.2252149736203	0.0009999848754748536
1428.3168098000272	0.000999985174366472
1431.4084046264343	0.0009999854673514218
1434.4999994528412	0.0009999857545464291
1437.5915942792483	0.0009999860360659124
1440.6831891056552	0.000999986312022029
1443.7747839320623	0.0009999865825247208
1446.8663787584692	0.0009999868476817566
1449.9579735848763	0.000999987107598775
1453.0495684112832	0.0009999873623793279
1456.14116323769	0.0009999876121249206
1459.232758064097	0.0009999878569350524
1462.3243528905039	0.0009999880969072561
1465.415947716911	0.0009999883321371386
1468.5075425433179	0.000999988562718415
1471.5991373697252	0.0009999887887429512
1474.690732196132	0.0009999890103007955
1477.7823270225392	0.0009999892274802178
1480.873921848946	0.0009999894403677433
1483.965516675353	0.0009999896490481882
1487.05711150176	0.0009999898536046912
1490.1487063281668	0.0009999900541187493
1493.240301154574	0.0009999902506702479
1496.3318959809808	0.0009999904433374948
1499.423490807388	0.00099999063219725
1502.5150856337948	0.0009999908173247561
1505.606680460202	0.0009999909987937693
1508.6982752866088	0.0009999911766765885
1511.789870113016	0.0009999913510440831
1514.8814649394228	0.0009999915219657224
1517.9730597658297	0.0009999916895096033
1521.0646545922368	0.0009999918537424762
1524.1562494186437	0.0009999920147297733
1527.2478442450508	0.0009999921725356328
1530.3394390714577	0.000999992327222926
1533.4310338978646	0.0009999924788532818
1536.5226287242715	0.0009999926274871112
1539.6142235506788	0.0009999927731836312
1542.7058183770857	0.0009999929160008885
1545.7974132034929	0.000999993055995783
1548.8890080298997	0.00099999319322409
1551.9806028563066	0.0009999933277404823
1555.0721976827135	0.0009999934595985528
1558.1637925091204	0.0009999935888508353
1561.2553873355275	0.000999993715548825
1564.3469821619344	0.0009999938397429998
1567.4385769883418	0.0009999939614828398
1570.5301718147484	0.0009999940808168477
1573.6217666411558	0.0009999941977925672
1576.7133614675627	0.000999994312456603
1579.8049562939696	0.0009999944248546384
1582.8965511203764	0.000999994535031454
1585.9881459467833	0.0009999946430309455
1589.0797407731905	0.000999994748896141
1592.1713355995973	0.0009999948526692188
1595.2629304260045	0.0009999949543915232
1598.3545252524113	0.0009999950541035813
1601.4461200788185	0.00099999515184512
1604.5377149052251	0.0009999952476550805
1607.6293097316325	0.0009999953415716345
1610.7209045580394	0.0009999954336321996
1613.8124993844465	0.0009999955238734542
1616.9040942108534	0.0009999956123313513
1619.9956890372603	0.0009999956990411336
1623.0872838636674	0.0009999957840373475
1626.1788786900743	0.0009999958673538568
1629.2704735164812	0.0009999959490238552
1632.362068342888	0.000999996029079882
1635.4536631692954	0.0009999961075538317
1638.5452579957023	0.00099999618447697
1641.6368528221094	0.0009999962598799435
1644.7284476485163	0.0009999963337927946
1647.8200424749234	0.0009999964062449706
1650.91163730133	0.0009999964772653377
1654.003232127737	0.0009999965468821912
1657.094826954144	0.0009999966151232674
1660.186421780551	0.0009999966820157544
1663.278016606958	0.0009999967475863036
1666.369611433365	0.0009999968118610386
1669.4612062597723	0.0009999968748655682
1672.5528010861792	0.0009999969366249935
1675.644395912586	0.0009999969971639206
1678.735990738993	0.0009999970565064689
1681.8275855653999	0.0009999971146762816
1684.919180391807	0.0009999971716965347
1688.010775218214	0.0009999972275899452
1691.102370044621	0.0009999972823787823
1694.193964871028	0.0009999973360848746
1697.285559697435	0.000999997388729619
1700.3771545238417	0.000999997440333991
1703.468749350249	0.0009999974909185492
1706.560344176656	0.0009999975405034483
1709.651939003063	0.000999997589108443
1712.74353382947	0.000999997636752899
1715.8351286558768	0.0009999976834557977
1718.926723482284	0.0009999977292357467
1722.0183183086908	0.0009999977741109857
1725.1099131350977	0.0009999978180993932
1728.2015079615046	0.000999997861218495
1731.2931027879117	0.0009999979034854705
1734.3846976143186	0.0009999979449171594
1737.476292440726	0.0009999979855300689
1740.5678872671328	0.0009999980253403795
1743.65948209354	0.0009999980643639527
1746.7510769199469	0.000999998102616336
1749.8426717463535	0.0009999981401127692
1752.9342665727606	0.0009999981768681922
1756.0258613991675	0.0009999982128972484
1759.1174562255746	0.0009999982482142929
1762.2090510519815	0.000999998282833396
1765.3006458783887	0.000999998316768351
1768.3922407047955	0.0009999983500326775
1771.4838355312027	0.000999998382639629
1774.5754303576095	0.0009999984146021967
1777.6670251840167	0.0009999984459331149
1780.7586200104236	0.0009999984766448664
1783.8502148368304	0.000999998506749687
1786.9418096632376	0.000999998536259571
1790.0334044896445	0.0009999985651862758
1793.1249993160516	0.0009999985935413263
1796.2165941424585	0.0009999986213360193
1799.3081889688656	0.000999998648581429
1802.3997837952722	0.0009999986752884105
1805.4913786216796	0.0009999987014676038
1808.5829734480865	0.0009999987271294393
1811.6745682744936	0.0009999987522841417
1814.7661631009005	0.000999998776941732
1817.8577579273074	0.000999998801112035
1820.9493527537143	0.0009999988248046803
1824.0409475801212	0.0009999988480291076
1827.1325424065283	0.0009999988707945695
1830.2241372329352	0.0009999988931101364
1833.3157320593425	0.000999998914984699
1836.4073268857494	0.000999998936426973
1839.4989217121565	0.0009999989574455011
1842.5905165385634	0.0009999989780486572
1845.6821113649703	0.00099999899824465
1848.7737061913772	0.000999999018041526
1851.865301017784	0.0009999990374471726
1854.9568958441912	0.0009999990564693217
1858.048490670598	0.0009999990751155515
1861.1400854970052	0.000999999093393291
1864.231680323412	0.0009999991113098228
1867.3232751498192	0.000999999128872285
1870.414869976226	0.0009999991460876742
1873.5064648026332	0.0009999991629628501
1876.59805962904	0.0009999991795045357
1879.6896544554472	0.0009999991957193217
1882.7812492818541	0.000999999211613668
1885.872844108261	0.0009999992271939072
1888.9644389346681	0.0009999992424662473
1892.056033761075	0.0009999992574367723
1895.147628587482	0.0009999992721114472
1898.2392234138888	0.0009999992864961184
1901.3308182402961	0.0009999993005965174
1904.422413066703	0.0009999993144182613
1907.51400789311	0.0009999993279668576
1910.605602719517	0.000999999341247704
1913.6971975459237	0.000999999354266092
1916.788792372331	0.000999999367027208
1919.8803871987377	0.0009999993795361368
1922.9719820251448	0.0009999993917978616
1926.063576851552	0.0009999994038172681
1929.155171677959	0.0009999994155991448
1932.2467665043657	0.0009999994271481859
1935.3383613307728	0.0009999994384689928
1938.42995615718	0.0009999994495660757
1941.5215509835868	0.000999999460443856
1944.6131458099935	0.0009999994711066675
1947.7047406364006	0.0009999994815587585
1950.7963354628077	0.0009999994918042936
1953.8879302892149	0.0009999995018473544
1956.979525115622	0.0009999995116919422
1960.0711199420286	0.0009999995213419795
1963.1627147684358	0.000999999530801311
1966.2543095948427	0.0009999995400737055
1969.3459044212498	0.000999999549162857
1972.4374992476564	0.0009999995580723872
1975.5290940740636	0.0009999995668058456
1978.6206889004707	0.0009999995753667114
1981.7122837268773	0.0009999995837583961
1984.803878553285	0.0009999995919842428
1987.8954733796916	0.0009999996000475287
1990.9870682060985	0.0009999996079514664
1994.0786630325056	0.0009999996156992048
1997.1702578589127	0.0009999996232938314
2000.2618526853194	0.0009999996307383712
2003.3534475117265	0.0009999996380357903
2006.4450423381336	0.000999999645188997
2009.5366371645407	0.0009999996522008403
2012.6282319909474	0.0009999996590741144
2015.7198268173543	0.0009999996658115575
2018.8114216437614	0.0009999996724158542
2021.9030164701685	0.0009999996788896354
2024.9946112965756	0.0009999996852354802
2028.0862061229823	0.0009999996914559176
2031.1778009493894	0.0009999996975534253
2034.2693957757965	0.0009999997035304328
2037.3609906022034	0.000999999709389322
2040.45258542861	0.0009999997151324265
2043.5441802550172	0.0009999997207620344
2046.6357750814243	0.0009999997262803892
2049.727369907831	0.000999999731689689
2052.8189647342383	0.0009999997369920894
2055.910559560645	0.0009999997421897026
2059.002154387052	0.0009999997472845995
2062.0937492134594	0.0009999997522788105
2065.1853440398663	0.0009999997571743247
2068.276938866273	0.0009999997619730928
2071.36853369268	0.0009999997666770264
2074.460128519087	0.0009999997712880004
2077.551723345494	0.0009999997758078512
2080.643318171901	0.00099999978023838
2083.734912998308	0.0009999997845813518
2086.826507824715	0.0009999997888384968
2089.9181026511224	0.0009999997930115114
2093.0096974775292	0.0009999997971020583
2096.101292303936	0.0009999998011117669
2099.192887130343	0.0009999998050422348
2102.28448195675	0.000999999808895028
2105.3760767831573	0.0009999998126716816
2108.4676716095637	0.0009999998163737003
2111.559266435971	0.000999999820002559
2114.650861262378	0.0009999998235597032
2117.742456088785	0.0009999998270465507
2120.834050915192	0.0009999998304644905
2123.9256457415986	0.0009999998338148842
2127.017240568006	0.0009999998370990668
2130.108835394413	0.0009999998403183467
2133.20043022082	0.0009999998434740067
2136.2920250472266	0.0009999998465673038
2139.383619873634	0.0009999998495994708
2142.475214700041	0.0009999998525717152
2145.5668095264477	0.0009999998554852218
2148.658404352855	0.0009999998583411509
2151.7499991792615	0.0009999998611406405
2154.841594005669	0.0009999998638848065
2157.9331888320758	0.0009999998665747413
2161.024783658483	0.0009999998692115173
2164.1163784848895	0.0009999998717961848
2167.207973311297	0.0009999998743297738
2170.299568137704	0.000999999876813293
2173.3911629641107	0.000999999879247733
2176.4827577905176	0.0009999998816340627
2179.5743526169244	0.0009999998839732335
2182.665947443332	0.000999999886266177
2185.7575422697387	0.0009999998885138071
2188.849137096146	0.000999999890717019
2191.9407319225525	0.0009999998928766907
2195.0323267489593	0.0009999998949936824
2198.1239215753667	0.0009999998970688377
2201.2155164017736	0.0009999998991029834
2204.3071112281805	0.00099999990109693
2207.3987060545874	0.0009999999030514718
2210.4903008809947	0.0009999999049673874
2213.581895707401	0.0009999999068454407
2216.6734905338085	0.0009999999086863793
2219.7650853602154	0.0009999999104909367
2222.8566801866223	0.0009999999122598322
2225.9482750130296	0.0009999999139937708
2229.0398698394365	0.0009999999156934424
2232.1314646658434	0.0009999999173595253
2235.2230594922503	0.0009999999189926824
2238.3146543186576	0.0009999999205935648
2241.4062491450645	0.0009999999221628104
2244.497843971471	0.0009999999237010442
2247.5894387978783	0.000999999925208879
2250.681033624285	0.0009999999266869157
2253.7726284506925	0.0009999999281357433
2256.8642232770994	0.0009999999295559388
2259.9558181035063	0.000999999930948068
2263.047412929913	0.0009999999323126857
2266.13900775632	0.0009999999336503358
2269.2306025827274	0.000999999934961551
2272.322197409134	0.0009999999362468534
2275.413792235541	0.0009999999375067555
2278.505387061948	0.0009999999387417594
2281.596981888355	0.0009999999399523567
2284.6885767147623	0.0009999999411390299
2287.7801715411692	0.0009999999423022517
2290.871766367576	0.0009999999434424861
2293.963361193983	0.0009999999445601867
2297.0549560203904	0.0009999999456557992
2300.146550846797	0.0009999999467297598
2303.238145673204	0.000999999947782497
2306.329740499611	0.0009999999488144293
2309.421335326018	0.0009999999498259686
2312.512930152425	0.0009999999508175175
2315.6045249788317	0.0009999999517894714
2318.696119805239	0.0009999999527422173
2321.787714631646	0.000999999953676135
2324.8793094580533	0.0009999999545915962
2327.9709042844597	0.000999999955488966
2331.062499110867	0.0009999999563686018
2334.154093937274	0.000999999957230854
2337.245688763681	0.0009999999580760663
2340.3372835900877	0.0009999999589045752
2343.4288784164946	0.0009999999597167112
2346.520473242902	0.0009999999605127975
2349.6120680693084	0.000999999961293151
2352.703662895716	0.0009999999620580835
2355.7952577221226	0.000999999962807899
2358.88685254853	0.0009999999635428966
2361.978447374937	0.0009999999642633691
2365.0700422013438	0.0009999999649696033
2368.1616370277507	0.0009999999656618809
2371.2532318541575	0.0009999999663404776
2374.344826680565	0.0009999999670056636
2377.4364215069713	0.000999999967657704
2380.528016333379	0.000999999968296859
2383.6196111597856	0.0009999999689233828
2386.7112059861925	0.0009999999695375248
2389.8028008126	0.0009999999701395302
2392.8943956390067	0.0009999999707296387
2395.9859904654136	0.0009999999713080853
2399.0775852918205	0.0009999999718751005
2402.169180118228	0.0009999999724309104
2405.2607749446347	0.0009999999729757361
2408.3523697710416	0.0009999999735097948
2411.4439645974485	0.0009999999740332997
2414.5355594238554	0.0009999999745464584
2417.6271542502627	0.0009999999750494762
2420.7187490766696	0.0009999999755425535
2423.8103439030765	0.0009999999760258863
2426.9019387294834	0.0009999999764996675
2429.9935335558907	0.0009999999769640857
2433.0851283822976	0.000999999977419326
2436.176723208704	0.0009999999778655697
2439.2683180351114	0.0009999999783029945
2442.3599128615183	0.0009999999787317752
2445.451507687925	0.0009999999791520818
2448.5431025143325	0.0009999999795640825
2451.6346973407394	0.0009999999799679413
2454.7262921671463	0.0009999999803638187
2457.817886993553	0.0009999999807518728
2460.9094818199605	0.000999999981132258
2464.001076646367	0.000999999981505126
2467.0926714727743	0.0009999999818706255
2470.184266299181	0.0009999999822289016
2473.275861125588	0.0009999999825800975
2476.367455951995	0.000999999982924353
2479.4590507784023	0.0009999999832618052
2482.550645604809	0.000999999983592589
2485.642240431216	0.0009999999839168353
2488.7338352576235	0.000999999984234674
2491.8254300840304	0.0009999999845462313
2494.9170249104372	0.0009999999848516318
2498.008619736844	0.000999999985150997
2501.1002145632515	0.0009999999854444458
2504.1918093896584	0.0009999999857320955
2507.283404216065	0.0009999999860140604
2510.374999042472	0.0009999999862904535
2513.466593868879	0.0009999999865613843
2516.558188695286	0.0009999999868269608
2519.649783521693	0.000999999987087289
2522.7413783481	0.0009999999873424727
2525.832973174507	0.0009999999875926128
2528.924568000914	0.0009999999878378104
2532.016162827321	0.000999999988078162
2535.1077576537277	0.0009999999883137636
2538.1993524801355	0.0009999999885447093
2541.2909473065415	0.000999999988771091
2544.3825421329493	0.0009999999889929987
2547.474136959356	0.0009999999892105213
2550.5657317857626	0.000999999989423745
2553.65732661217	0.0009999999896327552
2556.748921438577	0.0009999999898376347
2559.840516264984	0.0009999999900384654
2562.9321110913907	0.0009999999902353272
2566.023705917798	0.0009999999904282985
2569.115300744205	0.0009999999906174565
2572.206895570612	0.000999999990802876
2575.2984903970187	0.0009999999909846313
2578.3900852234256	0.0009999999911627947
2581.481680049833	0.0009999999913374374
2584.5732748762393	0.0009999999915086286
2587.6648697026467	0.0009999999916764368
2590.7564645290536	0.0009999999918409287
2593.848059355461	0.0009999999920021698
2596.9396541818674	0.0009999999921602245
2600.0312490082747	0.0009999999923151557
2603.1228438346816	0.0009999999924670251
2606.214438661088	0.0009999999926158935
2609.3060334874954	0.0009999999927618195
2612.3976283139027	0.0009999999929048617
2615.48922314031	0.0009999999930450775
2618.580817966716	0.0009999999931825218
2621.672412793124	0.0009999999933172502
2624.7640076195307	0.000999999993449316
2627.8556024459376	0.000999999993578772
2630.9471972723445	0.0009999999937056695
2634.0387920987514	0.0009999999938300592
2637.1303869251587	0.000999999993951991
2640.221981751565	0.0009999999940715127
2643.3135765779725	0.000999999994188673
2646.4051714043794	0.0009999999943035175
2649.4967662307868	0.0009999999944160923
2652.588361057193	0.0009999999945264426
2655.6799558836	0.0009999999946346122
2658.7715507100074	0.000999999994740644
2661.8631455364143	0.0009999999948445803
2664.954740362821	0.0009999999949464628
2668.046335189228	0.000999999995046332
2671.1379300156354	0.0009999999951442271
2674.229524842042	0.000999999995240188
2677.321119668449	0.0009999999953342522
2680.4127144948566	0.0009999999954264575
2683.5043093212635	0.000999999995516841
2686.5959041476704	0.000999999995605438
2689.6874989740772	0.0009999999956922844
2692.7790938004846	0.0009999999957774142
2695.8706886268915	0.0009999999958608616
2698.9622834532984	0.0009999999959426603
2702.0538782797053	0.000999999996022842
2705.145473106112	0.0009999999961014395
2708.237067932519	0.0009999999961784836
2711.328662758926	0.0009999999962540052
2714.4202575853333	0.000999999996328034
2717.51185241174	0.0009999999964006004
2720.603447238147	0.0009999999964717323
2723.695042064554	0.0009999999965414588
2726.786636890961	0.000999999996609807
2729.878231717368	0.0009999999966768048
2732.9698265437746	0.0009999999967424784
2736.061421370182	0.000999999996806854
2739.1530161965893	0.0009999999968699578
2742.2446110229957	0.0009999999969318143
2745.3362058494026	0.0009999999969924483
2748.42780067581	0.000999999997051884
2751.5193955022173	0.0009999999971101454
2754.6109903286238	0.0009999999971672553
2757.702585155031	0.0009999999972232366
2760.794179981438	0.0009999999972781116
2763.8857748078453	0.000999999997331902
2766.9773696342518	0.0009999999973846294
2770.068964460659	0.000999999997436315
2773.160559287066	0.000999999997486979
2776.2521541134724	0.000999999997536642
2779.34374893988	0.000999999997585323
2782.4353437662867	0.0009999999976330425
2785.526938592694	0.0009999999976798186
2788.6185334191005	0.0009999999977256706
2791.710128245508	0.0009999999977706165
2794.8017230719147	0.0009999999978146739
2797.8933178983216	0.0009999999978578607
2800.9849127247285	0.0009999999979001942
2804.0765075511354	0.000999999997941691
2807.168102377543	0.0009999999979823674
2810.259697203949	0.0009999999980222405
2813.351292030357	0.0009999999980613253
2816.442886856764	0.0009999999980996378
2819.5344816831707	0.000999999998137193
2822.6260765095776	0.0009999999981740062
2825.7176713359845	0.000999999998210092
2828.809266162392	0.0009999999982454645
2831.9008609887987	0.000999999998280138
2834.9924558152056	0.0009999999983141261
2838.0840506416125	0.0009999999983474428
2841.17564546802	0.000999999998380101
2844.2672402944263	0.0009999999984121137
2847.358835120833	0.0009999999984434938
2850.4504299472405	0.000999999998474254
2853.5420247736474	0.000999999998504406
2856.6336196000543	0.000999999998533962
2859.725214426461	0.0009999999985629343
2862.8168092528686	0.0009999999985913337
2865.908404079276	0.000999999998619172
2868.9999989056823	0.0009999999986464603
2872.091593732089	0.0009999999986732093
2875.1831885584966	0.0009999999986994295
2878.274783384903	0.0009999999987251316
2881.3663782113103	0.0009999999987503258
2884.4579730377177	0.0009999999987750222
2887.5495678641246	0.0009999999987992303
2890.6411626905315	0.0009999999988229602
2893.7327575169384	0.0009999999988462211
2896.8243523433453	0.0009999999988690223
2899.9159471697526	0.0009999999988913732
2903.007541996159	0.000999999998913282
2906.0991368225664	0.000999999998934758
2909.1907316489733	0.0009999999989558092
2912.28232647538	0.0009999999989764449
2915.373921301787	0.0009999999989966726
2918.465516128194	0.0009999999990165005
2921.5571109546013	0.0009999999990359366
2924.6487057810077	0.0009999999990549886
2927.740300607415	0.0009999999990736642
2930.831895433822	0.0009999999990919705
2933.9234902602298	0.0009999999991099151
2937.0150850866357	0.0009999999991275052
2940.106679913043	0.0009999999991447477
2943.1982747394504	0.0009999999991616494
2946.2898695658564	0.0009999999991782168
2949.381464392264	0.0009999999991944573
2952.473059218671	0.0009999999992103764
2955.5646540450784	0.0009999999992259812
2958.656248871485	0.0009999999992412775
2961.747843697892	0.0009999999992562716
2964.839438524299	0.0009999999992709693
2967.931033350706	0.0009999999992853766
2971.022628177113	0.000999999999299499
2974.11422300352	0.0009999999993133425
2977.205817829927	0.0009999999993269121
2980.2974126563336	0.000999999999340214
2983.389007482741	0.0009999999993532528
2986.480602309148	0.000999999999366034
2989.5721971355547	0.0009999999993785624
2992.6637919619616	0.0009999999993908434
2995.7553867883685	0.0009999999994028817
2998.846981614776	0.0009999999994146822
3001.9385764411822	0.0009999999994262491
3005.0301712675896	0.000999999999437588
3008.121766093997	0.0009999999994487023
3011.213360920404	0.0009999999994595972
3014.3049557468103	0.0009999999994702768
3017.3965505732176	0.0009999999994807455
3020.488145399625	0.000999999999491007
3023.579740226032	0.0009999999995010658
3026.6713350524387	0.0009999999995109257
3029.7629298788456	0.0009999999995205908
3032.854524705253	0.000999999999530065
3035.9461195316594	0.000999999999539352
3039.0377143580663	0.0009999999995484554
3042.1293091844736	0.000999999999557379
3045.2209040108805	0.0009999999995661262
3048.3124988372874	0.0009999999995747005
3051.4040936636943	0.0009999999995831052
3054.4956884901017	0.000999999999591344
3057.5872833165085	0.00099999999959942
3060.6788781429154	0.0009999999996073363
3063.7704729693223	0.000999999999615096
3066.862067795729	0.0009999999996227027
3069.953662622136	0.000999999999630159
3073.045257448543	0.0009999999996374678
3076.136852274951	0.0009999999996446324
3079.2284471013577	0.0009999999996516552
3082.3200419277646	0.0009999999996585392
3085.4116367541715	0.0009999999996652873
3088.5032315805784	0.0009999999996719018
3091.5948264069857	0.0009999999996783858
3094.686421233392	0.0009999999996847416
