0.0	0.8607079764250577
0.09796034216346627	0.8632705842579292
0.19592068432693255	0.8657897170752387
0.2938810264903988	0.8682659729894648
0.3918413686538651	0.8706999473555679
0.4898017108173314	0.8730922325344953
0.5877620529807976	0.8754434176693975
0.685722395144264	0.877754088474159
0.7836827373077302	0.8800248270338478
0.8816430794711965	0.8822562116166994
0.9796034216346629	0.884448816497256
1.077563763798129	0.886603211790285
1.1755241059615953	0.8887199632951139
1.2734844481250616	0.8907996323500181
1.371444790288528	0.8928427756963132
1.4694051324519941	0.8948499453518022
1.5673654746154604	0.8968216884932436
1.6653258167789269	0.8987585473475086
1.763286158942393	0.9006610590911013
1.8612465011058592	0.9025297557577333
1.9592068432693257	0.9043651641536362
2.0571671854327915	0.9061678057803192
2.155127527596258	0.9079381967644736
2.2530878697597245	0.9096768477947413
2.3510482119231906	0.9113842640650689
2.4490085540866566	0.9130609452243758
2.546968896250123	0.9147073853322752
2.6449292384135896	0.9163240728205919
2.742889580577056	0.9179114904604243
2.840849922740522	0.9194701153345168
2.9388102649039882	0.9210004188147008
3.0367706070674547	0.9225028665441821
3.1347309492309208	0.9239779184244512
3.2326912913943873	0.9254260286066053
3.3306516335578538	0.9268476454868739
3.4286119757213203	0.9282432117061459
3.526572317884786	0.9296131641533083
3.6245326600482524	0.9309579339722049
3.7224930022117184	0.9322779465720369
3.8204533443751854	0.9335736216410259
3.9184136865386514	0.9348453731631751
4.016374028702118	0.9360936094379607
4.114334370865583	0.9373187331027993
4.21229471302905	0.9385211411581342
4.310255055192516	0.9397012249949994
4.408215397355982	0.9408593704249146
4.506175739519449	0.9419959577119795
4.604136081682916	0.9431113616070321
4.702096423846381	0.9442059513837443
4.800056766009847	0.9452800908765395
4.898017108173313	0.9463341385202058
4.99597745033678	0.9473684473910987
5.093937792500246	0.9483833652498239
5.191898134663713	0.9493792345852962
5.289858476827179	0.9503563926600715
5.387818818990646	0.9513151715568628
5.485779161154112	0.9522558982261426
5.583739503317578	0.9531788945347465
5.681699845481044	0.9540844773153924
5.77966018764451	0.954972958417037
5.8776205298079764	0.9558446447559882
5.9755808719714425	0.9566998383677039
6.073541214134909	0.9575388364592029
6.1715015562983755	0.9583619314620231
6.2694618984618415	0.9591694110856597
6.367422240625308	0.9599615583714248
6.4653825827887745	0.9607386517466675
6.563342924952241	0.9615009650792979
6.6613032671157075	0.9622487677325656
6.759263609279174	0.9629823246200346
6.8572239514426405	0.9637018962607155
6.955184293606105	0.9644077388342998
7.053144635769572	0.9651001042364592
7.151104977933039	0.9657792401341652
7.249065320096505	0.96644539002099
7.347025662259971	0.9670987932723516
7.444986004423437	0.9677396852006689
7.542946346586905	0.9683682971103902
7.640906688750371	0.9689848563528674
7.738867030913837	0.9695895863810414
7.836827373077303	0.9701827068039157
7.93478771524077	0.9707644334407873
8.032748057404236	0.9713349783752109
8.130708399567702	0.9718945500086753
8.228668741731166	0.9724433531139659
8.326629083894632	0.9729815888881959
8.4245894260581	0.9735094550054854
8.522549768221566	0.9740271456692687
8.620510110385032	0.9745348516642182
8.718470452548498	0.9750327604077607
8.816430794711964	0.9755210560011801
8.91439113687543	0.9759999192802874
9.012351479038898	0.9764695278656472
9.110311821202364	0.9769300562123491
9.208272163365832	0.9773816756593137
9.306232505529298	0.977824554478122
9.404192847692762	0.9782588579213628
9.502153189856228	0.9786847482704844
9.600113532019694	0.9791023848831484
9.69807387418316	0.9795119242400785
9.796034216346627	0.9799135199913939
9.893994558510094	0.9803073230024284
9.99195490067356	0.9806934813990262
10.089915242837026	0.9810721406123127
10.187875585000493	0.9814434434229363
10.285835927163959	0.9818075300047775
10.383796269327426	0.9821645379681259
10.481756611490892	0.9825146024023206
10.579716953654358	0.9828578559178529
10.677677295817826	0.9831944286879325
10.775637637981292	0.9835244484895163
10.873597980144758	0.9838480407437958
10.971558322308224	0.9841653285561517
11.06951866447169	0.9844764327555683
11.167479006635157	0.9847814719335126
11.265439348798623	0.9850805624822812
11.363399690962089	0.9853738186328116
11.461360033125555	0.9856613524919663
11.55932037528902	0.9859432740792868
11.657280717452487	0.9862196913632221
11.755241059615953	0.9864907102968355
11.853201401779419	0.9867564348529907
11.951161743942885	0.9870169670590226
12.049122086106353	0.9872724070308933
12.147082428269819	0.9875228530068403
12.245042770433285	0.9877684013805185
12.343003112596751	0.9880091467336409
12.440963454760217	0.98824518186812
12.538923796923683	0.9884765978377189
12.63688413908715	0.9887034839792106
12.734844481250615	0.9889259279430539
12.832804823414083	0.9891440157235895
12.930765165577549	0.9893578316887612
13.028725507741015	0.9895674586093641
13.126685849904481	0.9897729776878311
13.224646192067947	0.9899744685865554
13.322606534231415	0.9901720094557576
13.420566876394881	0.9903656769609038
13.518527218558347	0.9905555463096766
13.616487560721815	0.9907416912785045
13.714447902885281	0.9909241842386594
13.812408245048744	0.9911030961819189
13.91036858721221	0.9912784967458083
14.008328929375677	0.9914504542384195
14.106289271539143	0.9916190356628177
14.20424961370261	0.9917843067410368
14.302209955866077	0.9919463319376723
14.400170298029543	0.9921051744830753
14.49813064019301	0.9922608963961517
14.596090982356476	0.992413558506775
14.694051324519942	0.9925632204778161
14.792011666683408	0.9927099408267934
14.889972008846874	0.9928537769471532
14.987932351010341	0.9929947851291803
15.08589269317381	0.9931330205805495
15.183853035337274	0.9932685374465172
15.281813377500741	0.9934013888297634
15.379773719664206	0.9935316268098862
15.477734061827674	0.9936593024625548
15.575694403991138	0.9937844658783271
15.673654746154606	0.9939071661811342
15.771615088318072	0.9940274515464387
15.86957543048154	0.994145369219074
15.967535772645004	0.9942609655307629
16.06549611480847	0.9943742859173276
16.163456456971936	0.9944853749355912
16.261416799135404	0.9945942762799779
16.359377141298868	0.9947010327988153
16.457337483462332	0.9948056865103437
16.5552978256258	0.9949082786184376
16.653258167789264	0.9950088495280437
16.751218509952732	0.9951074388603403
16.8491788521162	0.9952040854676207
16.947139194279668	0.9952988274479085
17.045099536443132	0.9953917021593066
17.1430598786066	0.9954827462340826
17.241020220770064	0.9955719955925021
17.338980562933532	0.9956594854564036
17.436940905096996	0.9957452503625291
17.534901247260464	0.9958293241756084
17.63286158942393	0.9959117401012025
17.730821931587396	0.9959925306983124
17.82878227375086	0.9960717278917537
17.92674261591433	0.9961493629843041
18.024702958077796	0.9962254666686262
18.12266330024126	0.9963000690389685
18.22062364240473	0.9963731996026506
18.318583984568196	0.9964448872913353
18.416544326731664	0.9965151604720897
18.51450466889513	0.9965840469582418
18.612465011058596	0.9966515740200346
18.71042535322206	0.9967177683950807
18.808385695385525	0.9967826562986215
18.906346037548992	0.9968462634335956
19.004306379712457	0.9969086150005168
19.102266721875925	0.9969697357071684
19.20022706403939	0.9970296497781156
19.298187406202857	0.9970883809640368
19.39614774836632	0.997145952550882
19.49410809052979	0.9972023873688576
19.592068432693253	0.9972577078012409
19.69002877485672	0.9973119357930303
19.78798911702019	0.99736509285943
19.885949459183657	0.9974172000941746
19.98390980134712	0.9974682781776977
20.081870143510585	0.9975183473851437
20.179830485674053	0.9975674275942289
20.277790827837517	0.9976155382929524
20.375751170000985	0.9976626985871616
20.47371151216445	0.9977089272079731
20.571671854327917	0.9977542425190521
20.66963219649138	0.9977986625237542
20.767592538654853	0.99784220487213
20.865552880818313	0.997884886867796
20.963513222981785	0.9979267254746758
21.061473565145246	0.9979677373236108
21.159433907308717	0.9980079387188451
21.25739424947218	0.9980473456443868
21.355354591635653	0.9980859737702465
21.453314933799117	0.9981238384585572
21.551275275962585	0.9981609547695761
21.64923561812605	0.9981973374675718
21.747195960289517	0.9982330010265985
21.84515630245298	0.9982679596361586
21.94311664461645	0.9983022272067565
22.041076986779913	0.9983358173753473
22.13903732894338	0.9983687435106774
22.236997671106845	0.998401018718526
22.334958013270313	0.9984326558468419
22.432918355433777	0.9984636674907841
22.530878697597245	0.9984940659976641
22.62883903976071	0.9985238634717927
22.726799381924177	0.9985530717792329
22.824759724087645	0.998581702552462
22.92272006625111	0.9986097671949424
23.020680408414577	0.9986372768856059
23.11864075057804	0.9986642425832475
23.21660109274151	0.9986906750308392
23.314561434904974	0.9987165847597557
23.41252177706844	0.9987419820939207
23.510482119231906	0.9987668771538732
23.608442461395374	0.9987912798607524
23.706402803558838	0.998815199940208
23.804363145722306	0.9988386469262329
23.90232348788577	0.9988616301649229
24.000283830049238	0.9988841588181613
24.098244172212706	0.998906241867234
24.196204514376173	0.9989278881163738
24.294164856539638	0.9989491061962342
24.392125198703106	0.9989699045672981
24.49008554086657	0.998990291523218
24.588045883030038	0.9990102751940928
24.686006225193502	0.9990298635496798
24.78396656735697	0.9990490644025442
24.881926909520434	0.9990678854111477
24.979887251683902	0.9990863340828766
25.077847593847366	0.999104417777011
25.17580793601083	0.9991221437076357
25.2737682781743	0.9991395189464943
25.371728620337763	0.9991565504257891
25.46968896250123	0.9991732449409234
25.567649304664698	0.9991896091531931
25.665609646828166	0.9992056495924244
25.76356998899163	0.9992213726595597
25.861530331155098	0.9992367846291942
25.959490673318562	0.9992518916520606
26.05745101548203	0.9992666997574684
26.155411357645495	0.9992812148556931
26.253371699808962	0.9992954427403191
26.351332041972427	0.9993093890905372
26.449292384135894	0.9993230594733968
26.54725272629936	0.9993364593460148
26.64521306846283	0.9993495940577396
26.74317341062629	0.9993624688522742
26.841133752789762	0.9993750888697575
26.939094094953223	0.9993874591488037
27.037054437116694	0.9993995846285034
27.13501477928016	0.9994114701503841
27.23297512144363	0.9994231204603329
27.330935463607094	0.9994345402104811
27.428895805770562	0.9994457339610529
27.526856147934026	0.999456706182176
27.624816490097487	0.9994674612556583
27.72277683226096	0.9994780034767292
27.82073717442442	0.9994883370557461
27.91869751658789	0.9994984661198687
28.016657858751355	0.9995083947146988
28.114618200914823	0.9995181268058896
28.212578543078287	0.999527666280722
28.310538885241755	0.9995370169496506
28.40849922740522	0.9995461825478192
28.506459569568687	0.9995551667365469
28.604419911732155	0.9995639731047837
28.702380253895623	0.9995726051705391
28.800340596059087	0.9995810663822825
28.898300938222555	0.9995893601203135
28.99626128038602	0.9995974896981091
29.094221622549487	0.9996054583636423
29.19218196471295	0.9996132693006737
29.29014230687642	0.9996209256300201
29.388102649039883	0.9996284304107971
29.48606299120335	0.9996357866416361
29.584023333366815	0.9996429972618796
29.681983675530283	0.9996500651527511
29.779944017693747	0.9996569931385026
29.877904359857215	0.9996637839875403
29.975864702020683	0.9996704404135258
30.07382504418415	0.9996769650764592
30.17178538634762	0.9996833605837374
30.269745728511076	0.9996896294911936
30.367706070674547	0.9996957743041154
30.46566641283801	0.9997017974782436
30.563626755001483	0.9997077014207507
30.66158709716494	0.9997134884912005
30.75954743932841	0.999719161002488
30.857507781491876	0.9997247212217621
30.955468123655347	0.9997301713713294
31.05342846581881	0.9997355136295388
31.151388807982276	0.9997407501316526
31.24934915014574	0.9997458829706953
31.34730949230921	0.9997509141982898
31.445269834472676	0.9997558458254747
31.543230176636143	0.9997606798235072
31.641190518799608	0.9997654181246483
31.73915086096308	0.9997700626229342
31.837111203126543	0.9997746151749315
31.935071545290008	0.9997790776004775
32.03303188745347	0.999783451683407
32.13099222961694	0.9997877391722629
32.22895257178041	0.999791941780995
32.32691291394387	0.9997960611896426
32.42487325610734	0.9998000990450058
32.52283359827081	0.9998040569613016
32.620793940434275	0.9998079365208093
32.718754282597736	0.9998117392745013
32.816714624761204	0.9998154667426619
32.914674966924665	0.9998191204154937
33.01263530908814	0.9998227017537138
33.1105956512516	0.9998262121891353
33.20855599341507	0.9998296531252396
33.30651633557853	0.9998330259377365
33.404476677742004	0.999836331975113
33.502437019905464	0.9998395725591723
33.60039736206893	0.999842748985561
33.6983577042324	0.9998458625242864
33.79631804639587	0.9998489144202237
33.894278388559336	0.999851905893613
33.992238730722796	0.9998548381405465
34.090199072886264	0.9998577123334459
34.18815941504973	0.999860529621531
34.2861197572132	0.9998632911312781
34.38408009937666	0.9998659979668707
34.48204044154013	0.999868651210639
34.580000783703596	0.9998712519234931
34.677961125867064	0.9998738011453475
34.775921468030525	0.9998762998955346
34.87388181019399	0.9998787491732131
34.97184215235746	0.9998811499577666
35.06980249452093	0.9998835032091953
35.167762836684396	0.9998858098684986
35.26572317884786	0.9998880708580515
35.363683521011325	0.9998902870819736
35.46164386317479	0.9998924594264887
35.55960420533826	0.9998945887602809
35.65756454750172	0.9998966759348397
35.75552488966519	0.9998987217848012
35.85348523182866	0.9999007271282817
35.951445573992125	0.999902692767204
36.04940591615559	0.9999046194876178
36.14736625831905	0.9999065080600144
36.24532660048252	0.9999083592396335
36.34328694264599	0.9999101737667665
36.44124728480946	0.9999119523670502
36.539207626972924	0.9999136957517594
36.63716796913639	0.999915404618088
36.73512831129985	0.9999170796494306
36.83308865346333	0.9999187215156534
36.93104899562679	0.9999203308733632
37.02900933779026	0.999921908366169
37.12696967995372	0.9999234546249396
37.22493002211719	0.9999249702680557
37.32289036428065	0.9999264559016569
37.42085070644412	0.9999279121198837
37.51881104860758	0.999929339505116
37.61677139077105	0.9999307386282044
37.71473173293452	0.9999321100486993
37.812692075097985	0.9999334543150744
37.910652417261446	0.9999347719649457
38.00861275942491	0.9999360635252864
38.10657310158839	0.9999373295126381
38.20453344375185	0.9999385704333159
38.30249378591532	0.9999397867836126
38.40045412807878	0.9999409790499956
38.49841447024225	0.9999421477093021
38.59637481240571	0.9999432932289295
38.69433515456918	0.999944416067022
38.79229549673264	0.9999455166726542
38.89025583889612	0.9999465954860104
38.98821618105958	0.9999476529385604
39.086176523223045	0.9999486894532323
39.184136865386506	0.9999497054445812
39.282097207549974	0.9999507013189556
39.38005754971344	0.9999516774746583
39.47801789187691	0.9999526343021081
39.57597823404038	0.9999535721839934
39.67393857620384	0.999954491495427
39.77189891836731	0.9999553926040945
39.869859260530774	0.999956275870403
39.96781960269424	0.9999571416476242
40.0657799448577	0.9999579902820351
40.16374028702117	0.9999588221130578
40.26170062918464	0.9999596374733942
40.359660971348106	0.9999604366891592
40.45762131351157	0.999961220080012
40.555581655675034	0.999961987959282
40.6535419978385	0.9999627406340962
40.75150234000197	0.9999634784055
40.84946268216544	0.9999642015685798
40.9474230243289	0.9999649104125786
41.04538336649237	0.9999656052210134
41.143343708655834	0.999966286271788
41.2413040508193	0.9999669538373039
41.33926439298276	0.9999676081845694
41.437224735146245	0.9999682495753064
41.535185077309706	0.9999688782660552
41.633145419473166	0.9999694945082768
41.73110576163663	0.9999700985484533
41.82906610380011	0.999970690628187
41.92702644596357	0.9999712709842967
42.02498678812703	0.9999718398489125
42.12294713029049	0.999972397449568
42.22090747245397	0.9999729440092928
42.318867814617434	0.9999734797466996
42.4168281567809	0.9999740048760737
42.51478849894436	0.9999745196074571
42.61274884110784	0.9999750241467332
42.710709183271305	0.9999755186957097
42.808669525434766	0.9999760034521973
42.906629867598234	0.9999764786100918
43.00459020976169	0.9999769443594484
43.10255055192517	0.9999774008865603
43.20051089408863	0.9999778483740323
43.2984712362521	0.9999782870008527
43.39643157841555	0.9999787169424671
43.494391920579034	0.9999791383708464
43.592352262742494	0.9999795514545571
43.69031260490596	0.9999799563588279
43.78827294706942	0.999980353245616
43.8862332892329	0.9999807422736721
43.984193631396366	0.9999811235986034
44.08215397355983	0.9999814973729363
44.180114315723294	0.9999818637461771
44.27807465788676	0.9999822228648719
44.37603500005023	0.9999825748726653
44.47399534221369	0.9999829199103576
44.57195568437716	0.9999832581159616
44.669916026540626	0.9999835896247566
44.767876368704094	0.9999839145693445
44.865836710867555	0.9999842330797009
44.96379705303102	0.9999845452832282
45.06175739519449	0.999984851304806
45.15971773735796	0.9999851512668415
45.25767807952142	0.999985445289318
45.35563842168489	0.9999857334898434
45.453598763848355	0.9999860159836965
45.55155910601182	0.9999862928838741
45.64951944817529	0.9999865643011351
45.74747979033875	0.9999868303440458
45.84544013250222	0.9999870911190226
45.94340047466569	0.9999873467303749
46.041360816829155	0.9999875972803468
46.139321158992615	0.9999878428691577
46.23728150115608	0.9999880835950429
46.33524184331955	0.9999883195542923
46.43320218548302	0.9999885508412897
46.53116252764648	0.9999887775485495
46.62912286980995	0.9999889997667547
46.727083211973415	0.9999892175847928
46.82504355413688	0.9999894310897905
46.92300389630035	0.9999896403671503
47.02096423846381	0.9999898455005832
47.11892458062729	0.9999900465721429
47.21688492279075	0.9999902436622582
47.314845264954215	0.9999904368497653
47.412805607117676	0.9999906262119398
47.51076594928115	0.9999908118245269
47.60872629144461	0.9999909937617719
47.70668663360808	0.99999117209645
47.80464697577154	0.9999913468998961
47.90260731793501	0.9999915182420314
48.000567660098476	0.9999916861913938
48.09852800226194	0.9999918508151632
48.19648834442541	0.99999201217919
48.29444868658887	0.9999921703480203
48.39240902875235	0.999992325384922
48.49036937091581	0.9999924773519109
48.588329713079276	0.999992626309774
48.686290055242736	0.9999927723180956
48.78425039740621	0.9999929154352792
48.88221073956967	0.9999930557185727
48.98017108173314	0.9999931932240899
49.0781314238966	0.9999933280068336
49.176091766060075	0.9999934601207181
49.274052108223536	0.9999935896185891
49.372012450387004	0.9999937165522469
49.469972792550465	0.9999938409724655
49.56793313471394	0.9999939629290138
49.6658934768774	0.9999940824706748
49.76385381904087	0.9999941996452664
49.861814161204336	0.9999943144996589
49.959774503367804	0.9999944270797948
50.05773484553127	0.9999945374307072
50.15569518769473	0.9999946455965367
50.2536555298582	0.9999947516205506
50.35161587202166	0.9999948555451595
50.449576214185136	0.9999949574119336
50.5475365563486	0.9999950572616204
50.645496898512064	0.9999951551341608
50.743457240675525	0.9999952510687041
50.841417582839	0.9999953451036254
50.93937792500246	0.9999954372765391
51.03733826716593	0.9999955276243148
51.135298609329396	0.9999956161830929
51.233258951492864	0.9999957029882971
51.33121929365633	0.9999957880746504
51.42917963581979	0.999995871476188
51.52713997798326	0.9999959532262714
51.62510032014673	0.999996033357601
51.723060662310196	0.9999961119022304
51.82102100447366	0.9999961888915778
51.918981346637125	0.99999626435644
52.01694168880059	0.999996338327003
52.11490203096406	0.9999964108328561
52.21286237312752	0.9999964819030024
52.31082271529099	0.9999965515658702
52.408783057454464	0.9999966198493255
52.506743399617925	0.9999966867806823
52.60470374178139	0.9999967523867139
52.70266408394485	0.9999968166936634
52.80062442610832	0.9999968797272538
52.89858476827179	0.9999969415126992
52.99654511043526	0.9999970020747146
53.09450545259872	0.9999970614375254
53.192465794762185	0.9999971196248771
53.29042613692566	0.9999971766600455
53.38838647908912	0.999997232565845
53.48634682125258	0.9999972873646386
53.58430716341605	0.999997341078346
53.682267505579524	0.9999973937284536
53.78022784774299	0.9999974453360221
53.878188189906446	0.9999974959216948
53.976148532069914	0.9999975455057066
54.07410887423339	0.9999975941078914
54.17206921639686	0.9999976417476909
54.27002955856032	0.9999976884441613
54.36798990072378	0.9999977342159818
54.46595024288726	0.9999977790814615
54.56391058505072	0.9999978230585472
54.66187092721419	0.9999978661648302
54.75983126937764	0.9999979084175533
54.857791611541124	0.9999979498336181
54.955751953704585	0.9999979904295917
55.05371229586805	0.9999980302217125
55.15167263803151	0.9999980692258983
55.249632980194974	0.999998107457751
55.34759332235845	0.9999981449325636
55.44555366452192	0.9999981816653264
55.54351400668538	0.9999982176707333
55.64147434884884	0.9999982529631867
55.73943469101232	0.9999982875568035
55.83739503317578	0.9999983214654222
55.93535537533925	0.9999983547026066
56.03331571750271	0.9999983872816515
56.131276059666185	0.9999984192155892
56.229236401829645	0.9999984505171933
56.32719674399311	0.9999984811989853
56.425157086156574	0.999998511273238
56.52311742832005	0.9999985407519815
56.62107777048351	0.9999985696470076
56.71903811264698	0.9999985979698747
56.81699845481044	0.9999986257319121
56.91495879697391	0.9999986529442251
57.012919139137374	0.999998679617699
57.11087948130084	0.9999987057630033
57.20883982346431	0.9999987313905967
57.30680016562778	0.9999987565107304
57.404760507791245	0.9999987811334526
57.502720849954706	0.9999988052686128
57.600681192118174	0.9999988289258654
57.698641534281634	0.9999988521146738
57.79660187644511	0.9999988748443133
57.89456221860857	0.9999988971238764
57.99252256077204	0.9999989189622751
58.0904829029355	0.9999989403682448
58.18844324509897	0.9999989613503485
58.286403587262434	0.999998981916979
58.3843639294259	0.9999990020763634
58.48232427158937	0.9999990218365659
58.58028461375284	0.9999990412054902
58.678244955916306	0.9999990601908847
58.776205298079766	0.9999990788003433
58.874165640243234	0.9999990970413104
58.9721259824067	0.9999991149210825
59.07008632457017	0.9999991324468117
59.16804666673363	0.9999991496255085
59.2660070088971	0.9999991664640447
59.363967351060566	0.9999991829691556
59.461927693224034	0.999999199147444
59.559888035387495	0.9999992150053807
59.657848377550955	0.9999992305493096
59.75580871971443	0.9999992457854484
59.8537690618779	0.9999992607198916
59.951729404041366	0.9999992753586133
60.04968974620483	0.999999289707469
60.1476500883683	0.9999993037721986
60.24561043053177	0.999999317558428
60.34357077269524	0.9999993310716722
60.441531114858684	0.9999993443173361
60.53949145702215	0.9999993573007184
60.63745179918563	0.9999993700270129
60.735412141349094	0.9999993825013099
60.833372483512555	0.9999993947285996
60.93133282567602	0.9999994067137729
61.0292931678395	0.9999994184616239
61.127253510002966	0.999999429976852
61.225213852166426	0.9999994412640633
61.32317419432988	0.999999452327773
61.421134536493355	0.9999994631724068
61.51909487865682	0.9999994738023025
61.61705522082029	0.9999994842217125
61.71501556298375	0.9999994944348043
61.81297590514723	0.9999995044456634
61.910936247310694	0.9999995142582941
62.00889658947416	0.9999995238766222
62.10685693163762	0.9999995333044944
62.20481727380109	0.9999995425456826
62.30277761596455	0.999999551603883
62.40073795812802	0.9999995604827191
62.49869830029148	0.9999995691857424
62.59665864245496	0.9999995777164346
62.69461898461842	0.9999995860782076
62.79257932678189	0.9999995942744065
62.89053966894535	0.99999960230831
62.98850001110882	0.9999996101831314
63.08646035327229	0.9999996179020213
63.18442069543575	0.9999996254680668
63.282381037599215	0.9999996328842945
63.380341379762676	0.9999996401536713
63.47830172192616	0.9999996472791046
63.57626206408962	0.9999996542634452
63.67422240625309	0.9999996611094865
63.77218274841655	0.999999667819967
63.870143090580015	0.9999996743975713
63.968103432743476	0.9999996808449304
64.06606377490694	0.9999996871646233
64.16402411707041	0.9999996933591777
64.26198445923389	0.9999996994310719
64.35994480139735	0.9999997053827346
64.45790514356082	0.9999997112165466
64.55586548572428	0.9999997169348411
64.65382582788774	0.9999997225399061
64.7517861700512	0.9999997280339833
64.84974651221468	0.9999997334192705
64.94770685437814	0.999999738697922
65.04566719654161	0.9999997438720492
65.14362753870508	0.9999997489437218
65.24158788086855	0.9999997539149685
65.33954822303201	0.9999997587877779
65.43750856519547	0.9999997635640994
65.53546890735893	0.9999997682458434
65.63342924952241	0.9999997728348826
65.73138959168587	0.9999997773330529
65.82934993384933	0.9999997817421532
65.9273102760128	0.9999997860639479
66.02527061817628	0.9999997903001651
66.12323096033974	0.9999997944524995
66.2211913025032	0.9999997985226122
66.31915164466668	0.9999998025121315
66.41711198683014	0.999999806422653
66.5150723289936	0.9999998102557409
66.61303267115706	0.9999998140129287
66.71099301332055	0.9999998176957191
66.80895335548401	0.9999998213055854
66.90691369764747	0.9999998248439715
67.00487403981093	0.9999998283122928
67.1028343819744	0.999999831711937
67.20079472413786	0.9999998350442637
67.29875506630133	0.9999998383106058
67.3967154084648	0.9999998415122701
67.49467575062828	0.9999998446505372
67.59263609279174	0.9999998477266623
67.6905964349552	0.9999998507418761
67.78855677711867	0.9999998536973849
67.88651711928213	0.9999998565943706
67.98447746144559	0.999999859433992
68.08243780360905	0.9999998622173855
68.18039814577253	0.9999998649456637
68.27835848793599	0.9999998676199185
68.37631883009946	0.9999998702412196
68.47427917226292	0.9999998728106154
68.5722395144264	0.9999998753291338
68.67019985658986	0.9999998777977823
68.76816019875332	0.9999998802175483
68.8661205409168	0.9999998825893995
68.96408088308026	0.999999884914285
69.06204122524372	0.9999998871931347
69.16000156740719	0.9999998894268602
69.25796190957067	0.9999998916163548
69.35592225173413	0.9999998937624949
69.45388259389759	0.9999998958661382
69.55184293606105	0.9999998979281267
69.64980327822452	0.9999998999492853
69.74776362038799	0.999999901930422
69.84572396255145	0.9999999038723296
69.94368430471492	0.9999999057757849
70.0416446468784	0.9999999076415492
70.13960498904186	0.9999999094703691
70.23756533120532	0.9999999112629758
70.33552567336879	0.9999999130200866
70.43348601553225	0.9999999147424041
70.53144635769571	0.9999999164306177
70.62940669985917	0.9999999180854021
70.72736704202265	0.9999999197074197
70.82532738418612	0.9999999212973194
70.92328772634959	0.9999999228557367
71.02124806851305	0.9999999243832954
71.11920841067652	0.9999999258806065
71.21716875284	0.9999999273482687
71.31512909500344	0.9999999287868694
71.41308943716692	0.9999999301969839
71.51104977933038	0.9999999315791762
71.60901012149385	0.999999932933999
71.70697046365731	0.999999934261995
71.80493080582079	0.9999999355636945
71.90289114798425	0.9999999368396187
72.00085149014772	0.9999999380902781
72.09881183231118	0.9999999393161727
72.19677217447465	0.9999999405177931
72.2947325166381	0.9999999416956196
72.39269285880158	0.9999999428501235
72.49065320096504	0.999999943981767
72.58861354312852	0.9999999450910023
72.68657388529198	0.9999999461782733
72.78453422745544	0.9999999472440149
72.88249456961891	0.9999999482886532
72.98045491178239	0.9999999493126066
73.07841525394585	0.9999999503162842
73.1763755961093	0.9999999513000876
73.27433593827278	0.9999999522644104
73.37229628043625	0.9999999532096385
73.4702566225997	0.9999999541361496
73.56821696476317	0.9999999550443147
73.66617730692666	0.9999999559344968
73.76413764909012	0.9999999568070523
73.86209799125358	0.99999995766233
73.96005833341704	0.999999958500672
74.05801867558051	0.9999999593224138
74.15597901774397	0.999999960127884
74.25393935990743	0.9999999609174045
74.3518997020709	0.9999999616912919
74.44986004423438	0.9999999624498551
74.54782038639785	0.9999999631933977
74.6457807285613	0.9999999639222173
74.74374107072478	0.9999999646366052
74.84170141288824	0.9999999653368473
74.9396617550517	0.9999999660232238
75.03762209721516	0.9999999666960089
75.13558243937864	0.9999999673554723
75.2335427815421	0.9999999680018772
75.33150312370557	0.9999999686354824
75.42946346586903	0.9999999692565416
75.52742380803251	0.9999999698653028
75.62538415019597	0.9999999704620097
75.72334449235943	0.9999999710469012
75.82130483452289	0.9999999716202108
75.91926517668637	0.9999999721821684
76.01722551884983	0.9999999727329982
76.1151858610133	0.9999999732729212
76.21314620317678	0.9999999738021528
76.31110654534024	0.9999999743209048
76.4090668875037	0.999999974829385
76.50702722966716	0.9999999753277965
76.60498757183063	0.9999999758163388
76.7029479139941	0.9999999762952075
76.80090825615756	0.9999999767645938
76.89886859832103	0.9999999772246856
76.9968289404845	0.9999999776756671
77.09478928264797	0.9999999781177186
77.19274962481143	0.9999999785510166
77.29070996697489	0.9999999789757351
77.38867030913836	0.9999999793920434
77.48663065130182	0.9999999798001084
77.58459099346528	0.9999999802000928
77.68255133562877	0.9999999805921574
77.78051167779223	0.9999999809764585
77.8784720199557	0.9999999813531498
77.97643236211916	0.999999981722382
78.07439270428263	0.9999999820843032
78.17235304644609	0.9999999824390579
78.27031338860955	0.9999999827867877
78.36827373077301	0.9999999831276322
78.46623407293649	0.9999999834617274
78.56419441509995	0.9999999837892072
78.66215475726341	0.9999999841102024
78.76011509942688	0.9999999844248414
78.85807544159036	0.9999999847332502
78.95603578375382	0.9999999850355522
79.05399612591728	0.999999985331868
79.15195646808075	0.9999999856223165
79.24991681024422	0.9999999859070137
79.34787715240768	0.9999999861860736
79.44583749457114	0.9999999864596076
79.54379783673463	0.9999999867277252
79.64175817889809	0.9999999869905338
79.73971852106155	0.9999999872481387
79.83767886322501	0.9999999875006425
79.93563920538848	0.9999999877481462
80.03359954755194	0.9999999879907493
80.1315598897154	0.9999999882285482
80.22952023187888	0.9999999884616386
80.32748057404234	0.9999999886901134
80.42544091620582	0.9999999889140643
80.52340125836928	0.9999999891335805
80.62136160053275	0.9999999893487501
80.71932194269621	0.999999989559659
80.81728228485967	0.9999999897663916
80.91524262702313	0.9999999899690306
81.01320296918661	0.9999999901676571
81.11116331135007	0.9999999903623504
81.20912365351356	0.9999999905531887
81.307083995677	0.9999999907402481
81.40504433784048	0.9999999909236035
81.50300468000394	0.9999999911033282
81.6009650221674	0.9999999912794941
81.69892536433088	0.9999999914521718
81.79688570649434	0.9999999916214299
81.8948460486578	0.9999999917873368
81.99280639082129	0.9999999919499585
82.09076673298475	0.9999999921093599
82.18872707514821	0.9999999922656051
82.28668741731167	0.9999999924187564
82.38464775947513	0.999999992568875
82.4826081016386	0.9999999927160212
82.58056844380206	0.9999999928602537
82.67852878596553	0.9999999930016301
82.77648912812899	0.999999993140207
82.87444947029249	0.9999999932760402
82.97240981245595	0.9999999934091834
83.07037015461941	0.9999999935396904
83.16833049678287	0.9999999936676129
83.26629083894633	0.9999999937930026
83.3642511811098	0.9999999939159094
83.46221152327325	0.9999999940363826
83.56017186543673	0.9999999941544702
83.65813220760022	0.9999999942702194
83.75609254976368	0.9999999943836766
83.85405289192714	0.9999999944948872
83.95201323409061	0.9999999946038958
84.04997357625406	0.9999999947107459
84.14793391841752	0.9999999948154801
84.24589426058098	0.9999999949181404
84.34385460274446	0.9999999950187679
84.44181494490795	0.999999995117403
84.53977528707141	0.9999999952140848
84.63773562923487	0.9999999953088523
84.73569597139834	0.9999999954017433
84.8336563135618	0.999999995492795
84.93161665572525	0.9999999955820436
85.02957699788873	0.9999999956695249
85.12753734005219	0.9999999957552741
85.22549768221567	0.9999999958393253
85.32345802437914	0.9999999959217121
85.42141836654261	0.9999999960024677
85.51937870870607	0.9999999960816242
85.61733905086953	0.9999999961592132
85.71529939303299	0.9999999962352659
85.81325973519647	0.9999999963098125
85.91122007735991	0.9999999963828832
86.00918041952337	0.9999999964545068
86.10714076168686	0.9999999965247124
86.20510110385034	0.9999999965935276
86.3030614460138	0.9999999966609803
86.40102178817726	0.9999999967270974
86.49898213034074	0.9999999967919051
86.5969424725042	0.9999999968554296
86.69490281466766	0.9999999969176963
86.7928631568311	0.9999999969787301
86.8908234989946	0.9999999970385551
86.98878384115807	0.9999999970971958
87.08674418332153	0.9999999971546751
87.18470452548499	0.9999999972110163
87.28266486764846	0.9999999972662419
87.38062520981192	0.9999999973203739
87.47858555197539	0.9999999973734341
87.57654589413885	0.9999999974254437
87.67450623630234	0.9999999974764233
87.7724665784658	0.9999999975263933
87.87042692062926	0.9999999975753742
87.96838726279273	0.9999999976233849
88.06634760495619	0.999999997670445
88.16430794711965	0.9999999977165732
88.26226828928311	0.9999999977617882
88.36022863144659	0.9999999978061078
88.45818897361005	0.9999999978495497
88.55614931577352	0.9999999978921315
88.65410965793698	0.9999999979338701
88.75207000010046	0.9999999979747822
88.85003034226392	0.9999999980148842
88.94799068442738	0.999999998054192
89.04595102659084	0.9999999980927217
89.14391136875432	0.9999999981304883
89.24187171091778	0.9999999981675072
89.33983205308125	0.999999998203793
89.43779239524473	0.9999999982393601
89.53575273740819	0.9999999982742231
89.63371307957165	0.9999999983083958
89.73167342173511	0.9999999983418919
89.82963376389858	0.9999999983747245
89.92759410606205	0.9999999984069072
90.0255544482255	0.9999999984384527
90.12351479038898	0.9999999984693733
90.22147513255246	0.9999999984996817
90.31943547471592	0.9999999985293901
90.41739581687938	0.99999999855851
90.51535615904284	0.9999999985870536
90.61331650120631	0.9999999986150316
90.71127684336977	0.9999999986424559
90.80923718553323	0.9999999986693371
90.90719752769671	0.999999998695686
91.00515786986018	0.9999999987215131
91.10311821202365	0.9999999987468289
91.2010785541871	0.9999999987716433
91.29903889635058	0.9999999987959665
91.39699923851404	0.9999999988198078
91.4949595806775	0.9999999988431771
91.59291992284096	0.9999999988660839
91.69088026500444	0.9999999988885369
91.78884060716791	0.9999999989105453
91.88680094933137	0.999999998932118
91.98476129149483	0.9999999989532635
92.08272163365831	0.9999999989739903
92.18068197582177	0.9999999989943067
92.27864231798523	0.9999999990142208
92.3766026601487	0.9999999990337405
92.47456300231217	0.9999999990528736
92.57252334447564	0.999999999071628
92.6704836866391	0.999999999090011
92.76844402880258	0.99999999910803
92.86640437096604	0.9999999991256923
92.9643647131295	0.9999999991430046
93.06232505529296	0.9999999991599742
93.16028539745643	0.999999999176608
93.2582457396199	0.999999999192912
93.35620608178336	0.9999999992088935
93.45416642394683	0.9999999992245585
93.5521267661103	0.9999999992399133
93.65008710827377	0.999999999254964
93.74804745043723	0.9999999992697166
93.8460077926007	0.9999999992841773
93.94396813476416	0.9999999992983515
94.04192847692762	0.999999999312245
94.13988881909108	0.9999999993258635
94.23784916125457	0.9999999993392124
94.33580950341803	0.9999999993522968
94.4337698455815	0.9999999993651223
94.53173018774496	0.9999999993776936
94.62969052990843	0.9999999993900162
94.72765087207189	0.9999999994020945
94.82561121423535	0.9999999994139339
94.92357155639883	0.9999999994255389
95.0215318985623	0.999999999436914
95.11949224072576	0.9999999994480637
95.21745258288922	0.9999999994589928
95.3154129250527	0.9999999994697055
95.41337326721616	0.999999999480206
95.51133360937962	0.9999999994904987
95.60929395154308	0.9999999995005875
95.70725429370655	0.9999999995104765
95.80521463587002	0.9999999995201696
95.90317497803349	0.9999999995296709
96.00113532019695	0.9999999995389841
96.09909566236043	0.9999999995481128
96.19705600452389	0.9999999995570608
96.29501634668735	0.9999999995658315
96.39297668885082	0.9999999995744286
96.49093703101428	0.9999999995828555
96.58889737317774	0.9999999995911155
96.68685771534122	0.9999999995992119
96.7848180575047	0.9999999996071482
96.88277839966815	0.9999999996149271
96.98073874183162	0.9999999996225521
97.07869908399508	0.9999999996300262
97.17665942615855	0.9999999996373521
97.27461976832201	0.999999999644533
97.37258011048547	0.9999999996515716
97.47054045264895	0.999999999658471
97.56850079481242	0.9999999996652338
97.66646113697588	0.9999999996718625
97.76442147913934	0.9999999996783602
97.8623818213028	0.9999999996847291
