0.0	80645.35004937631
0.0979428567843734	80645.35003864119
0.1958857135687468	3909.481862248847
0.29382857035312016	1114.6107675456624
0.3917714271374936	515.6119693860478
0.489714283921867	295.91118597238983
0.5876571407062404	191.782739497964
0.6855999974906137	134.39283655537466
0.7835428542749872	99.4460125749715
0.8814857110593605	76.6015038401334
0.9794285678437338	60.85412283195872
1.077371424628107	49.54195526641156
1.1753142814124804	41.14338250392759
1.2732571381968536	34.73746133269842
1.3711999949812272	29.740319529712163
1.4691428517656007	25.76726459392016
1.5670857085499743	22.55648124437307
1.6650285653343475	19.92477431123129
1.7629714221187212	17.74085061628048
1.8609142789030946	15.908623708555558
1.958857135687468	14.356463890373433
2.0567999924718414	13.030091520286993
2.154742849256215	11.88776786770371
2.2526857060405883	10.896972232605284
2.350628562824962	10.032062654803575
2.448571419609335	9.27260101681157
2.5465142763937085	8.602135321164923
2.644457133178082	8.007301895158824
2.742399989962456	7.477154947349636
2.8403428467468292	7.002659981788236
2.938285703531202	6.576306850128461
3.0362285603155756	6.191811207671075
3.1341714170999495	5.843882022296331
3.232114273884323	5.528038947348377
3.3300571306686964	5.240467700249697
3.4279999874530698	4.977904669346659
3.525942844237443	4.737544187928253
3.623885701021817	4.5169635259414935
3.7218285578061905	4.314061833385533
3.819771414590564	4.1270101465636575
3.9177142713749373	3.954210224285707
4.015657128159311	3.794260475632855
4.113599984943685	3.6459276166548307
4.211542841728058	3.5081229810025465
4.309485698512431	3.3798826312192514
4.407428555296804	3.2603505894626137
4.505371412081177	3.148764640780075
4.603314268865551	3.0444442676020143
4.701257125649925	2.9467803575035343
4.799199982434298	2.8552263925268915
4.897142839218671	2.769290881252162
4.995085696003044	2.6885308372528263
5.093028552787418	2.612546141800918
5.190971409571792	2.5409746564113433
5.288914266356165	2.4734879733705655
5.386857123140539	2.4097877108219103
5.4847999799249125	2.3496022740945155
5.5827428367092855	2.2926840174088015
5.680685693493659	2.2388067503776496
5.778628550278032	2.187763542254395
5.876571407062406	2.139364783979877
5.97451426384678	2.093436474010738
6.072457120631153	2.049818698878918
6.170399977415527	2.0083642836068827
6.2683428341999	1.968937590621628
6.366285690984273	1.9314134487846144
6.464228547768647	1.8956761966757283
6.56217140455302	1.861618826411949
6.660114261337394	1.8291422161071886
6.7580571181217675	1.7981544406395027
6.85599997490614	1.7685701517276151
6.953942831690514	1.7403100194653076
7.051885688474887	1.7133002284487642
7.149828545259261	1.687472022482668
7.247771402043635	1.6627612925860074
7.345714258828008	1.639108203655204
7.443657115612382	1.6164568556946528
7.541599972396755	1.5947549760051283
7.639542829181128	1.5739536391390163
7.737485685965503	1.5540070117965898
7.835428542749875	1.5348721201569502
7.933371399534249	1.5165086374170351
8.031314256318622	1.4988786895576074
8.129257113102996	1.4819466775709278
8.22719996988737	1.4656791145748123
8.325142826671744	1.4500444764053129
8.423085683456115	1.4350130644282384
8.52102854024049	1.4205568794406211
8.618971397024863	1.4066495056491983
8.716914253809238	1.3932660038158438
8.81485711059361	1.380382812751284
8.912799967377984	1.3679776584197436
9.010742824162357	1.3560294699895998
9.10868568094673	1.3445183022297453
9.206628537731104	1.3334252637090702
9.304571394515477	1.3227324503080948
9.402514251299852	1.3124228835979983
9.500457108084223	1.3024804536837293
9.598399964868598	1.2928898661450714
9.696342821652971	1.2836365927429592
9.794285678437346	1.2747068255884064
9.892228535221719	1.2660874344984852
9.990171392006092	1.257765927288209
10.088114248790465	1.2497304127692086
10.18605710557484	1.2419695662459964
10.283999962359212	1.23447259731862
10.381942819143587	1.22722921981681
10.479885675927958	1.2202296237054968
10.577828532712331	1.2134644488149684
10.675771389496706	1.2069247602611128
10.773714246281079	1.2006020254322396
10.871657103065454	1.1944880924290344
10.969599959849825	1.1885751698533549
11.0675428166342	1.1828558078499192
11.165485673418573	1.1773228803125464
11.263428530202948	1.1719695681735522
11.36137138698732	1.1667893437012486
11.459314243771693	1.161775955736292
11.557257100556066	1.156923415802936
11.655199957340441	1.1522259850360983
11.753142814124814	1.1476781618696088
11.851085670909189	1.1432746704350845
11.94902852769356	1.1390104496246292
12.046971384477935	1.1348806427739935
12.144914241262308	1.1308805879259947
12.24285709804668	1.1270058086369086
12.340799954831056	1.1232520052912165
12.438742811615429	1.119615046892562
12.536685668399802	1.1160909633010423
12.634628525184175	1.1126759378890525
12.73257138196855	1.10936630058984
12.830514238752922	1.1061585213147058
12.928457095537297	1.1030492037164434
13.026399952321668	1.1000350792781297
13.124342809106043	1.0971130017077921
13.222285665890416	1.0942799416207842
13.32022852267479	1.09153298149291
13.418171379459164	1.0888693108684575
13.516114236243537	1.0862862218083424
13.61405709302791	1.0837811045645274
13.711999949812283	1.0813514434677736
13.809942806596657	1.0789948130166178
13.90788566338103	1.0767088741562352
14.005828520165403	1.074491370736569
14.103771376949776	1.0723401261397771
14.201714233734151	1.0702530400676606
14.299657090518524	1.0682280854803294
14.397599947302899	1.066263305677886
14.49554280408727	1.0643568115174216
14.593485660871645	1.0625067787580802
14.691428517656018	1.0607114455273896
14.789371374440393	1.0589691099024585
14.887314231224765	1.057278127600028
14.985257088009138	1.055636909769715
15.083199944793513	1.0540439208851213
15.181142801577884	1.0524976767277947
15.27908565836226	1.0509967424593114
15.377028515146634	1.049539730777032
15.474971371931005	1.0481253001493303
15.572914228715378	1.0467521531263355
15.670857085499753	1.0454190347224543
15.768799942284128	1.0441247308671437
15.866742799068499	1.0428680669206074
15.964685655852874	1.0416479062512702
16.062628512637247	1.0404631488720595
16.16057136942162	1.0393127301326819
16.258514226205993	1.0381956194652426
16.356457082990367	1.0371108191806917
16.454399939774742	1.0360573633137187
16.552342796559117	1.0350343165138465
16.650285653343488	1.03404077298059
16.748228510127863	1.0330758554406614
16.846171366912234	1.0321387141653064
16.94411422369661	1.031228526025958
17.04205708048098	1.030344493586485
17.139999937265355	1.0294858442304047
17.23794279404973	1.0286518293215083
17.3358856508341	1.02784172339643
17.433828507618475	1.0270548233877608
17.53177136440285	1.0262904478763808
17.629714221187225	1.025547936371751
17.727657077971596	1.024826648618962
17.825599934755967	1.0241259639314042
17.923542791540342	1.0234452805479695
18.021485648324717	1.02278401501376
18.119428505109088	1.022141601583315
18.217371361893463	1.021517491645426
18.315314218677837	1.020911153168646
18.413257075462212	1.0203220701666469
18.511199932246583	1.0197497421826156
18.609142789030958	1.0191936837919178
18.707085645815333	1.0186534241222942
18.805028502599704	1.018128506390889
18.902971359384075	1.017618487457441
19.00091421616845	1.0171229373929984
19.098857072952825	1.0166414390635479
19.196799929737196	1.0161735877279763
19.29474278652157	1.0157189906498074
19.392685643305946	1.0152772667221834
19.49062850009032	1.0148480461055824
19.58857135687469	1.0144309698777865
19.686514213659063	1.0140256896956348
19.784457070443434	1.0136318674681188
19.882399927227805	1.0132491750403922
19.980342784012176	1.0128772938882908
20.078285640796544	1.01251591482297
20.176228497580915	1.012164737705289
20.274171354365286	1.0118234711695808
20.372114211149658	1.0114918323564708
20.47005706793403	1.0111695466544077
20.5679999247184	1.0108563474495993
20.665942781502775	1.0105519758840462
20.763885638287146	1.0102561806213868
20.861828495071517	1.0099687176202723
20.95977135185589	1.0096893499150095
21.05771420864026	1.00941784740321
21.15565706542463	1.0091539866402053
21.253599922209002	1.0088975506399869
21.351542778993373	1.0086483286824481
21.449485635777744	1.0084061161267084
21.547428492562116	1.0081707142303091
21.645371349346487	1.0079419299740828
21.743314206130858	1.0077195758924995
21.84125706291523	1.0075034699093048
21.9391999196996	1.0072934351782714
22.03714277648397	1.0070892999288907
22.135085633268343	1.0068908973168387
22.233028490052714	1.0066980652790571
22.330971346837085	1.0065106463932973
22.428914203621456	1.0063284877419754
22.526857060405828	1.0061514407801995
22.6247999171902	1.0059793612078307
22.72274277397457	1.0058121088454457
22.82068563075894	1.0056495475140725
22.918628487543312	1.005491544918578
23.016571344327684	1.005337972534588
23.114514201112055	1.0051887054988253
23.21245705789643	1.0050436225027575
23.3103999146808	1.0049026056894452
23.408342771465172	1.0047655405534912
23.506285628249543	1.0046323158439896
23.604228485033914	1.004502823470381
23.702171341818286	1.0043769584111202
23.800114198602657	1.0042546186250692
23.898057055387024	1.0041357049655275
23.995999912171396	1.0040201210968192
24.093942768955767	1.0039077734133546
24.191885625740138	1.0037985709610908
24.28982848252451	1.0036924253613153
24.38777133930888	1.0035892507366806
24.485714196093255	1.0034889636394209
24.583657052877626	1.0033914829816828
24.681599909661998	1.0032967299679048
24.77954276644637	1.0032046280291815
24.87748562323074	1.0031151027595553
24.97542848001511	1.0030280818541708
25.073371336799482	1.0029434950492413
25.171314193583854	1.0028612740637668
25.269257050368225	1.0027813525429543
25.367199907152596	1.0027036660032858
25.465142763936967	1.0026281517791855
25.56308562072134	1.0025547489712388
25.661028477505713	1.0024833983959136
25.75897133429008	1.0024140425367418
25.856914191074452	1.0023466254969144
25.954857047858823	1.0022810929532502
26.052799904643194	1.0022173921114952
26.150742761427566	1.0021554716629135
26.248685618211937	1.0020952817421322
26.346628474996308	1.0020367738862013
26.44457133178068	1.0019799009948331
26.54251418856505	1.0019246172917873
26.64045704534942	1.0018708782873658
26.738399902133793	1.0018186407419862
26.836342758918164	1.0017678626308013
26.93428561570254	1.0017185031093334
27.03222847248691	1.001670522480094
27.13017132927128	1.0016238821601602
27.228114186055652	1.00157854464968
27.326057042840024	1.0015344735012777
27.423999899624395	1.0014916332903334
27.521942756408766	1.0014499895861138
27.619885613193137	1.0014095089237254
27.717828469977505	1.0013701587768689
27.815771326761876	1.0013319075313702
27.913714183546247	1.001294724459466
28.01165704033062	1.0012585796948215
28.10959989711499	1.001223444208259
28.207542753899364	1.0011892897841785
28.305485610683736	1.0011560889976467
28.403428467468107	1.0011238151921387
28.501371324252478	1.0010924424579106
28.59931418103685	1.001061945610988
28.69725703782122	1.0010323001727486
28.79519989460559	1.0010034823500857
28.893142751389963	1.000975469016133
28.991085608174334	1.0009482376915355
29.089028464958705	1.000921766526252
29.186971321743076	1.0008960342818716
29.284914178527448	1.0008710203144315
29.38285703531182	1.0008467045577207
29.480799892096194	1.0008230675070555
29.57874274888056	1.0008000902035137
29.676685605664932	1.000777754218615
29.774628462449304	1.0007560416394332
29.87257131923367	1.0007349350541295
29.970514176018046	1.0007144175378933
30.06845703280242	1.0006944726392808
30.16639988958679	1.0006750843669387
30.264342746371163	1.0006562371767018
30.36228560315553	1.000637915959054
30.460228459939906	1.0006201060269437
30.558171316724273	1.0006027931039432
30.656114173508648	1.0005859633127385
30.754057030293016	1.0005696031639468
30.85199988707739	1.0005536995452464
30.949942743861758	1.000538239710814
31.047885600646133	1.0005232112710578
31.1458284574305	1.0005086021826408
31.243771314214875	1.0004944007387842
31.341714170999246	1.0004805955598424
31.439657027783618	1.000467175584145
31.53759988456799	1.0004541300590941
31.635542741352356	1.0004414485325135
31.73348559813673	1.0004291208442393
31.8314284549211	1.000417137117948
31.929371311705474	1.0004054877532138
32.027314168489845	1.0003941634177882
32.125257025274216	1.0003831550400972
32.22319988205859	1.0003724538019483
32.32114273884296	1.0003620511314428
32.41908559562733	1.0003519386960866
32.5170284524117	1.0003421083960948
32.61497130919607	1.0003325523578828
32.71291416598044	1.0003232629277412
32.810857022764814	1.0003142326656878
32.908799879549186	1.0003054543394914
33.00674273633356	1.0002969209188635
33.10468559311793	1.000288625569813
33.2026284499023	1.0002805616491586
33.30057130668667	1.0002727226991954
33.39851416347104	1.0002651024425107
33.49645702025541	1.0002576947769446
33.594399877039784	1.0002504937706929
33.692342733824155	1.0002434936575455
33.790285590608526	1.00023668883226
33.888228447392905	1.0002300738460634
33.98617130417727	1.0002236434022802
34.08411416096165	1.0002173923520827
34.18205701774601	1.0002113156903611
34.27999987453038	1.0002054085517076
34.377942731314754	1.0001996662065145
34.475885588099125	1.0001940840571806
34.573828444883496	1.0001886576344239
34.67177130166787	1.000183382593697
34.76971415845224	1.0001782547117042
34.86765701523661	1.0001732698830141
34.96559987202098	1.0001684241167688
35.06354272880535	1.0001637135334829
35.16148558558973	1.000159134361935
35.259428442374094	1.0001546829361432
35.35737129915847	1.0001503556924274
35.45531415594284	1.0001461491665515
35.553257012727215	1.0001420599909483
35.65119986951158	1.0001380848920192
35.74914272629596	1.000134220687511
35.84708558308032	1.0001304642839661
35.9450284398647	1.0001268126742429
36.042971296649064	1.000123262935106
36.14091415343344	1.0001198122248847
36.23885701021781	1.000116457781195
36.33679986700218	1.0001131969187271
36.434742723786556	1.000110027027094
36.53268558057092	1.0001069455687392
36.6306284373553	1.000103950076905
36.72857129413966	1.000101038153655
36.82651415092404	1.0000982074679552
36.924457007708405	1.0000954557538047
37.02239986449278	1.0000927808084215
37.12034272127715	1.0000901804904783
37.218285578061526	1.0000876527183868
37.31622843484589	1.0000851954686314
37.41417129163027	1.0000828067741474
37.51211414841463	1.0000804847227462
37.61005700519901	1.000078227455584
37.70799986198338	1.0000760331656728
37.80594271876775	1.000073900096434
37.903885575552124	1.000071826540291
38.001828432336495	1.0000698108373018
38.099771289120866	1.0000678513738306
38.19771414590523	1.0000659465812547
38.29565700268961	1.0000640949347093
38.39359985947397	1.0000622949518658
38.49154271625835	1.0000605451917457
38.589485573042715	1.0000588442535663
38.687428429827094	1.0000571907756193
38.78537128661146	1.0000555834341807
38.883314143395836	1.0000540209424509
38.98125700018021	1.0000525020495246
39.07919985696458	1.000051025539389
39.17714271374895	1.000049590229951
39.27508557053333	1.00004819497209
39.37302842731769	1.0000468386487387
39.47097128410207	1.0000455201739882
39.568914140886434	1.0000442384922192
39.66685699767081	1.0000429925772574
39.764799854455184	1.0000417814315505
39.86274271123955	1.0000406040853718
39.960685568023926	1.000039459596042
40.05862842480829	1.000038347047176
40.15657128159267	1.0000372655479488
40.25451413837703	1.0000362142323824
40.35245699516141	1.0000351922586528
40.450399851945775	1.0000341988084163
40.548342708730154	1.0000332330861543
40.64628556551452	1.0000322943185367
40.744228422298896	1.000031381753803
40.84217127908326	1.0000304946611602
40.94011413586764	1.0000296323301987
41.03805699265201	1.0000287940703227
41.13599984943638	1.0000279792101985
41.23394270622075	1.0000271870972164
41.33188556300512	1.0000264170969688
41.429828419789494	1.0000256685927424
41.527771276573866	1.0000249409850248
41.62571413335824	1.0000242336910243
41.72365699014261	1.0000235461442037
41.82159984692698	1.0000228777938271
41.91954270371134	1.0000222281045192
42.01748556049572	1.0000215965558361
42.115428417280086	1.0000209826418496
42.213371274064464	1.000020385870742
42.311314130848835	1.0000198057644127
42.409256987633206	1.0000192418580955
42.50719984441758	1.0000186936999864
42.60514270120195	1.0000181608508825
42.70308555798632	1.00001764288383
42.80102841477069	1.0000171393837833
42.89897127155506	1.0000166499472722
42.996914128339434	1.0000161741820794
43.094856985123805	1.0000157117069264
43.192799841908176	1.0000152621511682
43.29074269869255	1.0000148251544976
43.38868555547692	1.0000144003666556
43.48662841226129	1.0000139874471525
43.58457126904566	1.0000135860649944
43.68251412583003	1.0000131958984184
43.7804569826144	1.000012816634636
43.878399839398774	1.000012447969582
43.976342696183146	1.0000120896076712
44.07428555296752	1.0000117412615621
44.17222840975189	1.0000114026519273
44.27017126653626	1.0000110735072296
44.36811412332063	1.0000107535635046
44.466056980105	1.0000104425641496
44.56399983688937	1.0000101402597188
44.661942693673744	1.0000098464077227
44.759885550458115	1.0000095607724349
44.85782840724249	1.0000092831247032
44.95577126402686	1.0000090132417663
45.053714120811236	1.0000087509070754
45.1516569775956	1.0000084959101212
45.24959983437998	1.000008248046265
45.34754269116434	1.0000080071165758
45.44548554794872	1.0000077729276697
45.543428404733085	1.000007545291557
45.641371261517456	1.0000073240254905
45.73931411830183	1.0000071089518192
45.8372569750862	1.000006899897847
45.93519983187057	1.0000066966956942
46.03314268865494	1.0000064991821627
46.13108554543932	1.000006307198606
46.22902840222368	1.0000061205908022
46.32697125900806	1.00000593920883
46.424914115792426	1.0000057629069499
46.522856972576804	1.0000055915434862
46.62079982936117	1.0000054249807149
46.718742686145546	1.0000052630847525
46.81668554292991	1.0000051057254495
46.91462839971429	1.0000049527762862
47.01257125649865	1.000004804114271
47.11051411328303	1.000004659619843
47.208456970067395	1.0000045191767752
47.306399826851774	1.0000043826720821
47.404342683636145	1.0000042499959292
47.50228554042051	1.0000041210415451
47.60022839720489	1.000003995705136
47.69817125398925	1.0000038738858033
47.79611411077363	1.0000037554854615
47.894056967557994	1.000003640408761
47.99199982434237	1.0000035285630118
48.089942681126736	1.0000034198581078
48.187885537911114	1.0000033142064566
48.28582839469548	1.0000032115229085
48.38377125147986	1.0000031117246884
48.48171410826422	1.0000030147313297
48.5796569650486	1.0000029204646097
48.67759982183297	1.0000028288484875
48.77554267861734	1.0000027398090428
48.87348553540171	1.0000026532744166
48.971428392186084	1.000002569174754
49.069371248970455	1.0000024874421487
49.167314105754826	1.0000024080105874
49.2652569625392	1.0000023308158983
49.36319981932357	1.0000022557956993
49.46114267610794	1.0000021828893477
49.559085532892304	1.0000021120378924
49.65702838967668	1.000002043184026
49.75497124646105	1.0000019762720394
49.852914103245425	1.0000019112477772
49.950856960029796	1.0000018480585944
50.04879981681417	1.000001786653314
50.14674267359854	1.0000017269821864
50.24468553038291	1.0000016689968492
50.34262838716728	1.0000016126502889
50.44057124395165	1.000001557896803
50.53851410073602	1.0000015046919637
50.636456957520394	1.0000014529925823
50.734399814304766	1.0000014027566742
50.83234267108914	1.000001353943426
50.93028552787351	1.0000013065131625
51.02822838465788	1.000001260427315
51.12617124144225	1.00000121564839
51.22411409822662	1.00000117213994
51.32205695501099	1.0000011298665339
51.419999811795364	1.0000010887937285
51.517942668579735	1.0000010488880415
51.61588552536411	1.0000010101169243
51.71382838214848	1.000000972448736
51.81177123893285	1.0000009358527178
51.90971409571722	1.000000900298969
52.00765695250159	1.0000008657584225
52.10559980928596	1.0000008322028222
52.203542666070334	1.0000007996047
52.301485522854705	1.0000007679373535
52.399428379639076	1.0000007371748252
52.497371236423454	1.0000007072918815
52.59531409320782	1.0000006782639925
52.6932569499922	1.0000006500673122
52.79119980677656	1.00000062267866
52.88914266356094	1.0000005960755014
52.9870855203453	1.0000005702359307
53.085028377129674	1.0000005451386529
53.182971233914046	1.0000005207629667
53.28091409069842	1.0000004970887484
53.37885694748279	1.0000004740964354
53.47679980426716	1.000000451767011
53.57474266105153	1.000000430081988
53.6726855178359	1.0000004090233956
53.77062837462028	1.0000003885737638
53.868571231404644	1.0000003687161099
53.96651408818902	1.0000003494339247
54.06445694497339	1.0000003307111596
54.162399801757765	1.0000003125322134
54.26034265854213	1.0000002948819202
54.35828551532651	1.0000002777455368
54.45622837211087	1.0000002611087313
54.55417122889525	1.0000002449575713
54.652114085679614	1.0000002292785133
54.75005694246399	1.0000002140583912
54.847999799248356	1.000000199284406
54.945942656032734	1.0000001849441162
55.043885512817106	1.0000001710254267
55.14182836960147	1.0000001575165798
55.23977122638585	1.000000144406146
55.33771408317021	1.000000131683014
55.43565693995459	1.000000119336383
55.533599796738955	1.0000001073557532
55.63154265352333	1.0000000957309172
55.7294855103077	1.000000084451953
55.827428367092075	1.0000000735092147
55.92537122387644	1.0000000628933257
56.02331408066082	1.0000000525951707
56.12125693744519	1.0000000426058888
56.21919979422956	1.0000000329168661
56.31714265101393	1.000000023519729
56.4150855077983	1.0000000144063375
56.513028364582674	1.000000005568778
56.610971221367045	0.9999999969993587
56.708914078151416	0.9999999886906015
56.80685693493579	0.9999999806352369
56.90479979172016	0.9999999728261983
57.00274264850452	0.9999999652566164
57.1006855052889	0.999999957919813
57.198628362073265	0.9999999508092965
57.29657121885764	0.999999943918756
57.394514075642014	0.999999937242057
57.492456932426386	0.9999999307732359
57.59039978921076	0.9999999245064952
57.68834264599513	0.9999999184361995
57.7862855027795	0.9999999125568702
57.88422835956387	0.9999999068631816
57.98217121634824	0.9999999013499566
58.08011407313261	0.9999998960121625
58.178056929916984	0.9999998908449068
58.275999786701355	0.9999998858434336
58.37394264348573	0.9999998810031194
58.4718855002701	0.99999987631947
58.56982835705447	0.999999871788116
58.66777121383885	0.9999998674048105
58.76571407062321	0.9999998631654246
58.86365692740758	0.9999998590659446
58.961599784191954	0.9999998551024689
59.059542640976325	0.9999998512712046
59.157485497760696	0.9999998475684646
59.25542835454507	0.9999998439906647
59.35337121132944	0.9999998405343203
59.45131406811381	0.9999998371960445
59.54925692489818	0.9999998339725444
59.64719978168255	0.9999998308606194
59.74514263846692	0.9999998278571576
59.84308549525129	0.9999998249591343
59.94102835203567	0.999999822163609
60.03897120882004	0.9999998194677234
60.13691406560441	0.9999998168686985
60.234856922388786	0.9999998143638332
60.33279977917316	0.9999998119505016
60.43074263595752	0.9999998096261509
60.52868549274189	0.9999998073882996
60.62662834952627	0.9999998052345355
60.724571206310635	0.9999998031625135
60.82251406309501	0.999999801169954
60.92045691987938	0.999999799254641
61.018399776663756	0.9999997974144201
61.11634263344812	0.9999997956471973
61.21428549023249	0.9999997939509367
61.31222834701687	0.9999997923236594
61.41017120380124	0.9999997907634416
61.508114060585605	0.999999789268413
61.606056917369976	0.9999997878367557
61.703999774154354	0.9999997864667024
61.801942630938726	0.9999997851565351
61.89988548772309	0.9999997839045837
61.99782834450746	0.9999997827092246
62.09577120129184	0.9999997815688797
62.19371405807621	0.9999997804820145
62.291656914860575	0.9999997794471378
62.389599771644946	0.9999997784627996
62.487542628429324	0.9999997775275907
62.585485485213695	0.9999997766401408
62.68342834199806	0.999999775799118
62.78137119878244	0.9999997750032276
62.87931405556681	0.9999997742512109
62.97725691235117	0.9999997735418443
63.075199769135544	0.9999997728739385
63.17314262591992	0.9999997722463372
63.271085482704294	0.9999997716579163
63.36902833948866	0.9999997711075833
63.46697119627303	0.9999997705942759
63.56491405305741	0.9999997701169615
63.66285690984178	0.9999997696746363
63.76079976662614	0.9999997692663247
63.85874262341053	0.999999768891078
63.95668548019489	0.9999997685479741
64.05462833697926	0.9999997682361166
64.15257119376363	0.9999997679546341
64.250514050548	0.9999997677026795
64.34845690733238	0.9999997674794293
64.44639976411675	0.999999767284083
64.54434262090112	0.9999997671158625
64.64228547768549	0.9999997669740112
64.74022833446986	0.9999997668577938
64.83817119125423	0.9999997667664954
64.93611404803859	0.999999766699421
65.03405690482298	0.9999997666558952
65.13199976160735	0.999999766635261
65.22994261839172	0.9999997666368803
65.32788547517609	0.9999997666601322
65.42582833196046	0.9999997667044137
65.52377118874483	0.9999997667691382
65.6217140455292	0.9999997668537355
65.71965690231357	0.9999997669576515
65.81759975909794	0.9999997670803473
65.91554261588232	0.9999997672212994
66.01348547266669	0.9999997673799985
66.11142832945106	0.9999997675559498
66.20937118623543	0.9999997677486719
66.3073140430198	0.9999997679576974
66.40525689980417	0.9999997681825715
66.50319975658854	0.9999997684228522
66.60114261337291	0.9999997686781099
66.69908547015729	0.9999997689479269
66.79702832694166	0.999999769231897
66.89497118372603	0.9999997695296258
66.9929140405104	0.9999997698407294
67.09085689729477	0.9999997701648349
67.18879975407914	0.9999997705015796
67.28674261086351	0.9999997708506111
67.38468546764788	0.9999997712115867
67.48262832443227	0.9999997715841733
67.58057118121663	0.9999997719680471
67.678514038001	0.9999997723628934
67.77645689478537	0.9999997727684061
67.87439975156975	0.9999997731842878
67.97234260835411	0.9999997736102493
68.07028546513848	0.9999997740460095
68.16822832192285	0.9999997744912951
68.26617117870722	0.9999997749458405
68.3641140354916	0.9999997754093874
68.46205689227597	0.999999775881685
68.55999974906034	0.9999997763624889
68.65794260584471	0.9999997768515622
68.75588546262908	0.999999777348674
68.85382831941345	0.9999997778536003
68.95177117619784	0.9999997783661231
69.0497140329822	0.9999997788860305
69.14765688976657	0.9999997794131168
69.24559974655094	0.9999997799471816
69.34354260333532	0.9999997804880303
69.44148546011968	0.9999997810354737
69.53942831690405	0.9999997815893279
69.63737117368842	0.9999997821494141
69.73531403047281	0.9999997827155586
69.83325688725716	0.9999997832875923
69.93119974404154	0.999999783865351
70.02914260082592	0.9999997844486751
70.12708545761028	0.9999997850374094
70.22502831439465	0.9999997856314029
70.32297117117902	0.9999997862305091
70.4209140279634	0.9999997868345853
70.51885688474776	0.9999997874434929
70.61679974153213	0.9999997880570972
70.7147425983165	0.9999997886752673
70.81268545510089	0.9999997892978757
70.91062831188525	0.9999997899247988
71.00857116866962	0.999999790555916
71.10651402545399	0.9999997911911106
71.20445688223838	0.9999997918302688
71.30239973902273	0.9999997924732801
71.4003425958071	0.999999793120037
71.49828545259149	0.999999793770435
71.59622830937586	0.9999997944243727
71.69417116616022	0.9999997950817512
71.79211402294459	0.9999997957424747
71.89005687972897	0.9999997964064498
71.98799973651334	0.9999997970735859
72.0859425932977	0.9999997977437948
72.18388545008207	0.9999997984169908
72.28182830686646	0.9999997990930907
72.37977116365082	0.9999997997720134
72.47771402043519	0.9999998004536801
72.57565687721957	0.9999998011380145
72.67359973400394	0.999999801824942
72.7715425907883	0.9999998025143904
72.86948544757267	0.9999998032062893
72.96742830435706	0.9999998039005705
73.06537116114143	0.9999998045971675
73.16331401792579	0.9999998052960157
73.26125687471016	0.9999998059970524
73.35919973149454	0.9999998067002165
73.45714258827891	0.9999998074054486
73.55508544506327	0.9999998081126911
73.65302830184764	0.9999998088218879
73.75097115863203	0.9999998095329845
73.8489140154164	0.999999810245928
73.94685687220075	0.9999998109606668
74.04479972898514	0.9999998116771509
74.14274258576951	0.9999998123953315
74.24068544255387	0.9999998131151615
74.33862829933824	0.9999998138365948
74.43657115612262	0.9999998145595865
74.534514012907	0.9999998152840934
74.63245686969135	0.9999998160100733
74.73039972647572	0.9999998167374848
74.82834258326011	0.9999998174662883
74.92628544004448	0.9999998181964448
75.02422829682884	0.9999998189279166
75.12217115361322	0.9999998196606669
75.2201140103976	0.9999998203946602
75.31805686718197	0.9999998211298617
75.41599972396632	0.9999998218662379
75.51394258075071	0.999999822603756
75.61188543753508	0.999999823342384
75.70982829431945	0.9999998240820911
75.80777115110381	0.9999998248228471
75.9057140078882	0.9999998255646229
76.00365686467256	0.9999998263073898
76.10159972145692	0.9999998270511204
76.19954257824129	0.9999998277957878
76.29748543502568	0.9999998285413657
76.39542829181005	0.9999998292878289
76.4933711485944	0.9999998300351527
76.59131400537879	0.999999830783313
76.68925686216316	0.9999998315322864
76.78719971894753	0.9999998322820505
76.88514257573189	0.999999833032583
76.98308543251628	0.9999998337838625
77.08102828930065	0.9999998345358683
77.17897114608502	0.9999998352885799
77.27691400286938	0.999999836041978
77.37485685965376	0.9999998367960431
77.47279971643813	0.9999998375507567
77.5707425732225	0.9999998383061008
77.66868543000687	0.9999998390620578
77.76662828679125	0.9999998398186105
77.86457114357562	0.9999998405757424
77.96251400035999	0.9999998413334373
78.06045685714436	0.9999998420916795
78.15839971392873	0.9999998428504537
78.2563425707131	0.9999998436097451
78.35428542749746	0.9999998443695394
78.45222828428184	0.9999998451298223
78.55017114106622	0.9999998458905804
78.64811399785059	0.9999998466518004
78.74605685463494	0.9999998474134694
78.84399971141933	0.9999998481755747
78.9419425682037	0.9999998489381045
79.03988542498807	0.9999998497010466
79.13782828177244	0.9999998504643898
79.23577113855681	0.9999998512281227
79.33371399534118	0.9999998519922345
79.43165685212556	0.9999998527567147
79.52959970890993	0.9999998535215529
79.6275425656943	0.9999998542867392
79.72548542247867	0.9999998550522639
79.82342827926304	0.9999998558181175
79.92137113604741	0.9999998565842908
80.01931399283178	0.999999857350775
80.11725684961615	0.9999998581175614
80.21519970640053	0.9999998588846416
80.3131425631849	0.9999998596520073
80.41108541996927	0.9999998604196506
80.50902827675364	0.9999998611875638
80.60697113353801	0.9999998619557393
80.70491399032238	0.9999998627241699
80.80285684710675	0.9999998634928482
80.90079970389112	0.9999998642617676
80.9987425606755	0.9999998650309212
81.09668541745987	0.9999998658003025
81.19462827424424	0.9999998665699052
81.29257113102861	0.9999998673397231
81.39051398781298	0.9999998681097503
81.48845684459735	0.9999998688799807
81.58639970138172	0.9999998696504089
81.6843425581661	0.9999998704210292
81.78228541495046	0.9999998711918364
81.88022827173484	0.9999998719628252
81.97817112851921	0.9999998727339906
82.07611398530358	0.9999998735053275
82.17405684208795	0.9999998742768312
82.27199969887232	0.9999998750484972
82.36994255565669	0.9999998758203208
82.46788541244106	0.9999998765922976
82.56582826922543	0.9999998773644234
82.6637711260098	0.9999998781366941
82.76171398279419	0.9999998789091056
82.85965683957855	0.9999998796816538
82.95759969636292	0.9999998804543352
83.05554255314729	0.9999998812271459
83.15348540993168	0.9999998820000823
83.25142826671603	0.9999998827731409
83.3493711235004	0.9999998835463183
83.44731398028478	0.9999998843196112
83.54525683706915	0.9999998850930163
83.64319969385352	0.9999998858665305
83.74114255063789	0.9999998866401509
83.83908540742227	0.9999998874138745
83.93702826420663	0.9999998881876982
84.034971120991	0.9999998889616194
84.13291397777537	0.9999998897356354
84.23085683455976	0.9999998905097434
84.32879969134412	0.999999891283941
84.42674254812849	0.9999998920582255
84.52468540491286	0.9999998928325946
84.62262826169724	0.999999893607046
84.7205711184816	0.9999998943815773
84.81851397526597	0.9999998951561864
84.91645683205034	0.9999998959308709
85.01439968883473	0.9999998967056289
85.11234254561909	0.9999998974804584
85.21028540240346	0.9999998982553572
85.30822825918784	0.9999998990303234
85.4061711159722	0.9999998998053552
85.50411397275657	0.9999999005804507
85.60205682954094	0.9999999013556082
85.69999968632533	0.9999999021308259
85.79794254310968	0.9999999029061022
85.89588539989406	0.9999999036814353
85.99382825667843	0.9999999044568237
86.09177111346281	0.999999905232266
86.18971397024717	0.9999999060077606
86.28765682703154	0.9999999067833059
86.38559968381593	0.9999999075589006
86.4835425406003	0.9999999083345432
86.58148539738465	0.9999999091102326
86.67942825416903	0.9999999098859673
86.77737111095341	0.9999999106617462
86.87531396773778	0.999999911437568
86.97325682452214	0.9999999122134313
87.07119968130651	0.9999999129893352
87.1691425380909	0.9999999137652784
87.26708539487525	0.9999999145412599
87.36502825165962	0.9999999153172786
87.462971108444	0.9999999160933334
87.56091396522838	0.9999999168694234
87.65885682201274	0.9999999176455474
87.75679967879711	0.9999999184217047
87.8547425355815	0.9999999191978942
87.95268539236586	0.9999999199741151
88.05062824915022	0.9999999207503665
88.1485711059346	0.9999999215266475
88.24651396271898	0.9999999223029573
88.34445681950335	0.9999999230792951
88.4423996762877	0.9999999238556601
88.54034253307208	0.9999999246320515
88.63828538985646	0.9999999254084686
88.73622824664083	0.9999999261849107
88.83417110342519	0.9999999269613771
88.93211396020958	0.9999999277378671
89.03005681699395	0.9999999285143799
89.12799967377832	0.9999999292909151
89.22594253056268	0.9999999300674719
89.32388538734706	0.9999999308440497
89.42182824413143	0.9999999316206479
89.51977110091579	0.999999932397266
89.61771395770016	0.9999999331739035
89.71565681448455	0.9999999339505596
89.81359967126892	0.999999934727234
89.91154252805327	0.9999999355039261
90.00948538483765	0.9999999362806353
90.10742824162203	0.9999999370573613
90.2053710984064	0.9999999378341036
90.30331395519076	0.9999999386108616
90.40125681197514	0.9999999393876349
90.49919966875952	0.9999999401644232
90.59714252554389	0.9999999409412259
90.69508538232824	0.9999999417180426
90.79302823911263	0.999999942494873
90.890971095897	0.9999999432717167
90.98891395268137	0.9999999440485733
91.08685680946573	0.9999999448254423
91.18479966625011	0.9999999456023235
91.28274252303449	0.9999999463792165
91.38068537981884	0.999999947156121
91.47862823660323	0.9999999479330365
91.5765710933876	0.9999999487099628
91.67451395017197	0.9999999494868996
91.77245680695633	0.9999999502638466
91.87039966374071	0.9999999510408034
91.96834252052508	0.9999999518177699
92.06628537730946	0.9999999525947456
92.16422823409381	0.9999999533717304
92.2621710908782	0.9999999541487239
92.36011394766257	0.9999999549257259
92.45805680444694	0.9999999557027361
92.5559996612313	0.9999999564797544
92.65394251801568	0.9999999572567804
92.75188537480005	0.9999999580338139
92.84982823158442	0.9999999588108547
92.9477710883688	0.9999999595879026
93.04571394515317	0.9999999603649573
93.14365680193754	0.9999999611420186
93.2415996587219	0.9999999619190864
93.33954251550628	0.9999999626961603
93.43748537229065	0.9999999634732403
93.53542822907502	0.9999999642503261
93.63337108585938	0.9999999650274176
93.73131394264377	0.9999999658045146
93.82925679942814	0.9999999665816168
93.92719965621251	0.9999999673587242
94.02514251299688	0.9999999681358365
94.12308536978125	0.9999999689129535
94.22102822656562	0.9999999696900752
94.31897108335	0.9999999704672013
94.41691394013436	0.9999999712443317
94.51485679691874	0.9999999720214663
94.6127996537031	0.9999999727986049
94.71074251048748	0.9999999735757472
94.80868536727185	0.9999999743528933
94.90662822405622	0.999999975130043
95.00457108084059	0.9999999759071961
95.10251393762496	0.9999999766843525
95.20045679440933	0.999999977461512
95.2983996511937	0.9999999782386746
95.39634250797808	0.9999999790158401
95.49428536476245	0.9999999797930085
95.59222822154682	0.9999999805701795
95.69017107833119	0.999999981347353
95.78811393511556	0.999999982124529
95.88605679189993	0.9999999829017072
95.9839996486843	0.9999999836788876
96.08194250546867	0.9999999844560702
96.17988536225305	0.9999999852332547
96.27782821903742	0.9999999860104412
96.37577107582179	0.9999999867876294
96.47371393260616	0.9999999875648192
96.57165678939053	0.9999999883420106
96.6695996461749	0.9999999891192035
96.76754250295927	0.9999999898963977
96.86548535974364	0.9999999906735931
96.96342821652802	0.9999999914507897
97.06137107331239	0.9999999922279873
97.15931393009676	0.9999999930051858
97.25725678688113	0.9999999937823852
97.3551996436655	0.9999999945595854
97.45314250044987	0.9999999953367863
97.55108535723424	0.9999999961139877
97.64902821401861	0.9999999968911896
97.74697107080299	0.9999999976683919
97.84491392758736	0.9999999984455944
97.94285678437173	0.9999999992227971
97.94285678437338	1.0
