0.0	310.78958741378966
3.097225079822949	310.78958741117475
6.194450159645898	199.1519557687746
9.291675239468848	138.40523290267382
12.388900319291796	101.73824177187733
15.486125399114746	77.92276816368957
18.583350478937696	61.58631153314869
21.680575558760644	49.89618478418406
24.777800638583592	41.24401444211108
27.87502571840654	34.66159210532189
30.972250798229492	29.537793735400825
34.06947587805244	25.47146017299604
37.166700957875385	22.190426040005605
40.26392603769833	19.504767918680066
43.36115111752128	17.278689801162937
46.458376197344236	15.413014329481584
49.555601277167185	13.833942181470356
52.65282635699013	12.485640303388166
55.75005143681309	11.325237894464248
58.847276516636036	10.31937602133444
61.944501596459	9.441783080783324
65.04172667628195	8.671541789177624
68.13895175610489	7.991831137736244
71.23617683592785	7.389000166093619
74.3334019157508	6.851877174616817
77.43062699557375	6.371248382960033
80.5278520753967	5.939460145576248
83.62507715521964	5.550112357038436
86.7223022350426	5.197819915601807
89.81952731486555	4.878025511154787
92.9167523946885	4.586851494099103
96.01397747451145	4.3209817721023684
99.11120255433441	4.0775669743933
102.20842763415736	3.854147788534492
105.30565271398031	3.6485925962603365
108.40287779380327	3.4590464396199074
111.5001028736262	3.283889024505641
114.59732795344917	3.1216999777647265
117.69455303327211	2.971229960632648
120.79177811309508	2.8313765368942083
123.88900319291801	2.7011639219275025
126.98622827274096	2.5797259153952528
130.08345335256394	2.4662914581698243
133.18067843238688	2.3601723622817175
136.27790351220983	2.260752848120405
139.37512859203278	2.1674805909505626
142.47235367185573	2.0798590329455924
145.5695787516787	1.9974407603651034
148.66680383150162	1.9198217805006705
151.76402891132457	1.8466365613494136
154.86125399114752	1.7775537200167275
157.95847907097047	1.7122722646656652
161.05570415079345	1.6505183102580887
164.15292923061637	1.5920422010311157
167.2501543104393	1.536615983143448
170.3473793902623	1.4840311796247234
173.44460447008524	1.4340968269983083
176.54182954990816	1.3866377389895137
179.63905462973113	1.3414929677908316
182.73627970955408	1.2985144376062088
185.83350478937706	1.2575657287777056
188.9307298692	1.2185209938241974
192.02795494902293	1.1812639892862344
195.1251800288459	1.1456872094501378
198.22240510866885	1.111691109880697
201.3196301884918	1.0791834102772089
204.41685526831475	1.0480784675249624
207.5140803481377	1.0182967109791499
210.61130542796064	0.9897641330202142
213.70853050778362	0.9624118287834893
216.80575558760657	0.9361755797123622
219.9029806674295	0.9109954762303863
223.00020574725247	0.8868155753884297
226.0974308270754	0.8635835898303184
229.19465590689836	0.8412506048449495
232.2918809867213	0.8197708206432969
235.38910606654426	0.7991013173225965
238.48633114636723	0.7792018402636472
241.58355622619015	0.7600346039560091
244.68078130601313	0.7415641124645798
247.77800638583608	0.723756994943541
250.875231465659	0.7065818547733987
253.97245654548198	0.6900091310467333
257.06968162530495	0.674010971260834
260.1669067051279	0.6585611141928146
263.26413178495085	0.6436347820369585
266.36135686477377	0.6292085809765579
269.45858194459674	0.6152604094448134
272.55580702441966	0.6017693734026638
275.65303210424264	0.5887157080267983
278.7502571840656	0.5760807052594961
281.84748226388854	0.5638466467241497
284.9447073437115	0.5519967415570795
288.0419324235345	0.5405150687481445
291.1391575033574	0.529386523620271
294.23638258318033	0.5185967681118012
297.3336076630033	0.5081321845559635
300.4308327428262	0.49797983267913887
303.5280578226492	0.4881274095642662
306.6252829024722	0.4785632123480042
309.7225079822951	0.4692761034403791
312.8197330621181	0.46025547807384354
315.91695814194105	0.4514912340051365
319.014183221764	0.44297374320825983
322.1114083015869	0.4346938254104177
325.20863338140987	0.4266427233350552
328.3058584612328	0.41881207952729566
331.40308354105576	0.4111939146472317
334.50030862087874	0.4037806071257697
337.59753370070166	0.3965648740861493
340.69475878052464	0.38953975344194136
343.7919838603476	0.38269858708933613
346.88920894017053	0.3760350051179389
349.98643401999345	0.3695429109701423
353.08365909981643	0.3632164674845002
356.18088417963935	0.3570500837634327
359.2781092594623	0.3510384028100846
362.3753343392853	0.34517628988327964
365.4725594191082	0.33945882152329576
368.5697844989312	0.3338812752046579
371.6670095787542	0.3284391195753374
374.7642346585771	0.3231280052446826
377.8614597384	0.31794375608510583
380.958684818223	0.3128823610150405
384.05590989804597	0.30793996623297526
387.1531349778689	0.3031128678744854
390.25036005769186	0.29839750506613455
393.34758513751484	0.29379045335191967
396.44481021733776	0.28928841846959813
399.54203529716074	0.28488823045577477
402.6392603769837	0.28058683806005
405.7364854568066	0.2763813034498484
408.83371053662955	0.2722687971887676
411.93093561645253	0.2682465934724196
415.02816069627545	0.26431206560678383
418.1253857760984	0.2604626817150666
421.2226108559214	0.2566960006599633
424.3198359357443	0.25300966816906045
427.4170610155673	0.24940141315189351
430.5142860953903	0.24586904419790215
433.61151117521314	0.2424104462451991
436.7087362550361	0.2390235774106972
439.8059613348591	0.2357064659727229
442.903186414682	0.23245720749779095
446.000411494505	0.22927396210372172
449.09763657432796	0.22615495185175702
452.1948616541509	0.22309845826077215
455.29208673397386	0.22010281993709474
458.38931181379684	0.21716643031382624
461.4865368936197	0.2142877354939223
464.5837619734427	0.21146523219162502
467.68098705326565	0.2086974657671547
470.7782121330886	0.20598302834986384
473.87543721291155	0.2033205570453318
476.97266229273447	0.20070873222213664
480.0698873725575	0.19814627587428324
483.1671124523804	0.19563195005549325
486.26433753220334	0.19316455538177532
489.3615626120263	0.19074292959889358
492.45878769184924	0.1883659462115398
495.55601277167216	0.1860325131711901
498.6532378514952	0.18374157161979296
501.7504629313181	0.18149209468658947
504.84768801114103	0.17928308633551346
507.94491309096406	0.17711358026075585
511.042138170787	0.1749826388282069
514.1393632506099	0.17288935206061068
517.2365883304329	0.17083283666438182
520.3338134102559	0.16881223509614018
523.4310384900788	0.1668267146671226
526.5282635699018	0.1648754666837247
529.6254886497246	0.16295770562251688
532.7227137295475	0.161072668338163
535.8199388093706	0.1592196133027505
538.9171638891935	0.15739781987511642
542.0143889690164	0.15560658759882504
545.1116140488394	0.1538452355275204
548.2088391286624	0.15211310157644037
551.3060642084854	0.15040954189893907
554.4032892883083	0.14873393028692203
557.5005143681312	0.1470856575941511
560.5977394479543	0.14546413118142773
563.6949645277772	0.14386877438271123
566.7921896076001	0.142299025991274
569.8894146874231	0.14075433976503884
572.9866397672461	0.1392341839502844
576.083864847069	0.1377380408229433
579.181089926892	0.13626540624675432
582.2783150067149	0.13481578924756435
585.3755400865377	0.13338871160310933
588.4727651663608	0.13198370744763405
591.5699902461837	0.13060032289074056
594.6672153260066	0.12923811564988294
597.7644404058296	0.12789665469595313
600.8616654856526	0.12657551991142715
603.9588905654755	0.1252743017605661
607.0561156452985	0.12399260097118792
610.1533407251214	0.12273002822754892
613.2505658049444	0.12148620387389351
616.3477908847674	0.12026075762825106
619.4450159645902	0.11905332830607675
622.5422410444131	0.11786356355335173
625.639466124236	0.116691119588774
628.7366912040588	0.11553566095468809
631.8339162838818	0.11439686027641656
634.9311413637047	0.11327439802967092
638.0283664435275	0.11216796231573359
641.1255915233504	0.11107724864411553
644.2228166031733	0.1100019597224067
647.3200416829961	0.1089418052530487
650.417266762819	0.10789650173677019
653.514491842642	0.10686577228243663
656.6117169224649	0.10584934642307611
659.7089420022877	0.10484695993785334
662.8061670821106	0.10385835467977265
665.9033921619335	0.10288327840890066
669.0006172417563	0.10192148463090715
672.0978423215793	0.10097273244073135
675.1950674014022	0.1000367863711885
678.292292481225	0.09911341624633903
681.3895175610479	0.09820239703945
684.4867426408708	0.09730350873538503
687.5839677206936	0.09641653619726574
690.6811928005166	0.09554126903725375
693.7784178803395	0.09467750149130842
696.8756429601623	0.09382503229778105
699.9728680399852	0.092983664579712
703.0700931198081	0.09215320573070192
706.167318199631	0.09133346730423396
709.2645432794538	0.09052426490632784
712.3617683592768	0.08972541809141193
715.4589934390997	0.08893675026130347
718.5562185189225	0.08815808856719122
721.6534435987454	0.0873892638145192
724.7506686785682	0.08663011037067364
727.8478937583911	0.08588046607537926
730.9451188382141	0.0851401721537142
734.0423439180369	0.08440907313165663
737.1395689978598	0.08368701675407927
740.2367940776826	0.08297385390511076
743.3340191575055	0.08226943853078646
746.4312442373284	0.08157362756391352
749.5284693171512	0.08088628085107831
752.6256943969742	0.08020726108172639
755.7229194767971	0.07953643371924836
758.8201445566199	0.07887366693400671
761.9173696364428	0.07821883153824166
765.0145947162657	0.07757180092279585
768.1118197960885	0.07693245099560017
771.2090448759114	0.07630066012186473
774.3062699557344	0.07567630906592136
777.4034950355572	0.07505928093466561
780.5007201153801	0.07444946112254823
783.597945195203	0.07384673725806773
786.6951702750258	0.07325099915171751
789.7923953548487	0.07266213874534243
792.8896204346717	0.07208005006286139
795.9868455144946	0.07150462916231405
799.0840705943174	0.07093577408919115
802.1812956741403	0.07037338483100918
805.2785207539632	0.06981736327309186
808.375745833786	0.06926761315552177
811.472970913609	0.06872404003122681
814.5701959934319	0.06818655122516774
817.6674210732547	0.06765505579459341
820.7646461530776	0.06712946449033229
823.8618712329005	0.06660968971908933
826.9590963127233	0.06609564550671838
830.0563213925462	0.06558724746244163
833.1535464723692	0.06508441274398798
836.250771552192	0.06458706002362379
839.3479966320149	0.0640951094550497
842.4452217118378	0.06360848264113862
845.5424467916607	0.0631271026024903
848.6396718714835	0.06265089374677921
851.7368969513064	0.062179781838872794
854.8341220311294	0.061713693971698014
857.9313471109522	0.06125255853783492
861.0285721907751	0.06079630520181659
864.125797270598	0.06034486487311539
867.2230223504208	0.05989816967979621
870.3202474302437	0.05945615294281791
873.4174725100667	0.05901874915096488
876.5146975898895	0.058585893936390986
879.6119226697124	0.058157524050758976
882.7091477495353	0.05773357734195884
885.8063728293581	0.05731399273138899
888.903597909181	0.05689871019178498
892.000822989004	0.056487670725580495
895.0980480688269	0.05608081634378626
898.1952731486497	0.05567809004537263
901.2924982284726	0.05527943579714221
904.3897233082955	0.05488479851407928
907.4869483881183	0.05449412404016307
910.5841734679412	0.05410735912963255
913.6813985477642	0.05372445142869042
916.778623627587	0.05334534945763488
919.8758487074099	0.052970002593407436
922.9730737872328	0.05259836105254599
926.0702988670556	0.052230375874532366
929.1675239468785	0.051865998905523875
932.2647490267015	0.05150518278245886
935.3619741065244	0.051147880917526416
938.4591991863472	0.050794047482990816
941.5564242661701	0.050443637396361325
944.653649345993	0.050096606305898544
947.7508744258158	0.04975291057644853
950.8480995056387	0.04941250727559626
953.9453245854615	0.049075354160130265
957.0425496652845	0.048741409662810396
960.1397747451074	0.048410632879431086
963.2369998249303	0.048082983556172486
966.3342249047532	0.047758422077232285
969.4314499845761	0.04743690945273102
972.5286750643988	0.047118407306884054
975.6259001442218	0.046802877866433494
978.7231252240447	0.046490283949333536
981.8203503038676	0.04618058895368293
984.9175753836905	0.04587375684689843
988.0148004635134	0.045569752155123155
991.1120255433361	0.04526853995286423
994.209250623159	0.044970085852853864
997.306475702982	0.04467435599612851
1000.4037007828049	0.0443813170423207
1003.5009258626277	0.04409093616015834
1006.5981509424506	0.04380318101816653
1009.6953760222735	0.043518019775566796
1012.7926011020963	0.043235421073369196
1015.8898261819191	0.04295535402565239
1018.9870512617421	0.042677788211027384
1022.084276341565	0.04240269366428038
1025.181501421388	0.04213004086819052
1028.278726501211	0.04185980074551835
1031.3759515810336	0.041591944651160936
1034.4731766608566	0.04132644436446965
1037.5704017406795	0.04106327208172687
1040.6676268205024	0.04080240040877774
1043.7648519003253	0.04054380235381343
1046.8620769801482	0.04028745132030228
1049.959302059971	0.04003332110006551
1053.0565271397938	0.03978138586649388
1056.1537522196168	0.039531620167902314
1059.2509772994397	0.03928399892101906
1062.3482023792626	0.039038497404606444
1065.4454274590855	0.03879509125321008
1068.5426525389084	0.03855375645103365
1071.6398776187311	0.03831446932593633
1074.737102698554	0.038077206543550145
1077.834327778377	0.0378419451015144
1080.9315528582	0.037608662323824676
1084.0287779380228	0.03737733585529364
1087.1260030178457	0.0371479436561213
1090.2232280976684	0.03692046399657213
1093.3204531774913	0.036694875451756724
1096.4176782573143	0.0364711568965156
1099.5149033371372	0.03624928750040294
1102.61212841696	0.036029246722767944
1105.709353496783	0.03581101430793174
1108.806578576606	0.03559457028045765
1111.9038036564286	0.0353798949405128
1115.0010287362516	0.03516696885931904
1118.0982538160745	0.034955772874691225
1121.1954788958974	0.034746288086660956
1124.2927039757203	0.03453849585318387
1127.389929055543	0.034332377785928736
1130.487154135366	0.03412791574614648
1133.5843792151888	0.03392509184061754
1136.6816042950118	0.033723888417675714
1139.7788293748345	0.03352428806330697
1142.8760544546574	0.03332627359732155
1145.9732795344803	0.033129828069597814
1149.0705046143032	0.03293493475639628
1152.1677296941261	0.03274157715674238
1155.2649547739488	0.032549738988876475
1158.3621798537717	0.0323594041867697
1161.4594049335947	0.032170556896704186
1164.5566300134176	0.031983181473916454
1167.6538550932405	0.031797262479302466
1170.7510801730632	0.031612784676183184
1173.8483052528861	0.0314297330271293
1176.945530332709	0.031248092690843932
1180.042755412532	0.031067849019102044
1183.1399804923549	0.030888987553745483
1186.2372055721778	0.03071149402373239
1189.3344306520005	0.03053535434223994
1192.4316557318234	0.030360554603819263
1195.5288808116463	0.030187081081601518
1198.6261058914693	0.030014920224554018
1201.7233309712922	0.02984405865478543
1204.820556051115	0.02967448316489904
1207.917781130938	0.02950618071539308
1211.0150062107607	0.029339138432107198
1214.1122312905836	0.0291733436037141
1217.2094563704065	0.029008783679255506
1220.3066814502295	0.02884544626572146
1223.4039065300524	0.02868331912567218
1226.5011316098753	0.028522390174901584
1229.598356689698	0.028362647480141622
1232.695581769521	0.028204079256806656
1235.7928068493438	0.028046673866777054
1238.8900319291668	0.02789041981622124
1241.9872570089897	0.027735305753455425
1245.0844820888126	0.027581320466840285
1248.1817071686355	0.02742845288271386
1251.2789322484584	0.02727669206335995
1254.3761573282814	0.027126027205011345
1257.4733824081043	0.026976447635887146
1260.5706074879272	0.0268279428142636
1263.6678325677499	0.02668050232657772
1266.7650576475728	0.026534115885563085
1269.8622827273957	0.026388773328417207
1272.9595078072186	0.026244464614999845
1276.0567328870416	0.02610117982606166
1279.1539579668645	0.025958909161502647
1282.2511830466872	0.025817642938659773
1285.34840812651	0.02567737159062324
1288.445633206333	0.025538085664580837
1291.542858286156	0.025399775820189888
1294.6400833659789	0.02526243282797619
1297.7373084458018	0.0251260475677595
1300.8345335256247	0.024990611027105057
1303.9317586054474	0.024856114299800603
1307.0289836852703	0.02472254858435849
1310.1262087650932	0.024589905182542345
1313.2234338449161	0.024458175497917883
1316.320658924739	0.02432735103442737
1319.417884004562	0.024197423394987337
1322.5151090843847	0.024068384280109066
1325.6123341642076	0.023940225486541494
1328.7095592440305	0.023812938905936047
1331.8067843238534	0.02368651652353304
1334.9040094036764	0.02356095041686925
1338.0012344834993	0.023436232754506257
1341.098459563322	0.023312355794779156
1344.195684643145	0.02318931188456532
1347.2929097229678	0.023067093458072802
1350.3901348027907	0.022945693035648026
1353.4873598826136	0.02282510322260244
1356.5845849624366	0.022705316708057748
1359.6818100422595	0.02258632626380944
1362.7790351220822	0.022468124743208227
1365.876260201905	0.02235070508005911
1368.973485281728	0.02223406028753774
1372.070710361551	0.022118183457123762
1375.1679354413739	0.02200306775755085
1378.2651605211968	0.021888706433773122
1381.3623856010195	0.02177509280594765
1384.4596106808424	0.021662220268432796
1387.5568357606653	0.02155008228880204
1390.6540608404882	0.021438672406873093
1393.7512859203111	0.021327984233751998
1396.848511000134	0.021218011450891926
1399.945736079957	0.021108747809166457
1403.0429611597797	0.021000187127957055
1406.1401862396026	0.020892323294254517
1409.2374113194255	0.02078515026177414
1412.3346363992484	0.02067866205008435
1415.4318614790714	0.020572852743748593
1418.5290865588943	0.020467716491480232
1421.626311638717	0.02036324750531023
1424.72353671854	0.020259440059767413
1427.8207617983628	0.020156288491071088
1430.9179868781857	0.020053787196335774
1434.0152119580086	0.0199519306327879
1437.1124370378316	0.019850713316994208
1440.2096621176545	0.019750129824101684
1443.3068871974772	0.019650174787088845
1446.4041122773	0.01955084289602813
1449.501337357123	0.019452128897359255
1452.598562436946	0.019354027593173354
1455.6957875167689	0.019256533840507652
1458.7930125965918	0.019159642550650603
1461.8902376764145	0.0190633486884572
1464.9874627562374	0.018967647271674375
1468.0846878360603	0.018872533370276293
1471.1819129158832	0.018778002105809342
1474.2791379957062	0.018684048650746705
1477.376363075529	0.018590668227852318
1480.4735881553518	0.018497856109554102
1483.5708132351747	0.01840560761732625
1486.6680383149976	0.01831391812108048
1489.7652633948205	0.018222783038566087
1492.8624884746434	0.018132197834778613
1495.9597135544664	0.018042158021377073
1499.0569386342893	0.017952659156109493
1502.154163714112	0.017863696842246726
1505.251388793935	0.017775266728024333
1508.3486138737578	0.01768736450609245
1511.4458389535807	0.017599985912973466
1514.5430640334037	0.017513126728527433
1517.6402891132266	0.01742678277542504
1520.7375141930493	0.01734094991862805
1523.8347392728722	0.017255624064877087
1526.931964352695	0.017170801162186628
1530.029189432518	0.01708647719934711
1533.126414512341	0.017002648205434026
1536.2236395921639	0.016919310249323895
1539.3208646719868	0.016836459439217008
1542.4180897518095	0.016754091922166835
1545.5153148316324	0.016672203883615972
1548.6125399114553	0.016590791546938558
1551.7097649912782	0.016509851172989035
1554.8069900711012	0.01642937905965714
1557.904215150924	0.01634937154142908
1561.0014402307468	0.016269824988954715
1564.0986653105697	0.016190735808620738
1567.1958903903926	0.016112100442129698
1570.2931154702155	0.016033915366084794
1573.3903405500384	0.015956177091580363
1576.4875656298614	0.01587888216379795
1579.584790709684	0.015802027161607883
1582.682015789507	0.015725608697176274
1585.77924086933	0.015649623415577355
1588.8764659491528	0.015574067994411064
1591.9736910289757	0.015498939143425806
1595.0709161087987	0.0154242336041463
1598.1681411886216	0.01534994814950645
1601.2653662684443	0.015276079583487144
1604.3625913482672	0.015202624740758923
1607.45981642809	0.015129580486329425
1610.557041507913	0.015056943715195548
1613.654266587736	0.014984711352000262
1616.7514916675589	0.014912880350693975
1619.8487167473816	0.01484144769420042
1622.9459418272045	0.01477041039408696
1626.0431669070274	0.014699765490239266
1629.1403919868503	0.014629510050540293
1632.2376170666732	0.014559641170553493
1635.3348421464962	0.014490155973210203
1638.432067226319	0.014421051608501125
1641.5292923061418	0.01435232525317188
1644.6265173859647	0.014283974110422525
1647.7237424657876	0.01421599540961101
1650.8209675456105	0.014148386405960502
1653.9181926254332	0.014081144380270513
1657.0154177052561	0.014014266638631792
1660.112642785079	0.01394775051214491
1663.209867864902	0.013881593356642487
1666.307092944725	0.013815792552415019
1669.4043180245476	0.013750345503940227
1672.5015431043705	0.013685249639615909
1675.5987681841934	0.01362050241149621
1678.6959932640164	0.013556101295031282
1681.793218343839	0.013492043788810281
1684.890443423662	0.01342832741430765
1687.9876685034849	0.013364949715632624
1691.0848935833078	0.013301908259281951
1694.1821186631307	0.013239200633895736
1697.2793437429536	0.013176824450016389
1700.3765688227763	0.013114777339850633
1703.4737939025993	0.013053056957034515
1706.5710189824222	0.01299166097640138
1709.668244062245	0.01293058709375278
1712.765469142068	0.012869833025632249
1715.862694221891	0.012809396509101928
1718.9599193017136	0.012749275301521989
1722.0571443815365	0.012689467180332816
1725.1543694613595	0.012629969942839901
1728.2515945411824	0.01257078140600143
1731.3488196210053	0.012511899406218505
1734.4460447008282	0.012453321799127977
1737.5432697806511	0.01239504645939784
1740.6404948604738	0.012337071280525167
1743.7377199402968	0.012279394174636532
1746.8349450201197	0.012222013072290896
1749.9321700999426	0.01216492592228493
1753.0293951797655	0.01210813069146072
1756.1266202595884	0.012051625364515824
1759.2238453394111	0.011995407943815671
1762.321070419234	0.011939476449208251
1765.418295499057	0.011883828917841052
1768.51552057888	0.011828463403980242
1771.6127456587028	0.011773377978832045
1774.7099707385257	0.011718570730366279
1777.8071958183486	0.011664039763142049
1780.9044208981713	0.011609783198135527
1784.0016459779943	0.011555799172569834
1787.0988710578172	0.01150208583974695
1790.19609613764	0.011448641368881666
1793.293321217463	0.011395463944937526
1796.390546297286	0.011342551768464727
1799.4877713771086	0.011289903055439974
1802.5849964569315	0.011237516037108241
1805.6822215367545	0.011185388959826417
1808.7794466165774	0.011133520084908826
1811.8766716964003	0.011081907688474573
1814.9738967762232	0.011030550061296707
1818.071121856046	0.010979445508653174
1821.1683469358688	0.010928592350179525
1824.2655720156918	0.010877988919723375
1827.3627970955147	0.010827633565200572
1830.4600221753376	0.010777524648453052
1833.5572472551605	0.010727660545108384
1836.6544723349834	0.01067803964444094
1839.7516974148061	0.010628660349234709
1842.848922494629	0.010579521075647705
1845.946147574452	0.01053062025307796
1849.043372654275	0.010481956324031086
1852.1405977340978	0.010433527743989361
1855.2378228139207	0.010385332981282355
1858.3350478937434	0.010337370516959042
1861.4322729735663	0.010289638844661402
1864.5294980533893	0.010242136470499475
1867.6267231332122	0.010194861912927866
1870.723948213035	0.010147813702623664
1873.821173292858	0.01010099038236577
1876.918398372681	0.010054390506915612
1880.0156234525036	0.010008012642899222
1883.1128485323266	0.009961855368690667
1886.2100736121495	0.009915917274296807
1889.3072986919724	0.00987019696124338
1892.4045237717953	0.009824693042462359
1895.5017488516182	0.009779404142180623
1898.598973931441	0.009734328895809862
1901.6961990112638	0.009689465949837751
1904.7934240910868	0.009644813961720339
1907.8906491709095	0.009600371599775665
1910.9878742507326	0.009556137543078571
1914.0850993305553	0.009512110481356695
1917.1823244103784	0.00946828911488764
1920.2795494902011	0.009424672154397292
1923.3767745700243	0.009381258320959276
1926.473999649847	0.009338046345895547
1929.5712247296697	0.00929503497067808
1932.6684498094928	0.009252222946831657
1935.7656748893155	0.00920960903583775
1938.8628999691387	0.009167192009039453
1941.9601250489613	0.009124970647547482
1945.0573501287845	0.009082943742147218
1948.1545752086072	0.009041110093206768
1951.2518002884299	0.008999468510586051
1954.349025368253	0.00895801781354688
1957.4462504480757	0.00891675683066404
1960.5434755278989	0.008875684399737342
1963.6407006077216	0.008834799367704637
1966.7379256875447	0.008794100590555791
1969.8351507673674	0.008753586933247601
1972.93237584719	0.00871325726961963
1976.0296009270132	0.008673110482310977
1979.126826006836	0.008633145462677934
1982.224051086659	0.008593361110712558
1985.3212761664818	0.008553756334962113
1988.4185012463045	0.008514330052449394
1991.5157263261276	0.008475081188593905
1994.6129514059503	0.008436008677133898
1997.7101764857734	0.008397111460049244
2000.8074015655961	0.008358388487485146
2003.9046266454193	0.00831983871767666
2007.001851725242	0.00828146111687404
2010.0990768050647	0.008243254659268872
2013.1963018848878	0.008205218326921004
2016.2935269647105	0.008167351109686262
2019.3907520445337	0.008129652005144926
2022.4879771243563	0.00809212001853098
2025.5852022041795	0.00805475416266211
2028.6824272840022	0.008017553457870443
2031.7796523638249	0.007980516931934028
2034.876877443648	0.007943643620009037
2037.9741025234707	0.007906932564562685
2041.0713276032939	0.007870382815306857
2044.1685526831166	0.007833993429132444
2047.2657777629393	0.007797763470044355
2050.3630028427624	0.007761692009097224
2053.460227922585	0.007725778124331791
2056.5574530024082	0.007690020900711945
2059.654678082231	0.0076544194300624275
2062.751903162054	0.007618972811007194
2065.8491282418768	0.007583680148908405
2068.9463533216995	0.007548540555806072
2072.0435784015226	0.007513553150358307
2075.1408034813453	0.007478717057782218
2078.2380285611684	0.007444031409795402
2081.335253640991	0.007409495344558045
2084.4324787208143	0.007375108006615629
2087.529703800637	0.007340868546842224
2090.6269288804597	0.007306776122384366
2093.724153960283	0.007272829896605515
2096.8213790401055	0.007239029039031084
2099.9186041199287	0.007205372725294027
2103.0158291997514	0.0071718601370809945
2106.1130542795745	0.007138490462079033
2109.210279359397	0.007105262893922832
2112.30750443922	0.007072176632142507
2115.404729519043	0.0070392308821119205
2118.5019545988657	0.007006424854997522
2121.599179678689	0.006973757767707715
2124.6964047585116	0.00694122884284273
2127.7936298383343	0.006908837308645016
2130.8908549181574	0.0068765823989501195
2133.98807999798	0.006844463353138077
2137.0853050778032	0.006812479416085284
2140.182530157626	0.006780629838116855
2143.279755237449	0.006748913874959465
2146.376980317272	0.006717330787694657
2149.4742053970945	0.00668587984271263
2152.5714304769176	0.006654560311666476
2155.6686555567403	0.006623371471426885
2158.7658806365635	0.006592312604037301
2161.863105716386	0.006561382996669522
2164.9603307962093	0.006530581941579743
2168.057555876032	0.006499908736065038
2171.1547809558547	0.006469362682420277
2174.252006035678	0.006438943087895461
2177.3492311155005	0.006408649264653492
2180.4464561953237	0.006378480529728348
2183.5436812751464	0.006348436204983684
2186.640906354969	0.0063185156170718305
2189.738131434792	0.006288718097393202
2192.835356514615	0.006259042982056101
2195.932581594438	0.006229489611836923
2199.0298066742607	0.006200057332140744
2202.127031754084	0.0061707454929623
2205.2242568339066	0.006141553448847345
2208.3214819137293	0.006112480558854386
2211.4187069935524	0.006083526186516798
2214.515932073375	0.0060546896998052956
2217.6131571531982	0.006025970471090782
2220.710382233021	0.0059973678771075515
2223.807607312844	0.005968881298916852
2226.904832392667	0.005940510121870799
2230.0020574724895	0.005912253735576639
2233.0992825523126	0.0058841115338613605
2236.1965076321353	0.005856082914736643
2239.2937327119585	0.005828167280364143
2242.390957791781	0.005800364037021119
2245.488182871604	0.005772672595066385
2248.585407951427	0.0057450923689065835
2251.6826330312497	0.005717622776962795
2254.779858111073	0.005690263241637453
2257.8770831908955	0.0056630131892815875
2260.9743082707187	0.005635872050162371
2264.0715333505414	0.005608839258430981
2267.168758430364	0.0055819142520907635
2270.265983510187	0.005555096472965704
2273.36320859001	0.005528385366669189
2276.460433669833	0.005501780382573078
2279.5576587496557	0.005475280973777051
2282.654883829479	0.00544888659707826
2285.7521089093016	0.005422596712941261
2288.8493339891243	0.005396410785468225
2291.9465590689474	0.005370328282369443
2295.04378414877	0.00534434867493409
2298.1410092285932	0.005318471438001282
2301.238234308416	0.005292696049931388
2304.335459388239	0.005267021992577626
2307.432684468062	0.005241448751257909
2310.5299095478845	0.0052159758147269685
2313.6271346277076	0.005190602675148728
2316.7243597075303	0.0051653288280689375
2319.8215847873535	0.005140153772388064
2322.918809867176	0.005115077010334431
2326.016034946999	0.005090098047437609
2329.113260026822	0.005065216392502052
2332.2104851066447	0.005040431557580978
2335.307710186468	0.005015743057950491
2338.4049352662905	0.004991150412083943
2341.5021603461137	0.004966653141626529
2344.5993854259364	0.004942250771370119
2347.696610505759	0.004917942829228323
2350.793835585582	0.004893728846211778
2353.891060665405	0.004869608356403669
2356.988285745228	0.004845580896935471
2360.0855108250507	0.004821646007962913
2363.182735904874	0.004797803232642162
2366.2799609846966	0.004774052117106223
2369.3771860645193	0.004750392210441556
2372.4744111443424	0.004726823064664903
2375.571636224165	0.004703344234700333
2378.6688613039883	0.0046799552783564815
2381.766086383811	0.004656655756304012
2384.8633114636336	0.004633445232053269
2387.960536543457	0.004610323271932143
2391.0577616232795	0.004587289445064126
2394.1549867031026	0.004564343323346571
2397.2522117829253	0.004541484481429148
2400.3494368627485	0.00451871249669249
2403.446661942571	0.004496026949227032
2406.543887022394	0.0044734274218120405
2409.641112102217	0.004450913499894832
2412.7383371820397	0.004428484771570176
2415.835562261863	0.00440614082755988
2418.9327873416855	0.004383881261192564
2422.0300124215087	0.004361705668383607
2425.1272375013314	0.004339613647615275
2428.224462581154	0.00431760479991703
2431.321687660977	0.0042956787288460085
2434.4189127408	0.004273835040467674
2437.516137820623	0.0042520733433366415
2440.6133629004457	0.004230393248477677
2443.710587980269	0.004208794369366853
2446.8078130600916	0.0041872763219128846
2449.9050381399143	0.004165838724438618
2453.0022632197374	0.004144481197662689
2456.09948829956	0.004123203364681342
2459.196713379383	0.004102004850950405
2462.293938459206	0.004080885284267427
2465.3911635390286	0.004059844294753971
2468.488388618852	0.004038881514838061
2471.5856136986745	0.004017996579236782
2474.682838778497	0.003997189124939033
2477.7800638583203	0.00397645879118843
2480.877288938143	0.003955805219466359
2483.9745140179657	0.003935228053475173
2487.071739097789	0.003914726939121541
2490.1689641776115	0.003894301524499936
2493.2661892574347	0.003873951459876267
2496.3634143372574	0.003853676397671656
2499.46063941708	0.0038334759924463515
2502.557864496903	0.003813349900883783
2505.655089576726	0.003793297781774753
2508.752314656549	0.0037733192960017637
2511.8495397363718	0.0037534141065234798
2514.9467648161944	0.003733581878359326
2518.0439898960176	0.0037138222785742135
2521.1412149758403	0.0036941349762634004
2524.238440055663	0.003674519642537481
2527.335665135486	0.0036549759505075017
2530.432890215309	0.0036355035752702073
2533.530115295132	0.0036161021938934104
2536.6273403749547	0.0035967714854014867
2539.724565454778	0.0035775111307609943
2542.8217905346005	0.0035583208128664133
2545.919015614423	0.00353920021652601
2549.0162406942463	0.003520149028447816
2552.113465774069	0.003501166937225732
2555.210690853892	0.003482253633325744
2558.307915933715	0.0034634088090722596
2561.405141013538	0.003444632158634557
2564.5023660933607	0.003425923378013351
2567.5995911731834	0.00340728216502747
2570.6968162530065	0.0033887082193006465
2573.7940413328292	0.003370201242248416
2576.8912664126524	0.0033517609370651304
2579.988491492475	0.003333387008711077
2583.085716572298	0.0033150791638997053
2586.182941652121	0.003296837111084962
2589.2801667319436	0.0032786605604487318
2592.3773918117668	0.003260549223888382
2595.4746168915894	0.0032425028150044116
2598.5718419714126	0.0032245210490882033
2601.6690670512353	0.003206603643109877
2604.766292131058	0.003188750315706245
2607.863517210881	0.0031709607871688666
2610.960742290704	0.0031532347794321998
2614.057967370527	0.0031355720160618555
2617.1551924503497	0.003117972222242946
2620.252417530173	0.0031004351247685283
2623.3496426099955	0.003082960452028147
2626.446867689818	0.003065547933996468
2629.5440927696413	0.003048197302222006
2632.641317849464	0.0030309082898159483
2635.738542929287	0.003013680631441065
2638.83576800911	0.0029965140633007154
2641.932993088933	0.0029794083231279404
2645.0302181687557	0.002962363150174647
2648.1274432485784	0.0029453782852008796
2651.2246683284015	0.0029284534704641803
2654.3218934082242	0.0029115884497090336
2657.4191184880474	0.0028947829681564004
2660.51634356787	0.0028780367724933354
2663.613568647693	0.002861349610862688
2666.710793727516	0.00284472123285289
2669.8080188073386	0.002828151389487821
2672.9052438871618	0.0028116398332167624
2676.0024689669845	0.0027951863179044275
2679.0996940468076	0.002778790598821075
2682.1969191266303	0.0027624524326327017
2685.294144206453	0.002746171577391313
2688.391369286276	0.0027299477925252745
2691.488594366099	0.0027137808388297386
2694.585819445922	0.0026976704784571507
2697.6830445257447	0.002681616474907829
2700.780269605568	0.0026656185930206224
2703.8774946853905	0.0026496765989636414
2706.974719765213	0.002633790260225064
2710.0719448450363	0.002617959345604016
2713.169169924859	0.0026021836252015213
2716.266395004682	0.002586462870411529
2719.363620084505	0.002570796853912009
2722.460845164328	0.0025551853496561167
2725.5580702441507	0.0025396281328634337
2728.6552953239734	0.0025241249800112726
2731.7525204037966	0.002508675668826054
2734.8497454836192	0.002493279978274751
2737.9469705634424	0.0024779376885563998
2741.044195643265	0.002462648581093682
2744.141420723088	0.0024474124385245686
2747.238645802911	0.0024322290446940325
2750.3358708827336	0.0024170981846458263
2753.4330959625568	0.0024020196446143238
2756.5303210423795	0.002386993212016427
2759.6275461222026	0.002372018675443536
2762.7247712020253	0.002357095824653583
2765.821996281848	0.0023422244505631254
2768.919221361671	0.002327404345239508
2772.016446441494	0.0023126353018930778
2775.113671521317	0.0022979171148694664
2778.2108966011397	0.0022832495796419306
2781.308121680963	0.002268632492803751
2784.4053467607855	0.0022540656520606923
2787.502571840608	0.0022395488562235223
2790.5997969204313	0.002225081905200587
2793.697022000254	0.002210664599990446
2796.794247080077	0.002196296742674563
2799.8914721599	0.002181978136410055
2802.9886972397226	0.002167708585422495
2806.0859223195457	0.002153487894998775
2809.1831473993684	0.0021393158714800185
2812.2803724791916	0.0021251923222545513
2815.3775975590142	0.0021111170557509265
2818.4748226388374	0.002097089881431003
2821.57204771866	0.002083110609783077
2824.669272798483	0.002069179052315064
2827.766497878306	0.0020552950215477397
2830.8637229581286	0.002041458331008025
2833.9609480379518	0.0020276687952223297
2837.0581731177745	0.0020139262297099404
2840.1553981975976	0.002000230450976466
2843.2526232774203	0.001986581276507326
2846.349848357243	0.0019729785247612967
2849.447073437066	0.001959422015164099
2852.544298516889	0.00194591156810204
2855.641523596712	0.0019324470049157016
2858.7387486765347	0.0019190281478936768
2861.8359737563574	0.0019056548202663543
2864.9331988361805	0.0018923268461997498
2868.030423916003	0.0018790440507893845
2871.1276489958263	0.0018658062600542102
2874.224874075649	0.0018526133009305799
2877.322099155472	0.0018394650012662638
2880.419324235295	0.0018263611898145119
2883.5165493151176	0.00181330169622816
2886.6137743949407	0.0018002863510537812
2889.7109994747634	0.0017873149857258806
2892.8082245545866	0.0017743874325611348
2895.9054496344093	0.0017615035247526736
2899.0026747142324	0.001748663096364406
2902.099899794055	0.0017358659823253871
2905.197124873878	0.0017231120184242293
2908.294349953701	0.0017104010413035537
2911.3915750335236	0.001697732888454484
2914.4888001133468	0.0016851073982111814
2917.5860251931695	0.00167252440974542
2920.6832502729926	0.0016599837630612033
2923.7804753528153	0.0016474852989894206
2926.877700432638	0.0016350288591825434
2929.974925512461	0.0016226142861093605
2933.072150592284	0.0016102414230497533
2936.169375672107	0.0015979101140895099
2939.2666007519297	0.0015856202041151768
2942.3638258317524	0.0015733715388089498
2945.4610509115755	0.0015611639646436022
2948.558275991398	0.0015489973288774505
2951.6555010712214	0.001536871479549358
2954.752726151044	0.0015247862654737749
2957.849951230867	0.0015127415362358144
2960.94717631069	0.0015007371421863667
2964.0444013905126	0.0014887729344372474
2967.1416264703357	0.0014768487648563829
2970.2388515501584	0.0014649644860630303
2973.3360766299816	0.0014531199514230331
2976.4333017098043	0.0014413150150441114
2979.5305267896274	0.0014295495317711866
2982.62775186945	0.0014178233571817407
2985.724976949273	0.0014061363475812098
2988.822202029096	0.0013944883599984101
2991.9194271089186	0.0013828792521809992
2995.016652188742	0.001371308882590969
2998.1138772685645	0.001359777110400172
3001.211102348387	0.0013482837954858808
3004.3083274282103	0.0013368287984263788
3007.405552508033	0.0013254119804965846
3010.502777587856	0.0013140332036637066
3013.600002667679	0.0013026923305829302
3016.697227747502	0.0012913892245931357
3019.7944528273247	0.001280123749712648
3022.8916779071474	0.0012688957706350167
3025.9889029869705	0.001257705152724826
3029.086128066793	0.0012465517620135372
3032.1833531466164	0.0012354354651953577
3035.280578226439	0.001224356129623144
3038.377803306262	0.0012133136233043308
3041.475028386085	0.0012023078148968912
3044.5722534659076	0.0011913385737053256
3047.6694785457307	0.0011804057696766796
3050.7667036255534	0.0011695092733965905
3053.8639287053766	0.001158648956085362
3056.9611537851993	0.001147824689594067
3060.0583788650224	0.0011370363464006795
3063.155603944845	0.0011262837996062326
3066.252829024668	0.0011155669229310052
3069.350054104491	0.0011048855907107348
3072.4472791843136	0.0010942396778928591
3075.544504264137	0.0010836290600327832
3078.6417293439595	0.0010730536132901734
3081.738954423782	0.0010625132144252783
3084.8361795036053	0.001052007740795275
3087.933404583428	0.0010415370703506426
3091.030629663251	0.0010311010816315604
3094.127854743074	0.0010206996537643323
3097.225079822897	0.0010103326664578365
3097.225079822949	0.001
