0.0	0.0011618342427282833
3.0915948264069852	0.001158392157689072
6.1831896528139705	0.0011550281746362692
9.274784479220957	0.0011517403230876671
12.366379305627941	0.00114852669022874
15.457974132034927	0.0011453854189131514
18.549568958441913	0.0011423147057446118
21.6411637848489	0.001139312799236301
24.732758611255882	0.001136377998044268
27.824353437662868	0.0011335086492713928
30.915948264069854	0.0011307031468386973
34.00754309047684	0.0011279599299209258
37.09913791688383	0.001125277481443498
40.19073274329081	0.0011226543266380712
43.2823275696978	0.0011200890316540868
46.37392239610478	0.0011175802022238197
49.465517222511764	0.001115126482378555
52.557112048918746	0.0011127265532136538
55.648706875325736	0.0011103791317003595
58.740301701732726	0.0011080829695423238
61.83189652813971	0.0011058368520749076
64.92349135454668	0.0011036395972054244
68.01508618095367	0.001101490054392575
71.10668100736066	0.0010993871036633993
74.19827583376765	0.0010973296546661693
77.28987066017463	0.0010953166457576995
80.38146548658162	0.0010933470431236454
83.47306031298861	0.0010914198399304073
86.5646551393956	0.0010895340555073393
89.65624996580257	0.0010876887345580087
92.74784479220956	0.0010858829463993229
95.83943961861654	0.0010841157842273834
98.93103444502353	0.0010823863644089853
102.0226292714305	0.00108069382579773
105.11422409783749	0.001079037329073765
108.20581892424448	0.001077416056106203
111.29741375065147	0.0010758292093373304
114.38900857705845	0.0010742760111877342
117.48060340346545	0.001072755703481536
120.57219822987244	0.0010712675468909415
123.66379305627942	0.0010698108203993561
126.75538788268639	0.0010683848207823554
129.84698270909337	0.0010669888621058115
132.93857753550037	0.0010656222752405333
136.03017236190735	0.0010642844073927822
139.12176718831435	0.0010629746216500664
142.21336201472133	0.0010616922965416386
145.30495684112833	0.0010604368256131452
148.3965516675353	0.0010592076170148979
151.48814649394228	0.0010580040931032683
154.57974132034926	0.0010568256900547143
157.67133614675626	0.0010556718574919774
160.76293097316324	0.0010545420581220101
163.85452579957024	0.0010534357673852017
166.94612062597722	0.001052352473115495
170.0377154523842	0.0010512916752110058
173.1293102787912	0.0010502528853147657
176.22090510519817	0.00104923562650523
179.31249993160515	0.0010482394329962008
182.40409475801212	0.0010472638498458392
185.49568958441913	0.0010463084326744444
188.5872844108261	0.0010453727473906914
191.67887923723308	0.0010444563699260401
194.77047406364005	0.0010435588859770272
197.86206889004706	0.0010426798907551714
200.95366371645406	0.0010418189887442353
204.045258542861	0.0010409757934645872
207.136853369268	0.0010401499272444286
210.22844819567499	0.0010393410209976488
213.320043022082	0.0010385487140080927
216.41163784848897	0.0010377726537200206
219.50323267489594	0.0010370124955345575
222.59482750130294	0.0010362679026119346
225.68642232770995	0.0010355385456793295
228.7780171541169	0.0010348241028441253
231.8696119805239	0.0010341242594124078
234.9612068069309	0.0010334387077125388
238.05280163333788	0.0010327671469236278
241.14439645974488	0.0010321092829087635
244.23599128615186	0.0010314648280528348
247.32758611255883	0.0010308335011048077
250.4191809389658	0.001030215027024311
253.51077576537278	0.0010296091368323988
256.6023705917798	0.0010290155674663537
259.69396541818674	0.001028434061638411
262.78556024459374	0.0010278643676982775
265.87715507100074	0.001027306239499328
268.9687498974077	0.00102675943626837
272.0603447238147	0.0010262237224788618
275.1519395502217	0.0010256988677274834
278.2435343766287	0.001025184646613955
281.33512920303565	0.00102468083862401
284.42672402944265	0.0010241872280154186
287.5183188558496	0.0010237036037069834
290.60991368225666	0.0010232297591704054
293.70150850866355	0.001022765492324945
296.7931033350706	0.0010223106054347896
299.88469816147756	0.0010218649050090524
302.97629298788456	0.0010214282017043234
306.06788781429157	0.0010210003102296954
309.1594826406985	0.0010205810492542001
312.2510774671055	0.001020170241316579
315.3426722935125	0.0010197677127373236
318.4342671199195	0.00101937329353292
321.5258619463265	0.0010189868173322374
324.6174567727334	0.001018608121294994
327.7090515991405	0.0010182370460322485
330.8006464255474	0.0010178734355288546
333.89224125195443	0.0010175171370678275
336.98383607836143	0.0010171680011565665
340.0754309047684	0.001016825881454882
343.16702573117533	0.001016490634704781
346.2586205575824	0.001016162120661957
349.35021538398934	0.0010158402020289407
352.44181021039634	0.0010155247443898686
355.5334050368033	0.001015215616146817
358.6249998632103	0.001014912688457671
361.7165946896173	0.0010146158351754765
364.80818951602424	0.0010143249327892396
367.8997843424313	0.0010140398603661384
370.99137916883825	0.0010137604994951005
374.0829739952452	0.0010134867342317196
377.1745688216522	0.0010132184510444693
380.2661636480592	0.0010129555387621816
383.35775847446615	0.0010126978885227592
386.4493533008732	0.001012445393723085
389.5409481272801	0.001012197949970103
392.6325429536871	0.0010119554550330348
395.7241377800941	0.0010117178087967042
398.8157326065011	0.001011484913215947
401.9073274329081	0.0010112566722710662
404.99892225931507	0.0010110329919243168
408.090517085722	0.001010813780077391
411.1821119121291	0.0010105989465298733
414.273706738536	0.0010103884029386487
417.3653015649431	0.001010182062778235
420.45689639134997	0.0010099798413020153
423.548491217757	0.001009781655504354
426.640086044164	0.001009587424083568
429.731680870571	0.001009397067405732
432.82327569697793	0.0010092105074693063
435.914870523385	0.0010090276678705512
439.0064653497919	0.0010088484737697247
442.0980601761989	0.0010086728518580322
445.1896550026059	0.0010085007303253166
448.2812498290129	0.0010083320388284687
451.3728446554199	0.0010081667084605392
454.46443948182684	0.0010080046717205384
457.5560343082338	0.0010078458624839023
460.64762913464085	0.0010076902159736134
463.7392239610478	0.00100753766873196
466.8308187874548	0.0010073881585929152
469.9224136138618	0.0010072416246551248
473.01400844026875	0.0010070980072554867
476.10560326667576	0.0010069572479433106
479.19719809308276	0.001006819289455042
482.28879291948977	0.0010066840756895363
485.3803877458967	0.0010065515516838755
488.4719825723037	0.0010064216635897068
491.56357739871066	0.0010062943586500966
494.65517222511767	0.001006169585176888
497.7467670515246	0.0010060472925285447
500.8383618779316	0.001005927431088478
503.92995670433857	0.0010058099522438368
507.02155153074557	0.001005694808364758
510.1131463571525	0.0010055819527840615
513.2047411835596	0.0010054713397773818
516.2963360099666	0.0010053629245437242
519.3879308363735	0.0010052566631864404
522.4795256627806	0.001005152512694608
525.5711204891875	0.0010050504309248077
528.6627153155945	0.001004950376583291
531.7543101420015	0.0010048523092085254
534.8459049684085	0.001004756189154112
537.9374997948154	0.001004661977572066
541.0290946212224	0.0010045696363964502
544.1206894476294	0.001004479128327356
547.2122842740365	0.0010043904168152244
550.3038791004434	0.0010043034660454973
553.3954739268503	0.0010042182409235904
556.4870687532574	0.0010041347070601874
559.5786635796644	0.0010040528307568397
562.6702584060713	0.001003972578991871
565.7618532324783	0.0010038939194065772
568.8534480588853	0.0010038168202917163
571.9450428852923	0.0010037412505742803
575.0366377116992	0.0010036671798045454
578.1282325381062	0.001003594578143392
581.2198273645133	0.00100352341634989
584.3114221909202	0.0010034536657691428
587.4030170173271	0.0010033852983203852
590.4946118437342	0.0010033182864853285
593.5862066701412	0.001003252603296749
596.6778014965481	0.0010031882223273125
599.7693963229551	0.001003125117678632
602.8609911493621	0.0010030632639705516
605.9525859757691	0.0010030026363306527
609.044180802176	0.001002943210383978
612.1357756285831	0.001002884962242968
615.2273704549901	0.0010028278684976037
618.318965281397	0.0010027719062057567
621.410560107804	0.0010027170528837345
624.502154934211	0.0010026632864970234
627.593749760618	0.0010026105854512204
630.685344587025	0.0010025589285831543
633.7769394134319	0.0010025082951521862
636.868534239839	0.0010024586648316907
639.960129066246	0.001002410017700712
643.051723892653	0.0010023623342357917
646.1433187190598	0.0010023155953029629
649.2349135454668	0.001002269782149909
652.3265083718738	0.0010022248763982844
655.418103198281	0.0010021808600361895
658.5096980246879	0.001002137715410803
661.6012928510949	0.0010020954252211623
664.6928876775019	0.001002053972511092
667.7844825039089	0.0010020133406622783
670.8760773303159	0.0010019735133874814
673.9676721567229	0.0010019344747238914
677.0592669831298	0.0010018962090266132
680.1508618095368	0.0010018587009622895
683.2424566359437	0.0010018219355028514
686.3340514623507	0.0010017858979193951
689.4256462887578	0.0010017505737761868
692.5172411151648	0.0010017159489247834
695.6088359415717	0.0010016820094982792
698.7004307679787	0.001001648741905665
701.7920255943858	0.001001616132826303
704.8836204207927	0.0010015841692045137
707.9752152471997	0.0010015528382442736
711.0668100736066	0.0010015221274040174
714.1584049000136	0.0010014920243915488
717.2499997264206	0.0010014625171590528
720.3415945528276	0.0010014335938982077
723.4331893792346	0.0010014052430353988
726.5247842056416	0.001001377453227026
729.6163790320485	0.0010013502133549078
732.7079738584555	0.0010013235125217782
735.7995686848626	0.0010012973400468736
738.8911635112696	0.0010012716854616095
741.9827583376765	0.0010012465385053435
745.0743531640834	0.001001221889121225
748.1659479904904	0.001001197727452128
751.2575428168974	0.001001174043836665
754.3491376433044	0.0010011508288052826
757.4407324697114	0.0010011280730764344
760.5323272961184	0.0010011057675528325
763.6239221225254	0.0010010839033177724
766.7155169489323	0.0010010624716315336
769.8071117753394	0.001001041463927851
772.8987066017464	0.00100102087181046
775.9903014281533	0.001001000687049706
779.0818962545602	0.0010009809015792276
782.1734910809672	0.0010009615074927029
785.2650859073742	0.001000942497040662
788.3566807337813	0.0010009238626273642
791.4482755601882	0.0010009055968077357
794.5398703865952	0.001000887692284372
797.6314652130022	0.0010008701419045966
800.7230600394092	0.001000852938657583
803.8146548658162	0.0010008360756715302
806.9062496922232	0.0010008195462108968
809.9978445186301	0.001000803343673691
813.0894393450371	0.001000787461588813
816.181034171444	0.0010007718936134527
819.2726289978511	0.0010007566335305392
822.3642238242581	0.0010007416752462377
825.455818650665	0.0010007270127875033
828.547413477072	0.0010007126402996767
831.639008303479	0.0010006985520441321
834.7306031298862	0.001000684742395972
837.822197956293	0.0010006712058417656
840.9137927826999	0.0010006579369773352
844.005387609107	0.0010006449305055849
847.096982435514	0.0010006321812343734
850.1885772619208	0.0010006196840744296
853.280172088328	0.0010006074340373084
856.371766914735	0.00100059542623339
859.463361741142	0.0010005836558699154
862.5549565675489	0.001000572118249065
865.6465513939559	0.0010005608087660725
868.738146220363	0.0010005497229073775
871.82974104677	0.0010005388562488158
874.9213358731768	0.0010005282044538448
878.0129306995838	0.0010005177632718036
881.1045255259908	0.0010005075285362097
884.1961203523978	0.001000497496163088
887.2877151788048	0.0010004876621493332
890.3793100052118	0.0010004780225711075
893.4709048316188	0.0010004685735822644
896.5624996580258	0.0010004593114128109
899.6540944844328	0.0010004502323673948
902.7456893108398	0.0010004413328238253
905.8372841372468	0.0010004326092316212
908.9288789636537	0.0010004240581105897
912.0204737900606	0.0010004156760494314
915.1120686164676	0.0010004074597043749
918.2036634428747	0.0010003994057978382
921.2952582692817	0.0010003915111171156
924.3868530956886	0.001000383772513092
927.4784479220956	0.001000376186898982
930.5700427485026	0.0010003687512490946
933.6616375749096	0.0010003614625976227
936.7532324013166	0.001000354318037455
939.8448272277236	0.0010003473147190127
942.9364220541305	0.0010003404498491113
946.0280168805375	0.0010003337206898407
949.1196117069444	0.0010003271245574707
952.2112065333515	0.0010003206588213784
955.3028013597585	0.0010003143209029947
958.3943961861655	0.001000308108274773
961.4859910125724	0.001000302018459179
964.5775858389795	0.0010002960490277
967.6691806653864	0.001000290197599873
970.7607754917934	0.0010002844618423325
973.8523703182003	0.0010002788394678805
976.9439651446074	0.0010002733282345679
980.0355599710143	0.0010002679259448017
983.1271547974213	0.0010002626304444647
986.2187496238282	0.0010002574396220543
989.3103444502353	0.0010002523514078402
992.4019392766425	0.0010002473637730355
995.4935341030492	0.0010002424747289874
998.5851289294563	0.0010002376823263805
1001.6767237558632	0.0010002329846544606
1004.7683185822704	0.0010002283798402692
1007.8599134086771	0.0010002238660478946
1010.9515082350842	0.001000219441477741
1014.0431030614911	0.0010002151043658077
1017.1346978878983	0.0010002108529829845
1020.226292714305	0.0010002066856343616
1023.3178875407121	0.0010002026006585524
1026.4094823671192	0.001000198596427029
1029.501077193526	0.001000194671343474
1032.5926720199332	0.0010001908238431404
1035.68426684634	0.0010001870523922277
1038.775861672747	0.0010001833554872715
1041.867456499154	0.0010001797316545383
1044.9590513255612	0.0010001761794494425
1048.050646151968	0.0010001726974559649
1051.142240978375	0.0010001692842860916
1054.2338358047818	0.0010001659385792559
1057.325430631189	0.0010001626590017973
1060.417025457596	0.0010001594442464298
1063.508620284003	0.0010001562930317177
1066.60021511041	0.0010001532041015652
1069.691809936817	0.0010001501762247158
1072.7834047632239	0.0010001472081942599
1075.8749995896308	0.0010001442988271524
1078.9665944160379	0.0010001414469637429
1082.0581892424448	0.0010001386514673105
1085.149784068852	0.0010001359112236108
1088.2413788952588	0.0010001332251404315
1091.332973721666	0.0010001305921471572
1094.424568548073	0.00100012801119434
1097.5161633744797	0.0010001254812532837
1100.6077582008868	0.00100012300131563
1103.6993530272937	0.0010001205703929592
1106.7909478537006	0.0010001181875163943
1109.8825426801077	0.0010001158517362134
1112.9741375065148	0.0010001135621214739
1116.0657323329217	0.0010001113177596375
1119.1573271593288	0.0010001091177562083
1122.2489219857355	0.0010001069612343757
1125.3405168121426	0.001000104847334664
1128.4321116385497	0.0010001027752145897
1131.5237064649566	0.0010001007440483256
1134.6153012913637	0.0010000987530263716
1137.7068961177706	0.0010000968013552313
1140.7984909441775	0.0010000948882570957
1143.8900857705846	0.0010000930129695326
1146.9816805969915	0.0010000911747451832
1150.0732754233984	0.0010000893728514635
1153.1648702498055	0.001000087606570272
1156.2564650762124	0.0010000858751977035
1159.3480599026195	0.0010000841780437686
1162.4396547290266	0.001000082514432118
1165.5312495554335	0.0010000808836997733
1168.6228443818404	0.001000079285196862
1171.7144392082473	0.0010000777182863588
1174.8060340346542	0.0010000761823438311
1177.8976288610613	0.0010000746767571903
1180.9892236874684	0.0010000732009264482
1184.0808185138753	0.0010000717542634765
1187.1724133402824	0.0010000703361917735
1190.2640081666896	0.0010000689461462334
1193.3556029930962	0.001000067583572921
1196.4471978195033	0.001000066247928852
1199.5387926459102	0.001000064938681774
1202.6303874723174	0.0010000636553099576
1205.7219822987242	0.001000062397301985
1208.8135771251314	0.0010000611641565488
1211.9051719515383	0.0010000599553822507
1214.9967667779454	0.0010000587704974053
1218.088361604352	0.0010000576090298495
1221.1799564307591	0.0010000564705167523
1224.2715512571663	0.0010000553545044327
1227.3631460835732	0.001000054260548176
1230.4547409099803	0.0010000531882120587
1233.5463357363872	0.0010000521370687745
1236.637930562794	0.0010000511066994625
1239.7295253892012	0.0010000500966935414
1242.821120215608	0.0010000491066485453
1245.9127150420152	0.0010000481361699643
1249.004309868422	0.0010000471848710852
1252.0959046948292	0.0010000462523728397
1255.187499521236	0.0010000453383036511
1258.279094347643	0.0010000444422992882
1261.37068917405	0.0010000435640027188
1264.462284000457	0.0010000427030639669
1267.5538788268639	0.001000041859139975
1270.6454736532708	0.0010000410318944657
1273.737068479678	0.001000040220997809
1276.828663306085	0.001000039426126889
1279.920258132492	0.0010000386469649774
1283.011852958899	0.0010000378832016054
1286.103447785306	0.0010000371345324412
1289.1950426117128	0.001000036400659168
1292.2866374381197	0.0010000356812893652
1295.3782322645268	0.001000034976136392
1298.4698270909337	0.0010000342849192725
1301.5614219173408	0.0010000336073625851
1304.6530167437477	0.0010000329431963516
1307.744611570155	0.0010000322921559295
1310.836206396562	0.0010000316539819074
1313.9278012229688	0.0010000310284200007
1317.0193960493757	0.001000030415220951
1320.1109908757826	0.0010000298141404262
1323.2025857021897	0.0010000292249389233
1326.2941805285966	0.001000028647381673
1329.3857753550037	0.0010000280812385463
1332.4773701814106	0.0010000275262839623
1335.5689650078177	0.0010000269822967984
1338.6605598342244	0.0010000264490603028
1341.7521546606317	0.0010000259263620074
1344.8437494870386	0.0010000254139936433
1347.9353443134457	0.0010000249117510585
1351.0269391398526	0.0010000244194341347
1354.1185339662595	0.00100002393684671
1357.2101287926666	0.0010000234637964987
1360.3017236190735	0.0010000230000950156
1363.3933184454804	0.001000022545557501
1366.4849132718873	0.0010000221000028462
1369.5765080982947	0.0010000216632535229
1372.6681029247013	0.0010000212351355103
1375.7596977511087	0.001000020815478228
1378.8512925775156	0.001000020404114466
1381.9428874039227	0.0010000200008803196
1385.0344822303296	0.0010000196056151234
1388.1260770567362	0.0010000192181613874
1391.2176718831433	0.0010000188383647336
1394.3092667095502	0.0010000184660738359
1397.4008615359573	0.0010000181011403583
1400.4924563623642	0.0010000177434188974
1403.5840511887716	0.001000017392766922
1406.6756460151785	0.0010000170490447192
1409.7672408415854	0.0010000167121153366
1412.8588356679923	0.0010000163818445285
1415.9504304943994	0.0010000160581007033
1419.0420253208063	0.0010000157407548684
1422.1336201472132	0.0010000154296805823
1425.2252149736203	0.0010000151247539012
1428.3168098000272	0.0010000148258533308
1431.4084046264343	0.0010000145328597791
1434.4999994528412	0.0010000142456565069
1437.5915942792483	0.0010000139641290818
1440.6831891056552	0.001000013688165334
1443.7747839320623	0.0010000134176553102
1446.8663787584692	0.0010000131524912292
1449.9579735848763	0.001000012892567441
1453.0495684112832	0.0010000126377803838
1456.14116323769	0.0010000123880285407
1459.232758064097	0.0010000121432124035
1462.3243528905039	0.001000011903234429
1465.415947716911	0.0010000116679990021
1468.5075425433179	0.0010000114374123978
1471.5991373697252	0.0010000112113827423
1474.690732196132	0.0010000109898199794
1477.7823270225392	0.0010000107726358305
1480.873921848946	0.0010000105597437637
1483.965516675353	0.0010000103510589553
1487.05711150176	0.0010000101464982592
1490.1487063281668	0.0010000099459801723
1493.240301154574	0.0010000097494248024
1496.3318959809808	0.0010000095567538358
1499.423490807388	0.0010000093678905067
1502.5150856337948	0.0010000091827595662
1505.606680460202	0.0010000090012872531
1508.6982752866088	0.0010000088234012631
1511.789870113016	0.0010000086490307219
1514.8814649394228	0.0010000084781061553
1517.9730597658297	0.0010000083105594618
1521.0646545922368	0.0010000081463238857
1524.1562494186437	0.001000007985333992
1527.2478442450508	0.001000007827525637
1530.3394390714577	0.001000007672835946
1533.4310338978646	0.0010000075212032863
1536.5226287242715	0.0010000073725672431
1539.6142235506788	0.001000007226868596
1542.7058183770857	0.0010000070840492949
1545.7974132034929	0.0010000069440524366
1548.8890080298997	0.0010000068068222426
1551.9806028563066	0.001000006672304037
1555.0721976827135	0.0010000065404442242
1558.1637925091204	0.0010000064111902677
1561.2553873355275	0.0010000062844906696
1564.3469821619344	0.001000006160294949
1567.4385769883418	0.001000006038553624
1570.5301718147484	0.0010000059192181892
1573.6217666411558	0.0010000058022410984
1576.7133614675627	0.0010000056875757452
1579.8049562939696	0.001000005575176444
1582.8965511203764	0.0010000054649984124
1585.9881459467833	0.0010000053569977519
1589.0797407731905	0.0010000052511314333
1592.1713355995973	0.0010000051473572763
1595.2629304260045	0.0010000050456339354
1598.3545252524113	0.0010000049459208806
1601.4461200788185	0.0010000048481783848
1604.5377149052251	0.0010000047523675045
1607.6293097316325	0.0010000046584500667
1610.7209045580394	0.0010000045663886522
1613.8124993844465	0.0010000044761465817
1616.9040942108534	0.0010000043876879005
1619.9956890372603	0.0010000043009773646
1623.0872838636674	0.001000004215980427
1626.1788786900743	0.001000004132663222
1629.2704735164812	0.0010000040509925555
1632.362068342888	0.0010000039709358866
1635.4536631692954	0.0010000038924613194
1638.5452579957023	0.0010000038155375886
1641.6368528221094	0.001000003740134045
1644.7284476485163	0.0010000036662206468
1647.8200424749234	0.0010000035937679445
1650.91163730133	0.0010000035227470722
1654.003232127737	0.0010000034531297331
1657.094826954144	0.0010000033848881903
1660.186421780551	0.0010000033179952547
1663.278016606958	0.0010000032524242746
1666.369611433365	0.0010000031881491256
1669.4612062597723	0.0010000031251441983
1672.5528010861792	0.0010000030633843908
1675.644395912586	0.0010000030028450965
1678.735990738993	0.0010000029435021953
1681.8275855653999	0.0010000028853320436
1684.919180391807	0.0010000028283114646
1688.010775218214	0.0010000027724177411
1691.102370044621	0.0010000027176286033
1694.193964871028	0.001000002663922222
1697.285559697435	0.0010000026112771997
1700.3771545238417	0.001000002559672561
1703.468749350249	0.0010000025090877462
1706.560344176656	0.0010000024595026007
1709.651939003063	0.0010000024108973694
1712.74353382947	0.001000002363252686
1715.8351286558768	0.0010000023165495687
1718.926723482284	0.0010000022707694096
1722.0183183086908	0.001000002225893969
1725.1099131350977	0.0010000021819053676
1728.2015079615046	0.0010000021387860795
1731.2931027879117	0.0010000020965189248
1734.3846976143186	0.0010000020550870639
1737.476292440726	0.0010000020144739891
1740.5678872671328	0.0010000019746635197
1743.65948209354	0.001000001935639794
1746.7510769199469	0.0010000018973872643
1749.8426717463535	0.0010000018598906898
1752.9342665727606	0.0010000018231351318
1756.0258613991675	0.0010000017871059455
1759.1174562255746	0.001000001751788776
1762.2090510519815	0.0010000017171695528
1765.3006458783887	0.0010000016832344826
1768.3922407047955	0.0010000016499700447
1771.4838355312027	0.0010000016173629868
1774.5754303576095	0.001000001585400317
1777.6670251840167	0.0010000015540693004
1780.7586200104236	0.0010000015233574543
1783.8502148368304	0.001000001493252543
1786.9418096632376	0.0010000014637425716
1790.0334044896445	0.0010000014348157831
1793.1249993160516	0.001000001406460652
1796.2165941424585	0.0010000013786658816
1799.3081889688656	0.0010000013514203975
1802.3997837952722	0.0010000013247133445
1805.4913786216796	0.0010000012985340824
1808.5829734480865	0.001000001272872181
1811.6745682744936	0.001000001247717415
1814.7661631009005	0.001000001223059764
1817.8577579273074	0.0010000011988894025
1820.9493527537143	0.0010000011751967008
1824.0409475801212	0.0010000011519722195
1827.1325424065283	0.0010000011292067058
1830.2241372329352	0.0010000011068910888
1833.3157320593425	0.001000001085016478
1836.4073268857494	0.001000001063574158
1839.4989217121565	0.001000001042555586
1842.5905165385634	0.0010000010219523873
1845.6821113649703	0.0010000010017563537
1848.7737061913772	0.0010000009819594383
1851.865301017784	0.0010000009625537537
1854.9568958441912	0.0010000009435315687
1858.048490670598	0.001000000924885304
1861.1400854970052	0.0010000009066075308
1864.231680323412	0.001000000888690967
1867.3232751498192	0.001000000871128474
1870.414869976226	0.0010000008539130549
1873.5064648026332	0.0010000008370378505
1876.59805962904	0.0010000008204961374
1879.6896544554472	0.0010000008042813254
1882.7812492818541	0.0010000007883869536
1885.872844108261	0.00100000077280669
1888.9644389346681	0.0010000007575343265
1892.056033761075	0.0010000007425637791
1895.147628587482	0.0010000007278890828
1898.2392234138888	0.0010000007135043908
1901.3308182402961	0.0010000006994039718
1904.422413066703	0.0010000006855822089
1907.51400789311	0.001000000672033594
1910.605602719517	0.00100000065875273
1913.6971975459237	0.001000000645734325
1916.788792372331	0.0010000006329731925
1919.8803871987377	0.0010000006204642481
1922.9719820251448	0.0010000006082025081
1926.063576851552	0.0010000005961830873
1929.155171677959	0.0010000005844011967
1932.2467665043657	0.0010000005728521423
1935.3383613307728	0.0010000005615313225
1938.42995615718	0.0010000005504342273
1941.5215509835868	0.0010000005395564354
1944.6131458099935	0.0010000005288936123
1947.7047406364006	0.0010000005184415104
1950.7963354628077	0.0010000005081959647
1953.8879302892149	0.0010000004981528937
1956.979525115622	0.0010000004883082962
1960.0711199420286	0.0010000004786582498
1963.1627147684358	0.0010000004691989093
1966.2543095948427	0.001000000459926506
1969.3459044212498	0.0010000004508373464
1972.4374992476564	0.0010000004419278082
1975.5290940740636	0.0010000004331943422
1978.6206889004707	0.0010000004246334688
1981.7122837268773	0.001000000416241777
1984.803878553285	0.0010000004080159238
1987.8954733796916	0.0010000003999526314
1990.9870682060985	0.0010000003920486874
1994.0786630325056	0.0010000003843009429
1997.1702578589127	0.0010000003767063107
2000.2618526853194	0.0010000003692617655
2003.3534475117265	0.0010000003619643407
2006.4450423381336	0.0010000003548111288
2009.5366371645407	0.0010000003477992807
2012.6282319909474	0.0010000003409260019
2015.7198268173543	0.0010000003341885542
2018.8114216437614	0.0010000003275842531
2021.9030164701685	0.0010000003211104679
2024.9946112965756	0.0010000003147646191
2028.0862061229823	0.0010000003085441779
2031.1778009493894	0.0010000003024466663
2034.2693957757965	0.001000000296469655
2037.3609906022034	0.0010000002906107627
2040.45258542861	0.0010000002848676549
2043.5441802550172	0.0010000002792380435
2046.6357750814243	0.0010000002737196858
2049.727369907831	0.001000000268310383
2052.8189647342383	0.0010000002630079798
2055.910559560645	0.001000000257810364
2059.002154387052	0.0010000002527154645
2062.0937492134594	0.0010000002477212509
2065.1853440398663	0.0010000002428257344
2068.276938866273	0.001000000238026964
2071.36853369268	0.001000000233323028
2074.460128519087	0.001000000228712052
2077.551723345494	0.0010000002241921991
2080.643318171901	0.0010000002197616683
2083.734912998308	0.0010000002154186946
2086.826507824715	0.001000000211161548
2089.9181026511224	0.0010000002069885314
2093.0096974775292	0.001000000202897983
2096.101292303936	0.0010000001988882728
2099.192887130343	0.0010000001949578032
2102.28448195675	0.0010000001911050086
2105.3760767831573	0.0010000001873283538
2108.4676716095637	0.0010000001836263336
2111.559266435971	0.0010000001799974733
2114.650861262378	0.0010000001764403279
2117.742456088785	0.001000000172953479
2120.834050915192	0.0010000001695355382
2123.9256457415986	0.0010000001661851434
2127.017240568006	0.0010000001629009599
2130.108835394413	0.0010000001596816787
2133.20043022082	0.0010000001565260179
2136.2920250472266	0.00100000015343272
2139.383619873634	0.0010000001504005518
2142.475214700041	0.0010000001474283066
2145.5668095264477	0.0010000001445147992
2148.658404352855	0.0010000001416588693
2151.7499991792615	0.0010000001388593787
2154.841594005669	0.0010000001361152122
2157.9331888320758	0.0010000001334252765
2161.024783658483	0.0010000001307884998
2164.1163784848895	0.0010000001282038317
2167.207973311297	0.001000000125670242
2170.299568137704	0.001000000123186722
2173.3911629641107	0.0010000001207522817
2176.4827577905176	0.0010000001183659512
2179.5743526169244	0.00100000011602678
2182.665947443332	0.001000000113733836
2185.7575422697387	0.0010000001114862055
2188.849137096146	0.0010000001092829928
2191.9407319225525	0.0010000001071233209
2195.0323267489593	0.0010000001050063287
2198.1239215753667	0.001000000102931173
2201.2155164017736	0.0010000001008970266
2204.3071112281805	0.0010000000989030798
2207.3987060545874	0.0010000000969485378
2210.4903008809947	0.0010000000950326218
2213.581895707401	0.001000000093154568
2216.6734905338085	0.0010000000913136292
2219.7650853602154	0.0010000000895090712
2222.8566801866223	0.0010000000877401754
2225.9482750130296	0.0010000000860062369
2229.0398698394365	0.0010000000843065646
2232.1314646658434	0.0010000000826404815
2235.2230594922503	0.0010000000810073241
2238.3146543186576	0.0010000000794064415
2241.4062491450645	0.0010000000778371957
2244.497843971471	0.0010000000762989617
2247.5894387978783	0.0010000000747911267
2250.681033624285	0.0010000000733130896
2253.7726284506925	0.001000000071864262
2256.8642232770994	0.0010000000704440662
2259.9558181035063	0.0010000000690519367
2263.047412929913	0.0010000000676873187
2266.13900775632	0.0010000000663496686
2269.2306025827274	0.0010000000650384534
2272.322197409134	0.0010000000637531508
2275.413792235541	0.0010000000624932484
2278.505387061948	0.0010000000612582446
2281.596981888355	0.0010000000600476468
2284.6885767147623	0.0010000000588609736
2287.7801715411692	0.0010000000576977515
2290.871766367576	0.0010000000565575172
2293.963361193983	0.0010000000554398164
2297.0549560203904	0.0010000000543442039
2300.146550846797	0.001000000053270243
2303.238145673204	0.001000000052217506
2306.329740499611	0.0010000000511855734
2309.421335326018	0.001000000050174034
2312.512930152425	0.0010000000491824847
2315.6045249788317	0.0010000000482105309
2318.696119805239	0.001000000047257785
2321.787714631646	0.0010000000463238673
2324.8793094580533	0.001000000045408406
2327.9709042844597	0.001000000044511036
2331.062499110867	0.0010000000436314002
2334.154093937274	0.0010000000427691478
2337.245688763681	0.0010000000419239355
2340.3372835900877	0.0010000000410954266
2343.4288784164946	0.0010000000402832904
2346.520473242902	0.0010000000394872041
2349.6120680693084	0.0010000000387068505
2352.703662895716	0.001000000037941918
2355.7952577221226	0.0010000000371921025
2358.88685254853	0.0010000000364571047
2361.978447374937	0.0010000000357366322
2365.0700422013438	0.0010000000350303979
2368.1616370277507	0.0010000000343381205
2371.2532318541575	0.0010000000336595235
2374.344826680565	0.0010000000329943375
2377.4364215069713	0.001000000032342297
2380.528016333379	0.0010000000317031419
2383.6196111597856	0.0010000000310766183
2386.7112059861925	0.001000000030462476
2389.8028008126	0.0010000000298604709
2392.8943956390067	0.0010000000292703622
2395.9859904654136	0.0010000000286919156
2399.0775852918205	0.0010000000281249004
2402.169180118228	0.0010000000275690907
2405.2607749446347	0.0010000000270242646
2408.3523697710416	0.0010000000264902059
2411.4439645974485	0.001000000025966701
2414.5355594238554	0.0010000000254535423
2417.6271542502627	0.0010000000249505243
2420.7187490766696	0.001000000024457447
2423.8103439030765	0.0010000000239741142
2426.9019387294834	0.001000000023500333
2429.9935335558907	0.001000000023035915
2433.0851283822976	0.0010000000225806748
2436.176723208704	0.001000000022134431
2439.2683180351114	0.001000000021697006
2442.3599128615183	0.0010000000212682255
2445.451507687925	0.0010000000208479185
2448.5431025143325	0.001000000020435918
2451.6346973407394	0.0010000000200320591
2454.7262921671463	0.0010000000196361818
2457.817886993553	0.0010000000192481276
2460.9094818199605	0.0010000000188677422
2464.001076646367	0.0010000000184948743
2467.0926714727743	0.001000000018129375
2470.184266299181	0.0010000000177710988
2473.275861125588	0.0010000000174199028
2476.367455951995	0.0010000000170756473
2479.4590507784023	0.001000000016738195
2482.550645604809	0.0010000000164074115
2485.642240431216	0.001000000016083165
2488.7338352576235	0.0010000000157653263
2491.8254300840304	0.001000000015453769
2494.9170249104372	0.0010000000151483685
2498.008619736844	0.0010000000148490033
2501.1002145632515	0.0010000000145555545
2504.1918093896584	0.0010000000142679048
2507.283404216065	0.0010000000139859398
2510.374999042472	0.0010000000137095468
2513.466593868879	0.0010000000134386161
2516.558188695286	0.0010000000131730395
2519.649783521693	0.0010000000129127113
2522.7413783481	0.0010000000126575276
2525.832973174507	0.0010000000124073874
2528.924568000914	0.0010000000121621897
2532.016162827321	0.001000000011921838
2535.1077576537277	0.0010000000116862364
2538.1993524801355	0.0010000000114552907
2541.2909473065415	0.001000000011228909
2544.3825421329493	0.0010000000110070013
2547.474136959356	0.0010000000107894787
2550.5657317857626	0.001000000010576255
2553.65732661217	0.0010000000103672448
2556.748921438577	0.0010000000101623653
2559.840516264984	0.0010000000099615347
2562.9321110913907	0.0010000000097646728
2566.023705917798	0.0010000000095717015
2569.115300744205	0.0010000000093825436
2572.206895570612	0.001000000009197124
2575.2984903970187	0.0010000000090153688
2578.3900852234256	0.0010000000088372053
2581.481680049833	0.0010000000086625627
2584.5732748762393	0.0010000000084913715
2587.6648697026467	0.0010000000083235632
2590.7564645290536	0.0010000000081590713
2593.848059355461	0.0010000000079978303
2596.9396541818674	0.0010000000078397755
2600.0312490082747	0.0010000000076848443
2603.1228438346816	0.001000000007532975
2606.214438661088	0.0010000000073841066
2609.3060334874954	0.0010000000072381806
2612.3976283139027	0.0010000000070951383
2615.48922314031	0.0010000000069549226
2618.580817966716	0.0010000000068174782
2621.672412793124	0.0010000000066827499
2624.7640076195307	0.001000000006550684
2627.8556024459376	0.001000000006421228
2630.9471972723445	0.0010000000062943305
2634.0387920987514	0.0010000000061699409
2637.1303869251587	0.0010000000060480091
2640.221981751565	0.0010000000059284873
2643.3135765779725	0.0010000000058113271
2646.4051714043794	0.0010000000056964826
2649.4967662307868	0.0010000000055839077
2652.588361057193	0.0010000000054735574
2655.6799558836	0.0010000000053653878
2658.7715507100074	0.0010000000052593561
2661.8631455364143	0.0010000000051554197
2664.954740362821	0.0010000000050535373
2668.046335189228	0.0010000000049536681
2671.1379300156354	0.001000000004855773
2674.229524842042	0.0010000000047598121
2677.321119668449	0.0010000000046657478
2680.4127144948566	0.0010000000045735425
2683.5043093212635	0.001000000004483159
2686.5959041476704	0.001000000004394562
2689.6874989740772	0.0010000000043077157
2692.7790938004846	0.0010000000042225858
2695.8706886268915	0.0010000000041391385
2698.9622834532984	0.0010000000040573398
2702.0538782797053	0.001000000003977158
2705.145473106112	0.0010000000038985605
2708.237067932519	0.0010000000038215165
2711.328662758926	0.0010000000037459949
2714.4202575853333	0.001000000003671966
2717.51185241174	0.0010000000035993997
2720.603447238147	0.0010000000035282678
2723.695042064554	0.0010000000034585412
2726.786636890961	0.001000000003390193
2729.878231717368	0.0010000000033231953
2732.9698265437746	0.0010000000032575217
2736.061421370182	0.001000000003193146
2739.1530161965893	0.0010000000031300423
2742.2446110229957	0.0010000000030681857
2745.3362058494026	0.0010000000030075517
2748.42780067581	0.001000000002948116
2751.5193955022173	0.0010000000028898546
2754.6109903286238	0.0010000000028327447
2757.702585155031	0.0010000000027767634
2760.794179981438	0.0010000000027218885
2763.8857748078453	0.001000000002668098
2766.9773696342518	0.0010000000026153706
2770.068964460659	0.001000000002563685
2773.160559287066	0.001000000002513021
2776.2521541134724	0.001000000002463358
2779.34374893988	0.001000000002414677
2782.4353437662867	0.0010000000023669576
2785.526938592694	0.0010000000023201814
2788.6185334191005	0.0010000000022743294
2791.710128245508	0.0010000000022293836
2794.8017230719147	0.0010000000021853262
2797.8933178983216	0.0010000000021421394
2800.9849127247285	0.0010000000020998058
2804.0765075511354	0.001000000002058309
2807.168102377543	0.0010000000020176326
2810.259697203949	0.0010000000019777596
2813.351292030357	0.0010000000019386747
2816.442886856764	0.0010000000019003623
2819.5344816831707	0.001000000001862807
2822.6260765095776	0.0010000000018259938
2825.7176713359845	0.001000000001789908
2828.809266162392	0.0010000000017545356
2831.9008609887987	0.0010000000017198621
2834.9924558152056	0.001000000001685874
2838.0840506416125	0.0010000000016525572
2841.17564546802	0.0010000000016198991
2844.2672402944263	0.0010000000015878863
2847.358835120833	0.0010000000015565062
2850.4504299472405	0.0010000000015257461
2853.5420247736474	0.001000000001495594
2856.6336196000543	0.001000000001466038
2859.725214426461	0.0010000000014370658
2862.8168092528686	0.0010000000014086664
2865.908404079276	0.001000000001380828
2868.9999989056823	0.0010000000013535397
2872.091593732089	0.0010000000013267907
2875.1831885584966	0.0010000000013005706
2878.274783384903	0.0010000000012748685
2881.3663782113103	0.0010000000012496742
2884.4579730377177	0.0010000000012249778
2887.5495678641246	0.0010000000012007698
2890.6411626905315	0.0010000000011770398
2893.7327575169384	0.001000000001153779
2896.8243523433453	0.0010000000011309777
2899.9159471697526	0.0010000000011086269
2903.007541996159	0.001000000001086718
2906.0991368225664	0.001000000001065242
2909.1907316489733	0.0010000000010441908
2912.28232647538	0.0010000000010235552
2915.373921301787	0.0010000000010033274
2918.465516128194	0.0010000000009834995
2921.5571109546013	0.0010000000009640635
2924.6487057810077	0.0010000000009450115
2927.740300607415	0.0010000000009263359
2930.831895433822	0.0010000000009080295
2933.9234902602298	0.001000000000890085
2937.0150850866357	0.0010000000008724948
2940.106679913043	0.0010000000008552523
2943.1982747394504	0.0010000000008383507
2946.2898695658564	0.0010000000008217832
2949.381464392264	0.0010000000008055427
2952.473059218671	0.0010000000007896236
2955.5646540450784	0.0010000000007740189
2958.656248871485	0.0010000000007587225
2961.747843697892	0.0010000000007437285
2964.839438524299	0.0010000000007290308
2967.931033350706	0.0010000000007146235
2971.022628177113	0.001000000000700501
2974.11422300352	0.0010000000006866576
2977.205817829927	0.001000000000673088
2980.2974126563336	0.001000000000659786
2983.389007482741	0.0010000000006467472
2986.480602309148	0.001000000000633966
2989.5721971355547	0.0010000000006214376
2992.6637919619616	0.0010000000006091566
2995.7553867883685	0.0010000000005971183
2998.846981614776	0.0010000000005853178
3001.9385764411822	0.001000000000573751
3005.0301712675896	0.0010000000005624121
3008.121766093997	0.0010000000005512977
3011.213360920404	0.0010000000005404028
3014.3049557468103	0.0010000000005297232
3017.3965505732176	0.0010000000005192546
3020.488145399625	0.001000000000508993
3023.579740226032	0.0010000000004989342
3026.6713350524387	0.0010000000004890743
3029.7629298788456	0.0010000000004794093
3032.854524705253	0.001000000000469935
3035.9461195316594	0.001000000000460648
3039.0377143580663	0.0010000000004515446
3042.1293091844736	0.001000000000442621
3045.2209040108805	0.0010000000004338739
3048.3124988372874	0.0010000000004252996
3051.4040936636943	0.0010000000004168948
3054.4956884901017	0.001000000000408656
3057.5872833165085	0.00100000000040058
3060.6788781429154	0.0010000000003926638
3063.7704729693223	0.001000000000384904
3066.862067795729	0.0010000000003772974
3069.953662622136	0.0010000000003698411
3073.045257448543	0.0010000000003625323
3076.136852274951	0.0010000000003553677
3079.2284471013577	0.0010000000003483449
3082.3200419277646	0.0010000000003414608
3085.4116367541715	0.0010000000003347127
3088.5032315805784	0.0010000000003280982
3091.5948264069857	0.0010000000003216143
3094.686421233392	0.0010000000003152585
