0.0	0.0011618342427282833
3.0977780160597996	0.0011583853524438157
6.195556032119599	0.0011550148728702195
9.293334048179398	0.0011517208218548185
12.391112064239199	0.0011485012753671728
15.488890080298997	0.0011453543654799273
18.586668096358796	0.0011422782784319707
21.6844461124186	0.0011392712527700632
24.782224128478397	0.0011363315775652972
27.880002144538192	0.0011334575907009368
30.977780160597995	0.0011306476772283663
34.07555817665779	0.0011279002677880413
37.17333619271759	0.001125213837092499
40.27111420877739	0.0011225869024686285
43.3688922248372	0.001120018022456548
46.46667024089699	0.0011175057954625667
49.564448256956794	0.0011150488584638345
52.66222627301659	0.0011126458857624037
55.760004289076385	0.0011102955877865378
58.85778230513619	0.0011079967099372077
61.95556032119599	0.0011057480314778214
65.05333833725578	0.001103548364465321
68.15111635331559	0.0011013965527208764
71.24889436937539	0.0010992914708384874
74.34667238543518	0.0010972320232298903
77.44445040149499	0.0010952171432042357
80.54222841755478	0.0010932457920810835
83.64000643361459	0.0010913169583353192
86.7377844496744	0.001089429656772681
89.83556246573417	0.0010875829277346171
92.93334048179398	0.0010857758363312898
96.03111849785378	0.0010840074717015597
99.12889651391359	0.0010822769462988683
102.22667452997338	0.001080583395201969
105.32445254603319	0.0010789259754495025
108.42223056209299	0.0010773038653974776
111.52000857815277	0.0010757162640987342
114.61778659421257	0.001074162390703527
117.71556461027238	0.001072641483880398
120.81334262633217	0.0010711528012565421
123.91112064239198	0.0010696956188769116
127.00889865845178	0.0010682692306813303
130.10667667451156	0.001066872947998924
133.20445469057137	0.001065506099059208
136.30223270663117	0.0010641680285191938
139.40001072269098	0.0010628580970059064
142.49778873875078	0.0010615756806737332
145.5955667548106	0.0010603201707760485
148.69334477087037	0.0010590909732505805
151.79112278693017	0.0010578875083180053
154.88890080298998	0.0010567092100932894
157.98667881904979	0.0010555555262093013
161.08445683510956	0.0010544259174522523
164.18223485116937	0.0010533198574085264
167.28001286722917	0.0010522368321224996
170.37779088328898	0.001051176339764941
173.4755688993488	0.001050137890311622
176.5733469154086	0.0010491210052317695
179.67112493146834	0.0010481252171860138
182.76890294752815	0.0010471500697334926
185.86668096358795	0.001046195117047796
188.96445897964776	0.0010452599236414357
192.06223699570756	0.0010443440640985492
195.16001501176737	0.0010434471228155486
198.25779302782718	0.0010425686937494446
201.35557104388698	0.0010417083801735774
204.45334905994676	0.0010408657944405107
207.55112707600657	0.0010400405577518344
210.64890509206637	0.0010392322999346532
213.74668310812618	0.001038440659224531
216.84446112418598	0.0010376652820546747
219.94223914024576	0.0010369058228511536
223.04001715630554	0.001036161943833953
226.13779517236534	0.0010354333148236662
229.23557318842515	0.0010347196130536473
232.33335120448496	0.001034020522987441
235.43112922054476	0.0010333357361413176
238.52890723660454	0.001032664950911754
241.62668525266434	0.0010320078724076964
244.72446326872415	0.001031364212287453
247.82224128478396	0.0010307336886000698
250.92001930084376	0.0010301160256310483
254.01779731690357	0.001029510953752266
257.1155753329634	0.001028918209275969
260.2133533490231	0.0010283375343127104
263.31113136508293	0.0010277686766331084
266.40890938114273	0.0010272113895333102
269.50668739720254	0.0010266654317040466
272.60446541326235	0.001026130567103162
275.70224342932215	0.0010256065648315224
278.80002144538196	0.0010250931990121905
281.89779946144176	0.001024590248672777
284.99557747750157	0.0010240974976308635
288.0933554935614	0.0010236147343824136
291.1911335096212	0.0010231417519930774
294.288911525681	0.0010226783479923077
297.38668954174074	0.0010222243242701972
300.48446755780054	0.0010217794869769694
303.58224557386035	0.001021343646425032
306.68002358992015	0.0010209166169935263
309.77780160597996	0.0010204982170352976
312.87557962203977	0.001020088268786219
315.97335763809957	0.0010196865982767948
319.0711356541594	0.001019293035245985
322.1689136702191	0.0010189074130571853
325.26669168627893	0.001018529568616299
328.36446970233874	0.0010181593422918442
331.46224771839854	0.0010177965778370383
334.56002573445835	0.0010174411223138047
337.65780375051816	0.0010170928260186487
340.75558176657796	0.0010167515424103456
343.85335978263777	0.0010164171280394006
346.9511377986976	0.0010160894424792216
350.0489158147574	0.0010157683482589633
353.1466938308172	0.0010154537107979983
356.244471846877	0.0010151453983419628
359.3422498629367	0.0010148432819003473
362.4400278789965	0.0010145472351855763
365.5378058950563	0.001014257134553547
368.6355839111161	0.0010139728589455862
371.7333619271759	0.001013694289831781
374.8311399432357	0.0010134213111556577
377.9289179592955	0.001013153809280161
381.0266959753553	0.0010128916729349132
384.12447399141513	0.001012634793164704
387.22225200747494	0.0010123830632791924
390.32003002353474	0.0010121363788037803
393.41780803959455	0.0010118946374316335
396.51558605565435	0.0010116577389768138
399.61336407171416	0.0010114255853284997
402.71114208777396	0.0010111980804062646
405.8089201038337	0.0010109751301163857
408.9066981198935	0.0010107566423091568
412.0044761359533	0.0010105425267371835
415.10225415201313	0.0010103326950146284
418.20003216807294	0.0010101270605773892
421.29781018413274	0.0010099255386441842
424.39558820019255	0.0010097280461785192
427.49336621625235	0.0010095345018515205
430.59114423231216	0.0010093448260056039
433.68892224837197	0.0010091589406189675
436.7867002644317	0.0010089767692708813
439.8844782804915	0.0010087982371077581
442.98225629655127	0.001008623270809985
446.0800343126111	0.0010084517985594946
449.1778123286709	0.0010082837500080635
452.2755903447307	0.001008119056246315
455.3733683607905	0.0010079576497734107
458.4711463768503	0.0010077994644674161
461.5689243929101	0.001007644435556322
464.6667024089699	0.0010074924995897025
467.7644804250297	0.0010073435944110067
470.8622584410895	0.0010071976591304514
473.96003645714933	0.0010070546340985149
477.0578144732091	0.00100691446088001
480.15559248926894	0.0010067770822287274
483.2533705053287	0.0010066424420626288
486.35114852138855	0.0010065104854395858
489.4489265374483	0.0010063811585336456
492.54670455350816	0.0010062544086118104
495.6444825695679	0.001006130184011326
498.7422605856278	0.0010060084341174578
501.8400386016875	0.0010058891093417503
504.9378166177474	0.0010057721611007565
508.03559463380714	0.0010056575417952231
511.133372649867	0.0010055452047897295
514.2311506659267	0.001005435104392759
517.3289286819864	0.0010053271958372003
520.4267066980462	0.0010052214352612695
523.524484714106	0.0010051177796898355
526.6222627301659	0.0010050161870161494
529.7200407462257	0.0010049166159839616
532.8178187622855	0.00100481902617002
535.9155967783453	0.0010047233779669426
539.0133747944051	0.0010046296325664525
542.1111528104649	0.0010045377519429706
545.2089308265247	0.001004447698837554
548.3067088425845	0.0010043594367421778
551.4044868586443	0.001004272929884347
554.502264874704	0.0010041881432120352
557.6000428907639	0.0010041050423789382
560.6978209068236	0.0010040235937300434
563.7955989228835	0.0010039437642874985
566.8933769389432	0.0010038655217367806
569.9911549550031	0.0010037888344131534
573.0889329710628	0.0010037136712884105
576.1867109871228	0.0010036400019578966
579.2844890031824	0.0010035677966277981
582.3822670192424	0.0010034970261027032
585.480045035302	0.0010034276617734194
588.577823051362	0.0010033596756050455
591.6756010674217	0.001003293040125295
594.7733790834815	0.001003227728413058
597.8711570995412	0.001003163714087207
600.9689351156011	0.0010031009712956306
604.0667131316608	0.0010030394747044976
607.1644911477207	0.001002979199487744
610.2622691637804	0.0010029201213167765
613.3600471798403	0.0010028622163503918
616.4578251959	0.0010028054612249014
619.5556032119599	0.0010027498330444648
622.6533812280197	0.0010026953093716182
625.7511592440795	0.0010026418682180021
628.8489372601393	0.001002589488035279
631.9467152761991	0.0010025381477062386
635.0444932922587	0.0010024878265360848
638.1422713083188	0.0010024385042439062
641.2400493243783	0.0010023901609543169
644.3378273404383	0.0010023427771892728
647.435605356498	0.001002296333860055
650.5333833725579	0.0010022508122594178
653.6311613886176	0.0010022061940538965
656.7289394046775	0.001002162461276276
659.8267174207372	0.0010021195963182117
662.9244954367971	0.0010020775819229995
666.0222734528568	0.0010020364011784984
669.1200514689167	0.0010019960375101948
672.2178294849764	0.0010019564746744079
675.3156075010363	0.0010019176967516368
678.413385517096	0.0010018796881400408
681.5111635331559	0.0010018424335490545
684.6089415492156	0.001001805917993131
687.7067195652755	0.0010017701267856145
690.8044975813352	0.0010017350455327372
693.9022755973951	0.001001700660127739
697.0000536134548	0.001001666956745104
700.0978316295148	0.0010016339218349188
703.1956096455745	0.001001601542117341
706.2933876616344	0.0010015698045771836
709.3911656776941	0.001001538696458607
712.488943693754	0.0010015082052599194
715.5867217098137	0.001001478318728483
718.6844997258734	0.0010014490248557236
721.7822777419333	0.0010014203118722412
724.880055757993	0.0010013921682430192
727.9778337740528	0.00100136458266273
731.0756117901126	0.001001337544051139
734.1733898061724	0.001001311041548596
737.2711678222322	0.0010012850645116235
740.368945838292	0.0010012596025085897
743.4667238543518	0.0010012346453154722
746.5645018704116	0.001001210182911705
749.6622798864714	0.0010011862054761112
752.7600579025312	0.0010011627033829147
755.857835918591	0.0010011396671978372
758.9556139346508	0.0010011170876742695
762.0533919507106	0.0010010949557495222
765.1511699667705	0.001001073262541151
768.2489479828303	0.0010010519993433574
771.3467259988901	0.0010010311576234604
774.4445040149499	0.0010010107290184397
777.5422820310097	0.0010009907053315492
780.6400600470695	0.0010009710785289973
783.7378380631293	0.0010009518407366955
786.8356160791891	0.001000932984237071
789.9333940952489	0.001000914501465944
793.0311721113087	0.0010008963850094684
796.1289501273683	0.0010008786276011325
799.2267281434283	0.0010008612221188218
802.3245061594879	0.0010008441615819378
805.4222841755479	0.0010008274391485788
808.5200621916075	0.0010008110481127739
811.6178402076674	0.0010007949819017732
814.7156182237271	0.0010007792340733946
817.813396239787	0.0010007637983134188
820.9111742558467	0.001000748668433044
824.0089522719067	0.0010007338383663834
827.1067302879663	0.0010007193021680197
830.2045083040263	0.0010007050540106026
833.302286320086	0.0010006910881825012
836.4000643361459	0.001000677399085497
839.4978423522056	0.0010006639812325264
842.5956203682655	0.001000650829245469
845.6933983843252	0.0010006379378529773
848.7911764003851	0.0010006253018883524
851.8889544164448	0.001000612916287461
854.9867324325047	0.001000600776086694
858.0845104485644	0.0010005888764209674
861.1822884646243	0.001000577212521761
864.280066480684	0.0010005657797151977
867.3778444967439	0.00100055457342016
870.4756225128036	0.0010005435891464467
873.5734005288634	0.001000532822492963
876.6711785449232	0.0010005222691459492
879.768956560983	0.001000511924877244
882.8667345770428	0.0010005017855425815
885.9645125931025	0.0010004918470799254
889.0622906091625	0.0010004821055078314
892.1600686252222	0.0010004725569238474
895.2578466412821	0.0010004631975029424
898.3556246573418	0.001000454023495967
901.4534026734016	0.0010004450312281466
904.5511806894614	0.0010004362170976029
907.6489587055212	0.001000427577573905
910.746736721581	0.0010004191091966496
913.8445147376408	0.0010004108085740699
916.9422927537006	0.0010004026723816728
920.0400707697604	0.0010003946973609003
923.1378487858202	0.0010003868803178221
926.23562680188	0.0010003792181218505
929.3334048179398	0.0010003717077044822
932.4311828339996	0.0010003643460580653
935.5289608500594	0.001000357130234592
938.6267388661192	0.0010003500573445123
941.724516882179	0.0010003431245555743
944.8222948982389	0.0010003363290916859
947.9200729142987	0.0010003296682318003
951.0178509303585	0.0010003231393088227
954.1156289464182	0.0010003167397085388
957.2134069624778	0.0010003104668685665
960.3111849785379	0.0010003043182773245
963.4089629945976	0.0010002982914730258
966.5067410106574	0.0010002923840426896
969.6045190267171	0.0010002865936211702
972.7022970427771	0.0010002809178902105
975.8000750588368	0.0010002753545775094
978.8978530748966	0.0010002699014558104
981.9956310909563	0.001000264556342008
985.0934091070163	0.0010002593170962703
988.191187123076	0.0010002541816211833
991.2889651391358	0.0010002491478609049
994.3867431551955	0.0010002442138003441
997.4845211712556	0.0010002393774643497
1000.5822991873152	0.0010002346369169198
1003.680077203375	0.001000229990260423
1006.7778552194347	0.0010002254356348396
1009.8756332354948	0.001000220971217014
1012.9734112515545	0.0010002165952199234
1016.0711892676143	0.0010002123058919614
1019.168967283674	0.0010002081015162358
1022.266745299734	0.0010002039804098797
1025.3645233157936	0.0010001999409233757
1028.4623013318535	0.0010001959814398974
1031.5600793479132	0.001000192100374657
1034.6578573639729	0.001000188296174273
1037.7556353800328	0.0010001845673161462
1040.8534133960925	0.0010001809123078493
1043.9511914121524	0.0010001773296865286
1047.048969428212	0.0010001738180183178
1050.146747444272	0.001000170375897762
1053.2445254603317	0.001000167001947257
1056.3423034763916	0.0010001636948164944
1059.4400814924513	0.001000160453181921
1062.5378595085112	0.0010001572757462097
1065.635637524571	0.0010001541612377376
1068.7334155406309	0.0010001511084100781
1071.8311935566906	0.0010001481160414997
1074.9289715727505	0.0010001451829344781
1078.0267495888102	0.0010001423079152151
1081.12452760487	0.0010001394898331688
1084.2223056209298	0.0010001367275605918
1087.3200836369897	0.0010001340199920807
1090.4178616530494	0.001000131366044132
1093.5156396691093	0.0010001287646547086
1096.613417685169	0.0010001262147828135
1099.711195701229	0.0010001237154080743
1102.8089737172886	0.0010001212655303326
1105.9067517333485	0.001000118864169245
1109.004529749408	0.001000116510363888
1112.102307765468	0.0010001142031723766
1115.2000857815278	0.0010001119416714838
1118.2978637975875	0.0010001097249562716
1121.3956418136472	0.00100010755213973
1124.4934198297071	0.00100010542235242
1127.591197845767	0.001000103334742126
1130.6889758618267	0.0010001012884735146
1133.7867538778864	0.0010000992827278
1136.8845318939464	0.001000097316702415
1139.9823099100063	0.0010000953896106923
1143.080087926066	0.0010000935006815458
1146.1778659421257	0.0010000916491591653
1149.2756439581856	0.0010000898343027105
1152.3734219742455	0.0010000880553860181
1155.4711999903052	0.001000086311697307
1158.568978006365	0.0010000846025388962
1161.6667560224248	0.0010000829272269242
1164.7645340384847	0.0010000812850910756
1167.8623120545444	0.0010000796754743122
1170.960090070604	0.0010000780977326106
1174.057868086664	0.0010000765512347034
1177.155646102724	0.0010000750353618274
1180.2534241187836	0.0010000735495074753
1183.3512021348433	0.0010000720930771535
1186.4489801509033	0.0010000706654881425
1189.546758166963	0.0010000692661692656
1192.6445361830226	0.0010000678945606592
1195.7423141990823	0.0010000665501135484
1198.8400922151425	0.0010000652322900284
1201.9378702312022	0.0010000639405628477
1205.0356482472619	0.001000062674415198
1208.1334262633216	0.0010000614333405076
1211.2312042793817	0.0010000602168422372
1214.3289822954414	0.0010000590244336825
1217.426760311501	0.001000057855637779
1220.5245383275608	0.0010000567099869107
1223.622316343621	0.0010000555870227235
1226.7200943596806	0.0010000544862959406
1229.8178723757403	0.001000053407366184
1232.9156503918	0.001000052349801798
1236.01342840786	0.001000051313179675
1239.1112064239198	0.0010000502970850885
1242.2089844399795	0.0010000493011115242
1245.3067624560395	0.001000048324860521
1248.4045404720991	0.0010000473679415076
1251.502318488159	0.0010000464299716487
1254.6000965042188	0.0010000455105756913
1257.6978745202787	0.001000044609385814
1260.7956525363384	0.0010000437260414801
1263.8934305523983	0.001000042860189293
1266.9912085684578	0.0010000420114828555
1270.0889865845174	0.0010000411795826306
1273.1867646005776	0.0010000403641558051
1276.2845426166375	0.0010000395648761583
1279.382320632697	0.0010000387814239284
1282.4800986487567	0.0010000380134856882
1285.5778766648168	0.0010000372607542158
1288.6756546808765	0.0010000365229283757
1291.7734326969362	0.0010000357997129938
1294.871210712996	0.0010000350908187436
1297.968988729056	0.0010000343959620283
1301.0667667451157	0.0010000337148648659
1304.1645447611754	0.001000033047254781
1307.262322777235	0.0010000323928646944
1310.3601007932953	0.0010000317514328152
1313.457878809355	0.0010000311227025371
1316.5556568254146	0.0010000305064223366
1319.6534348414743	0.0010000299023456703
1322.7512128575343	0.0010000293102308776
1325.8489908735942	0.0010000287298410832
1328.9467688896539	0.001000028160944104
1332.0445469057136	0.001000027603312354
1335.1423249217735	0.0010000270567227536
1338.2401029378334	0.0010000265209566428
1341.337880953893	0.0010000259957996904
1344.4356589699528	0.00100002548104181
1347.5334369860127	0.0010000249764770756
1350.6312150020726	0.0010000244819036394
1353.7289930181323	0.0010000239971236508
1356.826771034192	0.001000023521943177
1359.924549050252	0.0010000230561721265
1363.0223270663118	0.0010000225996241712
1366.1201050823715	0.0010000221521166731
1369.2178830984312	0.001000021713470612
1372.3156611144911	0.001000021283510511
1375.413439130551	0.0010000208620643703
1378.5112171466108	0.0010000204489635945
1381.6089951626705	0.0010000200440429276
1384.7067731787304	0.0010000196471403866
1387.8045511947903	0.001000019258097195
1390.90232921085	0.001000018876757722
1394.0001072269097	0.0010000185029694173
1397.0978852429696	0.0010000181365827526
1400.1956632590295	0.0010000177774511603
1403.2934412750892	0.0010000174254309751
1406.391219291149	0.0010000170803813769
1409.4889973072086	0.0010000167421643337
1412.5867753232687	0.0010000164106445482
1415.6845533393284	0.0010000160856894007
1418.7823313553881	0.0010000157671688987
1421.8801093714478	0.0010000154549556237
1424.977887387508	0.0010000151489246805
1428.0756654035677	0.0010000148489536468
1431.1734434196273	0.0010000145549225248
1434.271221435687	0.0010000142667136928
1437.3689994517467	0.001000013984211859
1440.4667774678069	0.0010000137073040134
1443.5645554838666	0.0010000134358793852
1446.6623334999263	0.0010000131698293963
1449.760111515986	0.0010000129090476189
1452.857889532046	0.0010000126534297322
1455.9556675481056	0.0010000124028734824
1459.0534455641655	0.00100001215727864
1462.1512235802252	0.0010000119165469595
1465.249001596285	0.001000011680582142
1468.3467796123448	0.0010000114492897951
1471.4445576284047	0.0010000112225773954
1474.5423356444644	0.0010000110003542517
1477.6401136605243	0.001000010782531469
1480.737891676584	0.0010000105690219127
1483.8356696926437	0.001000010359740173
1486.9334477087036	0.0010000101546025317
1490.0312257247635	0.001000009953526929
1493.1290037408232	0.001000009756432929
1496.226781756883	0.0010000095632416895
1499.3245597729428	0.001000009373875929
1502.4223377890028	0.0010000091882598964
1505.5201158050625	0.0010000090063193412
1508.6178938211222	0.0010000088279814826
1511.715671837182	0.0010000086531749808
1514.8134498532418	0.0010000084818299095
1517.9112278693017	0.0010000083138777263
1521.0090058853614	0.0010000081492512467
1524.1067839014213	0.0010000079878846157
1527.204561917481	0.0010000078297132838
1530.302339933541	0.0010000076746739782
1533.4001179496006	0.0010000075227046797
1536.4978959656605	0.0010000073737445978
1539.5956739817202	0.001000007227734144
1542.6934519977801	0.0010000070846149123
1545.7912300138398	0.0010000069443296506
1548.8890080298997	0.0010000068068222426
1551.9867860459594	0.0010000066720376821
1555.0845640620194	0.001000006539922052
1558.182342078079	0.0010000064104225043
1561.280120094139	0.0010000062834872349
1564.3778981101987	0.0010000061590654684
1567.4756761262586	0.0010000060371074327
1570.5734541423183	0.0010000059175643426
1573.6712321583782	0.0010000058003883777
1576.7690101744379	0.0010000056855326662
1579.8667881904978	0.0010000055729512628
1582.9645662065575	0.0010000054625991326
1586.0623442226174	0.001000005354432133
1589.160122238677	0.001000005248406995
1592.2579002547366	0.001000005144481306
1595.3556782707967	0.0010000050426134943
1598.4534562868566	0.0010000049427628104
1601.5512343029163	0.001000004844889312
1604.6490123189758	0.0010000047489538482
1607.746790335036	0.0010000046549180428
1610.8445683510959	0.0010000045627442794
1613.9423463671553	0.0010000044723956875
1617.040124383215	0.001000004383836125
1620.1379023992752	0.0010000042970301673
1623.2356804153349	0.0010000042119430901
1626.3334584313945	0.0010000041285408569
1629.4312364474542	0.001000004046790105
1632.5290144635144	0.0010000039666581333
1635.626792479574	0.001000003888112887
1638.7245704956338	0.0010000038111229468
1641.8223485116935	0.0010000037356575151
1644.9201265277534	0.001000003661686405
1648.0179045438133	0.0010000035891800261
1651.115682559873	0.0010000035181093748
1654.2134605759327	0.0010000034484460216
1657.3112385919926	0.0010000033801621001
1660.4090166080525	0.0010000033132302952
1663.5067946241122	0.0010000032476238333
1666.604572640172	0.0010000031833164703
1669.7023506562316	0.0010000031202824825
1672.8001286722917	0.0010000030584966552
1675.8979066883514	0.0010000029979342728
1678.9956847044111	0.0010000029385711098
1682.0934627204708	0.0010000028803834194
1685.191240736531	0.001000002823347926
1688.2890187525907	0.0010000027674418137
1691.3867967686504	0.00100000271264272
1694.48457478471	0.001000002658928724
1697.5823528007702	0.0010000026062783392
1700.68013081683	0.0010000025546705042
1703.7779088328896	0.0010000025040845758
1706.8756868489493	0.0010000024545003179
1709.9734648650094	0.001000002405897897
1713.071242881069	0.0010000023582578705
1716.1690208971288	0.001000002311561182
1719.2667989131885	0.0010000022657891518
1722.3645769292486	0.001000002220923471
1725.4623549453083	0.0010000021769461917
1728.560132961368	0.0010000021338397232
1731.6579109774277	0.0010000020915868215
1734.7556889934879	0.0010000020501705852
1737.8534670095476	0.0010000020095744465
1740.9512450256072	0.0010000019697821677
1744.049023041667	0.0010000019307778297
1747.1468010577269	0.0010000018925458308
1750.2445790737868	0.0010000018550708777
1753.3423570898465	0.00100000181833798
1756.4401351059062	0.0010000017823324433
1759.537913121966	0.0010000017470398654
1762.635691138026	0.001000001712446129
1765.7334691540857	0.0010000016785373953
1768.8312471701454	0.0010000016453001004
1771.929025186205	0.0010000016127209494
1775.0268032022652	0.0010000015807869096
1778.124581218325	0.0010000015494852077
1781.2223592343844	0.0010000015188033216
1784.3201372504443	0.0010000014887289784
1787.4179152665045	0.001000001459250148
1790.5156932825641	0.0010000014303550382
1793.6134712986236	0.0010000014020320911
1796.7112493146835	0.0010000013742699765
1799.8090273307437	0.0010000013470575894
1802.9068053468031	0.0010000013203840445
1806.0045833628628	0.0010000012942386718
1809.1023613789228	0.0010000012686110127
1812.2001393949827	0.001000001243490816
1815.2979174110424	0.001000001218868033
1818.395695427102	0.0010000011947328144
1821.493473443162	0.001000001171075506
1824.5912514592217	0.001000001147886644
1827.6890294752816	0.0010000011251569527
1830.7868074913413	0.0010000011028773398
1833.8845855074012	0.0010000010810388936
1836.982363523461	0.0010000010596328782
1840.0801415395208	0.0010000010386507303
1843.1779195555805	0.0010000010180840576
1846.2756975716404	0.0010000009979246325
1849.3734755877	0.001000000978164391
1852.47125360376	0.0010000009587954291
1855.5690316198197	0.0010000009398099985
1858.6668096358796	0.0010000009212005052
1861.7645876519393	0.001000000902959505
1864.8623656679993	0.001000000885079701
1867.960143684059	0.001000000867553941
1871.0579217001189	0.0010000008503752147
1874.1556997161786	0.00100000083353665
1877.2534777322385	0.0010000008170315121
1880.3512557482982	0.0010000008008531974
1883.449033764358	0.0010000007849952355
1886.5468117804178	0.0010000007694512824
1889.6445897964777	0.0010000007542151203
1892.7423678125374	0.001000000739280655
1895.8401458285973	0.0010000007246419118
1898.937923844657	0.0010000007102930356
1902.035701860717	0.0010000006962282862
1905.1334798767766	0.0010000006824420378
1908.2312578928363	0.0010000006689287752
1911.3290359088962	0.0010000006556830938
1914.4268139249557	0.0010000006426996947
1917.5245919410156	0.001000000629973384
1920.6223699570758	0.0010000006174990714
1923.7201479731352	0.0010000006052717668
1926.8179259891951	0.0010000005932865792
1929.915704005255	0.0010000005815387143
1933.0134820213148	0.001000000570023473
1936.1112600373747	0.001000000558736249
1939.2090380534341	0.001000000547672527
1942.306816069494	0.0010000005368278812
1945.4045940855542	0.0010000005261979743
1948.5023721016137	0.0010000005157785536
1951.6001501176736	0.0010000005055654513
1954.6979281337335	0.001000000495554582
1957.7957061497932	0.0010000004857419417
1960.8934841658531	0.0010000004761236045
1963.9912621819126	0.0010000004666957233
1967.0890401979725	0.0010000004574545268
1970.1868182140327	0.0010000004483963181
1973.2845962300921	0.001000000439517474
1976.382374246152	0.0010000004308144432
1979.480152262212	0.0010000004222837438
1982.5779302782717	0.0010000004139219638
1985.6757082943316	0.0010000004057257581
1988.773486310391	0.0010000003976918482
1991.871264326451	0.0010000003898170205
1994.969042342511	0.0010000003820981246
1998.0668203585706	0.0010000003745320736
2001.1645983746305	0.0010000003671158401
2004.26237639069	0.0010000003598464582
2007.36015440675	0.0010000003527210197
2010.45793242281	0.0010000003457366743
2013.5557104388695	0.0010000003388906285
2016.6534884549294	0.0010000003321801434
2019.7512664709895	0.0010000003256025348
2022.849044487049	0.0010000003191551715
2025.946822503109	0.0010000003128354746
2029.0446005191684	0.0010000003066409165
2032.1423785352285	0.0010000003005690183
2035.2401565512885	0.001000000294617352
2038.337934567348	0.0010000002887835368
2041.4357125834074	0.001000000283065239
2044.533490599468	0.001000000277460171
2047.6312686155275	0.0010000002719660907
2050.729046631587	0.0010000002665808006
2053.826824647647	0.0010000002613021464
2056.924602663707	0.0010000002561280166
2060.0223806797662	0.0010000002510563413
2063.1201586958264	0.001000000246085092
2066.217936711886	0.0010000002412122804
2069.3157147279458	0.0010000002364359566
2072.413492744006	0.0010000002317542102
2075.5112707600656	0.0010000002271651689
2078.6090487761253	0.0010000002226669966
2081.706826792185	0.0010000002182578944
2084.8046048082447	0.001000000213936098
2087.902382824305	0.001000000209699879
2091.0001608403645	0.0010000002055475428
2094.097938856424	0.0010000002014774283
2097.1957168724844	0.0010000001974879076
2100.293494888544	0.0010000001935773846
2103.3912729046037	0.0010000001897442952
2106.4890509206634	0.001000000185987106
2109.586828936723	0.001000000182304314
2112.6846069527833	0.0010000001786944466
2115.782384968843	0.0010000001751560592
2118.8801629849027	0.0010000001716877367
2121.977941000963	0.0010000001682880914
2125.0757190170225	0.0010000001649557635
2128.173497033082	0.0010000001616894203
2131.271275049142	0.001000000158487755
2134.3690530652016	0.001000000155349487
2137.4668310812617	0.0010000001522733608
2140.5646090973214	0.001000000149258146
2143.662387113381	0.0010000001463026365
2146.760165129441	0.0010000001434056498
2149.857943145501	0.0010000001405660278
2152.9557211615606	0.0010000001377826336
2156.0534991776203	0.0010000001350543547
2159.15127719368	0.0010000001323800989
2162.24905520974	0.0010000001297587973
2165.3468332258	0.0010000001271894007
2168.4446112418595	0.0010000001246708817
2171.5423892579192	0.0010000001222022325
2174.6401672739794	0.0010000001197824659
2177.737945290039	0.0010000001174106145
2180.8357233060988	0.0010000001150857283
2183.9335013221585	0.001000000112806878
2187.0312793382186	0.001000000110573152
2190.1290573542783	0.0010000001083836569
2193.226835370338	0.0010000001062375164
2196.3246133863977	0.0010000001041338726
2199.422391402458	0.0010000001020718837
2202.5201694185175	0.0010000001000507249
2205.617947434577	0.0010000000980695876
2208.7157254506365	0.0010000000961276796
2211.813503466697	0.001000000094224224
2214.9112814827567	0.0010000000923584594
2218.009059498816	0.0010000000905296391
2221.106837514876	0.0010000000887370323
2224.204615530936	0.0010000000869799211
2227.3023935469955	0.0010000000852576033
2230.4001715630557	0.0010000000835693895
2233.497949579115	0.0010000000819146047
2236.595727595175	0.0010000000802925868
2239.693505611235	0.0010000000787026867
2242.7912836272944	0.0010000000771442693
2245.8890616433546	0.0010000000756167102
2248.9868396594143	0.001000000074119399
2252.084617675474	0.0010000000726517366
2255.182395691534	0.0010000000712131357
2258.2801737075933	0.001000000069803021
2261.3779517236535	0.0010000000684208285
2264.4757297397136	0.0010000000670660053
2267.573507755773	0.0010000000657380095
2270.671285771833	0.0010000000644363096
2273.7690637878927	0.0010000000631603851
2276.8668418039524	0.0010000000619097258
2279.9646198200126	0.0010000000606838308
2283.062397836072	0.0010000000594822104
2286.160175852132	0.0010000000583043837
2289.257953868192	0.0010000000571498797
2292.3557318842513	0.0010000000560182363
2295.4535099003115	0.0010000000549090008
2298.551287916371	0.0010000000538217299
2301.649065932431	0.0010000000527559878
2304.746843948491	0.0010000000517113494
2307.8446219645502	0.0010000000506873961
2310.9423999806104	0.0010000000496837183
2314.04017799667	0.0010000000486999148
2317.13795601273	0.001000000047735592
2320.23573402879	0.0010000000467903637
2323.3335120448496	0.0010000000458638525
2326.4312900609093	0.0010000000449556874
2329.5290680769695	0.0010000000440655052
2332.6268460930287	0.0010000000431929495
2335.724624109089	0.0010000000423376718
2338.8224021251485	0.0010000000414993298
2341.920180141208	0.001000000040677588
2345.0179581572684	0.0010000000398721176
2348.115736173328	0.001000000039082597
2351.2135141893878	0.0010000000383087095
2354.311292205448	0.0010000000375501464
2357.409070221507	0.0010000000368066038
2360.5068482375673	0.0010000000360777838
2363.604626253627	0.001000000035363396
2366.7024042696867	0.0010000000346631539
2369.800182285747	0.0010000000339767774
2372.8979603018065	0.0010000000333039922
2375.9957383178657	0.0010000000326445288
2379.093516333926	0.0010000000319981238
2382.1912943499856	0.0010000000313645186
2385.2890723660453	0.0010000000307434594
2388.3868503821054	0.0010000000301346981
2391.4846283981647	0.0010000000295379912
2394.5824064142253	0.0010000000289530997
2397.680184430285	0.00100000002837979
2400.777962446344	0.0010000000278178325
2403.8757404624043	0.0010000000272670027
2406.973518478464	0.0010000000267270796
2410.0712964945237	0.001000000026197848
2413.169074510584	0.0010000000256790958
2416.266852526643	0.0010000000251706156
2419.3646305427033	0.001000000024672204
2422.4624085587634	0.0010000000241836618
2425.5601865748226	0.0010000000237047931
2428.657964590883	0.0010000000232354067
2431.7557426069425	0.001000000022775315
2434.853520623002	0.0010000000223243336
2437.9512986390623	0.001000000021882282
2441.0490766551216	0.0010000000214489839
2444.1468546711817	0.0010000000210242652
2447.244632687242	0.001000000020607957
2450.342410703301	0.001000000020199892
2453.4401887193612	0.0010000000197999076
2456.537966735421	0.001000000019407843
2459.6357447514806	0.0010000000190235419
2462.7335227675408	0.0010000000186468506
2465.8313007836	0.0010000000182776184
2468.92907879966	0.0010000000179156972
2472.02685681572	0.0010000000175609425
2475.1246348317795	0.0010000000172132126
2478.2224128478397	0.001000000016872368
2481.320190863899	0.001000000016538273
2484.417968879959	0.0010000000162107931
2487.5157468960188	0.001000000015889798
2490.613524912079	0.001000000015575159
2493.7113029281386	0.0010000000152667501
2496.8090809441983	0.001000000014964448
2499.906858960258	0.0010000000146681322
2503.004636976318	0.0010000000143776837
2506.1024149923774	0.0010000000140929866
2509.2001930084375	0.0010000000138139266
2512.297971024497	0.0010000000135403926
2515.3957490405573	0.001000000013272275
2518.493527056617	0.0010000000130094664
2521.5913050726767	0.0010000000127518617
2524.6890830887364	0.0010000000124993577
2527.7868611047966	0.001000000012251854
2530.884639120856	0.0010000000120092508
2533.9824171369155	0.0010000000117714519
2537.0801951529756	0.0010000000115383614
2540.177973169035	0.0010000000113098866
2543.2757511850955	0.0010000000110859358
2546.373529201155	0.0010000000108664195
2549.471307217215	0.0010000000106512499
2552.569085233275	0.001000000010440341
2555.6668632493343	0.0010000000102336085
2558.764641265394	0.0010000000100309693
2561.862419281454	0.0010000000098323429
2564.9601972975133	0.0010000000096376496
2568.057975313574	0.0010000000094468114
2571.1557533296336	0.0010000000092597518
2574.2535313456933	0.0010000000090763966
2577.351309361753	0.0010000000088966718
2580.4490873778127	0.001000000008720506
2583.5468653938724	0.0010000000085478283
2586.6446434099325	0.00100000000837857
2589.742421425992	0.0010000000082126632
2592.8401994420524	0.0010000000080500416
2595.937977458112	0.0010000000078906402
2599.0357554741718	0.001000000007734395
2602.1335334902315	0.0010000000075812436
2605.231311506291	0.001000000007431125
2608.329089522351	0.0010000000072839788
2611.426867538411	0.0010000000071397463
2614.52464555447	0.00100000000699837
2617.6224235705304	0.001000000006859793
2620.7202015865905	0.00100000000672396
2623.81797960265	0.0010000000065908167
2626.91575761871	0.0010000000064603097
2630.0135356347696	0.0010000000063323871
2633.1113136508293	0.0010000000062069974
2636.2090916668894	0.0010000000060840905
2639.3068696829487	0.0010000000059636174
2642.404647699009	0.0010000000058455298
2645.5024257150685	0.0010000000057297806
2648.6002037311287	0.0010000000056163234
2651.6979817471884	0.0010000000055051129
2654.795759763248	0.0010000000053961042
2657.8935377793077	0.001000000005289254
2660.991315795368	0.00100000000518452
2664.089093811427	0.0010000000050818597
2667.1868718274873	0.001000000004981232
2670.284649843547	0.001000000004882597
2673.382427859607	0.0010000000047859152
2676.480205875667	0.0010000000046911477
2679.5779838917265	0.0010000000045982567
2682.675761907786	0.0010000000045072052
2685.7735399238463	0.0010000000044179565
2688.8713179399056	0.001000000004330475
2691.9690959559653	0.001000000004244726
2695.0668739720254	0.0010000000041606746
2698.1646519880856	0.0010000000040782879
2701.2624300041452	0.0010000000039975324
2704.360208020205	0.0010000000039183758
2707.4579860362646	0.0010000000038407869
2710.555764052325	0.0010000000037647342
2713.653542068384	0.0010000000036901875
2716.7513200844437	0.0010000000036171168
2719.849098100504	0.0010000000035454933
2722.946876116564	0.0010000000034752876
2726.0446541326237	0.0010000000034064724
2729.1424321486834	0.0010000000033390198
2732.240210164743	0.0010000000032729026
2735.3379881808028	0.0010000000032080948
2738.4357661968625	0.0010000000031445703
2741.533544212922	0.0010000000030823037
2744.6313222289823	0.0010000000030212699
2747.7291002450424	0.001000000002961445
2750.826878261102	0.0010000000029028043
2753.9246562771614	0.001000000002845325
2757.0224342932215	0.0010000000027889837
2760.120212309281	0.0010000000027337581
2763.217990325341	0.001000000002679626
2766.3157683414006	0.0010000000026265659
2769.4135463574607	0.0010000000025745565
2772.511324373521	0.0010000000025235766
2775.6091023895806	0.0010000000024736066
2778.70688040564	0.0010000000024246258
2781.8046584217	0.0010000000023766152
2784.9024364377597	0.001000000002329555
2788.0002144538194	0.0010000000022834267
2791.097992469879	0.0010000000022382118
2794.195770485939	0.0010000000021938922
2797.2935485019984	0.0010000000021504502
2800.391326518059	0.0010000000021078686
2803.4891045341183	0.00100000000206613
2806.5868825501784	0.0010000000020252177
2809.684660566238	0.0010000000019851159
2812.782438582298	0.001000000001945808
2815.8802165983575	0.0010000000019072784
2818.977994614417	0.0010000000018695117
2822.075772630477	0.001000000001832493
2825.1735506465375	0.001000000001796207
2828.2713286625967	0.0010000000017606398
2831.369106678657	0.0010000000017257769
2834.4668846947166	0.0010000000016916041
2837.5646627107762	0.0010000000016581081
2840.662440726836	0.0010000000016252755
2843.7602187428956	0.0010000000015930929
2846.8579967589553	0.0010000000015615474
2849.955774775016	0.0010000000015306268
2853.053552791075	0.0010000000015003183
2856.1513308071353	0.00100000000147061
2859.249108823195	0.00100000000144149
2862.3468868392547	0.0010000000014129464
2865.4446648553144	0.0010000000013849683
2868.542442871374	0.001000000001357544
2871.6402208874338	0.001000000001330663
2874.7379989034935	0.001000000001304314
2877.8357769195536	0.0010000000012784869
2880.9335549356138	0.0010000000012531712
2884.0313329516734	0.0010000000012283568
2887.129110967733	0.0010000000012040336
2890.226888983793	0.0010000000011801922
2893.3246669998525	0.001000000001156823
2896.422445015912	0.0010000000011339161
2899.520223031972	0.0010000000011114632
2902.618001048032	0.0010000000010894547
2905.715779064092	0.0010000000010678821
2908.813557080152	0.0010000000010467365
2911.911335096211	0.0010000000010260098
2915.0091131122713	0.0010000000010056934
2918.106891128331	0.0010000000009857792
2921.2046691443907	0.0010000000009662596
2924.3024471604504	0.0010000000009471263
2927.4002251765105	0.001000000000928372
2930.49800319257	0.001000000000909989
2933.5957812086303	0.0010000000008919701
2936.6935592246896	0.0010000000008743078
2939.7913372407497	0.0010000000008569955
2942.8891152568094	0.0010000000008400258
2945.986893272869	0.001000000000823392
2949.084671288929	0.001000000000807088
2952.1824493049885	0.0010000000007911066
2955.2802273210486	0.0010000000007754416
2958.378005337109	0.0010000000007600867
2961.475783353168	0.001000000000745036
2964.573561369228	0.0010000000007302835
2967.6713393852874	0.0010000000007158228
2970.7691174013476	0.0010000000007016486
2973.8668954174072	0.001000000000687755
2976.964673433467	0.0010000000006741365
2980.062451449527	0.0010000000006607876
2983.1602294655872	0.0010000000006477033
2986.2580074816465	0.0010000000006348778
2989.3557854977066	0.0010000000006223065
2992.453563513766	0.0010000000006099839
2995.551341529826	0.0010000000005979054
2998.6491195458857	0.0010000000005860662
3001.7468975619454	0.001000000000574461
3004.8446755780055	0.001000000000563086
3007.9424535940657	0.0010000000005519363
3011.040231610125	0.0010000000005410074
3014.138009626185	0.0010000000005302946
3017.2357876422443	0.001000000000519794
3020.3335656583045	0.0010000000005095013
3023.431343674364	0.0010000000004994126
3026.5291216904234	0.0010000000004895236
3029.6268997064835	0.0010000000004798304
3032.724677722544	0.001000000000470329
3035.8224557386034	0.001000000000461016
3038.9202337546635	0.0010000000004518872
3042.0180117707228	0.0010000000004429393
3045.115789786783	0.0010000000004341686
3048.2135678028426	0.0010000000004255713
3051.311345818902	0.0010000000004171446
3054.409123834962	0.0010000000004088845
3057.5069018510226	0.0010000000004007881
3060.604679867082	0.0010000000003928518
3063.702457883142	0.0010000000003850729
3066.800235899201	0.0010000000003774479
3069.898013915261	0.0010000000003699738
3072.995791931321	0.0010000000003626479
3076.0935699473803	0.001000000000355467
3079.1913479634404	0.0010000000003484283
3082.289125979501	0.0010000000003415291
3085.3869039955603	0.0010000000003347663
3088.48468201162	0.0010000000003281375
3091.5824600276796	0.0010000000003216399
3094.6802380437393	0.0010000000003152708
