0.0	0.0011618332734612694
3.0915948264069852	0.001158391145247031
6.1831896528139705	0.0011550271214190643
9.274784479220957	0.0011517392315240078
12.366379305627941	0.0011485255627749417
15.457974132034927	0.001145384258051839
18.549568958441913	0.0011423135139833642
21.6411637848489	0.00113931157910624
24.732758611255882	0.0011363767520985914
27.824353437662868	0.0011335073800838524
30.915948264069854	0.001130701857002023
34.00754309047684	0.0011279586220451982
37.09913791688383	0.0011252761581544695
40.19073274329081	0.0011226529905754392
43.2823275696978	0.0011200876854697169
46.37392239610478	0.0011175788485799259
49.465517222511764	0.0011151251239458347
52.557112048918746	0.0011127251926693826
55.648706875325736	0.0011103777717264454
58.740301701732726	0.0011080816128233263
61.83189652813971	0.0011058355012960215
64.92349135454668	0.0011036382550504333
68.01508618095367	0.0011014887235417752
71.10668100736066	0.0010993857867914992
74.19827583376765	0.001097328354440165
77.28987066017463	0.0010953153648347322
80.38146548658162	0.001093345784148842
83.47306031298861	0.0010914186055347077
86.5646551393956	0.0010895328483053162
89.65624996580257	0.0010876875571456791
92.74784479220956	0.0010858818013519593
95.83943961861654	0.001084114674097325
98.93103444502353	0.001082385291723455
102.0226292714305	0.00108069279305666
105.11422409783749	0.0010790363387476337
108.20581892424448	0.0010774151106338907
111.29741375065147	0.0010758283111239923
114.38900857705845	0.0010742751626026984
117.48060340346545	0.0010727549068562288
120.57219822987244	0.0010712668045168437
123.66379305627942	0.001069810134525995
126.75538788268639	0.0010683841936153333
129.84698270909337	0.0010669882958048785
132.93857753550037	0.0010656217719177043
136.03017236190735	0.0010642839691105035
139.12176718831435	0.0010629742504194338
142.21336201472133	0.001061691994320672
145.30495684112833	0.0010604365943051215
148.3965516675353	0.0010592074584667448
151.48814649394228	0.0010580040091040237
154.57974132034926	0.0010568256823340518
157.67133614675626	0.0010556719277188028
160.76293097316324	0.0010545422079031289
163.85452579957024	0.001053435998264062
166.94612062597722	0.0010523527865710061
170.0377154523842	0.0010512920726564363
173.1293102787912	0.0010502533680967208
176.22090510519817	0.0010492361959027108
179.31249993160515	0.001048240090219747
182.40409475801212	0.0010472645960367564
185.49568958441913	0.0010463092689041156
188.5872844108261	0.0010453736746599755
191.67887923723308	0.0010444573891647566
194.77047406364005	0.0010435599980435275
197.86206889004706	0.0010426810964359982
200.95366371645406	0.0010418202887538693
204.045258542861	0.0010409771884452791
207.136853369268	0.0010401514177661197
210.22844819567499	0.001039342607557976
213.320043022082	0.0010385503970324803
216.41163784848897	0.0010377744335618548
219.50323267489594	0.0010370143724754452
222.59482750130294	0.0010362698768620435
225.68642232770995	0.0010355406173778088
228.7780171541169	0.001034826272059605
231.8696119805239	0.0010341265261435756
234.9612068069309	0.0010334410718887907
238.05280163333788	0.0010327696084057932
241.14439645974488	0.0010321118414899006
244.23599128615186	0.0010314674834590943
247.32758611255883	0.0010308362529963626
250.4191809389658	0.0010302178749963507
253.51077576537278	0.001029612080416183
256.6023705917798	0.0010290186061303265
259.69396541818674	0.0010284371947893681
262.78556024459374	0.0010278675946825881
265.87715507100074	0.0010273095596042058
268.9687498974077	0.0010267628487231901
272.0603447238147	0.0010262272264565239
275.1519395502217	0.0010257024623458132
278.2435343766287	0.001025188330937145
281.33512920303565	0.0010246846116640956
284.42672402944265	0.001024191088733784
287.5183188558496	0.001023707551015898
290.60991368225666	0.0010232337919345853
293.70150850866355	0.0010227696093631374
296.7931033350706	0.0010223148055213765
299.88469816147756	0.0010218691868756717
302.97629298788456	0.0010214325640415037
306.06788781429157	0.0010210047516885014
309.1594826406985	0.0010205855684478876
312.2510774671055	0.0010201748368222532
315.3426722935125	0.0010197723830976029
318.4342671199195	0.0010193780372575985
321.5258619463265	0.0010189916328999448
324.6174567727334	0.0010186130071548527
327.7090515991405	0.0010182420006055214
330.8006464255474	0.0010178784572105859
333.89224125195443	0.0010175222242284694
336.98383607836143	0.001017173152143595
340.0754309047684	0.0010168310945943954
343.16702573117533	0.0010164959083030813
346.2586205575824	0.0010161674530071124
349.35021538398934	0.0010158455913923268
352.44181021039634	0.001015530189027687
355.5334050368033	0.0010152211143015896
358.6249998632103	0.0010149182383597094
361.7165946896173	0.001014621435044324
364.80818951602424	0.001014330580835085
367.8997843424313	0.0010140455547912014
370.99137916883825	0.001013766238494986
374.0829739952452	0.0010134925159967412
377.1745688216522	0.001013224273760941
380.2661636480592	0.0010129614006136763
383.35775847446615	0.001012703787691334
386.4493533008732	0.0010124513283904732
389.5409481272801	0.00101220391831887
392.6325429536871	0.0010119614552477007
395.7241377800941	0.00101172383906483
398.8157326065011	0.0010114909717291866
401.9073274329081	0.001011262757226181
404.99892225931507	0.0010110391015241563
408.090517085722	0.0010108199125318366
411.1821119121291	0.0010106051000567458
414.273706738536	0.0010103945757645816
417.3653015649431	0.0010101882531395108
420.45689639134997	0.0010099860474453676
423.548491217757	0.001009787875687733
426.640086044164	0.0010095936565768728
429.731680870571	0.0010094033104915074
432.82327569697793	0.0010092167594434054
435.914870523385	0.0010090339270427654
439.0064653497919	0.0010088547384643795
442.0980601761989	0.0010086791204145507
445.1896550026059	0.0010085070010987511
448.2812498290129	0.00100833831019
451.3728446554199	0.0010081729787979462
454.46443948182684	0.001008010939438636
457.5560343082338	0.00100785212600495
460.64762913464085	0.001007696473737696
463.7392239610478	0.0010075439191973379
466.8308187874548	0.0010073944002363493
469.9224136138618	0.0010072478559721722
473.01400844026875	0.001007104226760772
476.10560326667576	0.001006963454170771
479.19719809308276	0.0010068254809581468
482.28879291948977	0.0010066902510414842
485.3803877458967	0.0010065577094777668
488.4719825723037	0.0010064278024386945
491.56357739871066	0.0010063004771875144
494.65517222511767	0.0010061756820563584
497.7467670515246	0.001006053366424066
500.8383618779316	0.0010059334806944921
503.92995670433857	0.0010058159762752782
507.02155153074557	0.0010057008055570841
510.1131463571525	0.0010055879218932666
513.2047411835596	0.0010054772795799933
516.2963360099666	0.0010053688338367837
519.3879308363735	0.0010052625407874682
522.4795256627806	0.0010051583574415552
525.5711204891875	0.001005056241675992
528.6627153155945	0.0010049561522173201
531.7543101420015	0.001004858048624209
534.8459049684085	0.0010047618912703594
537.9374997948154	0.0010046676413277746
541.0290946212224	0.0010045752607503813
544.1206894476294	0.0010044847122580019
547.2122842740365	0.0010043959593206647
550.3038791004434	0.001004308966143247
553.3954739268503	0.001004223697650439
556.4870687532574	0.0010041401194720303
559.5786635796644	0.0010040581979285017
562.6702584060713	0.001003977900016923
565.7618532324783	0.0010038991933971468
568.8534480588853	0.001003822046378292
571.9450428852923	0.0010037464279055097
575.0366377116992	0.0010036723075470288
578.1282325381062	0.001003599655481472
581.2198273645133	0.0010035284424854355
584.3114221909202	0.0010034586399213293
587.4030170173271	0.001003390219725472
590.4946118437342	0.001003323154396433
593.5862066701412	0.0010032574169836174
596.6778014965481	0.001003192981076089
599.7693963229551	0.0010031298207916245
602.8609911493621	0.0010030679107659974
605.9525859757691	0.0010030072261424804
609.044180802176	0.0010029477425615705
612.1357756285831	0.0010028894361509228
615.2273704549901	0.0010028322835154931
618.318965281397	0.0010027762617278878
621.410560107804	0.0010027213483189085
624.502154934211	0.0010026675212682949
627.593749760618	0.0010026147589956575
630.685344587025	0.0010025630403515985
633.7769394134319	0.0010025123446090129
636.868534239839	0.0010024626514545706
639.960129066246	0.0010024139409803739
643.051723892653	0.0010023661936757859
646.1433187190598	0.0010023193904194257
649.2349135454668	0.0010022735124713292
652.3265083718738	0.001002228541465271
655.418103198281	0.001002184459401241
658.5096980246879	0.0010021412486380787
661.6012928510949	0.0010020988918862555
664.6928876775019	0.0010020573722008049
667.7844825039089	0.0010020166729743994
670.8760773303159	0.0010019767779305647
673.9676721567229	0.0010019376711170385
677.0592669831298	0.001001899336899257
680.1508618095368	0.0010018617599539805
683.2424566359437	0.001001824925263047
686.3340514623507	0.001001788818107251
689.4256462887578	0.0010017534240603506
692.5172411151648	0.001001718728983192
695.6088359415717	0.0010016847190179572
698.7004307679787	0.0010016513805825283
701.7920255943858	0.0010016187003649617
704.8836204207927	0.0010015866653180813
707.9752152471997	0.0010015552626541765
711.0668100736066	0.0010015244798398087
714.1584049000136	0.0010014943045907239
717.2499997264206	0.0010014647248668687
720.3415945528276	0.0010014357288675039
723.4331893792346	0.0010014073050264233
726.5247842056416	0.0010013794420072615
729.6163790320485	0.0010013521286989032
732.7079738584555	0.0010013253542109806
735.7995686848626	0.0010012991078694653
738.8911635112696	0.0010012733792123466
741.9827583376765	0.0010012481579853977
745.0743531640834	0.0010012234341380281
748.1659479904904	0.0010011991978192193
751.2575428168974	0.001001175439373542
754.3491376433044	0.0010011521493372532
757.4407324697114	0.0010011293184344734
760.5323272961184	0.0010011069375734393
763.6239221225254	0.0010010849978428333
766.7155169489323	0.0010010634905081842
769.8071117753394	0.0010010424070083443
772.8987066017464	0.0010010217389520345
775.9903014281533	0.001001001478114458
779.0818962545602	0.0010009816164339859
782.1734910809672	0.001000962146008905
785.2650859073742	0.0010009430590942343
788.3566807337813	0.0010009243480986038
791.4482755601882	0.0010009060055811946
794.5398703865952	0.0010008880242487442
797.6314652130022	0.0010008703969526076
800.7230600394092	0.001000853116685881
803.8146548658162	0.0010008361765805804
806.9062496922232	0.0010008195699048783
809.9978445186301	0.001000803290060394
813.0894393450371	0.001000787330579541
816.181034171444	0.0010007716851229244
819.2726289978511	0.001000756347476795
822.3642238242581	0.0010007413115505456
825.455818650665	0.0010007265713742693
828.547413477072	0.0010007121210963558
831.639008303479	0.0010006979549811422
834.7306031298862	0.0010006840674066089
837.822197956293	0.0010006704528621212
840.9137927826999	0.0010006571059462163
844.005387609107	0.0010006440213644347
847.096982435514	0.0010006311939271947
850.1885772619208	0.0010006186185477096
853.280172088328	0.0010006062902399458
856.371766914735	0.0010005942041166232
859.463361741142	0.0010005823553872531
862.5549565675489	0.0010005707393562178
865.6465513939559	0.0010005593514208868
868.738146220363	0.0010005481870697705
871.82974104677	0.0010005372418807124
874.9213358731768	0.0010005265115191164
878.0129306995838	0.0010005159917362077
881.1045255259908	0.001000505678367331
884.1961203523978	0.0010004955673302816
887.2877151788048	0.0010004856546236697
890.3793100052118	0.0010004759363253174
893.4709048316188	0.0010004664085906864
896.5624996580258	0.00100045706765134
899.6540944844328	0.0010004479098134316
902.7456893108398	0.001000438931456228
905.8372841372468	0.001000430129030658
908.9288789636537	0.0010004214990578914
912.0204737900606	0.0010004130381279473
915.1120686164676	0.0010004047428983282
918.2036634428747	0.001000396610092684
921.2952582692817	0.0010003886364994986
924.3868530956886	0.0010003808189708058
927.4784479220956	0.0010003731544209304
930.5700427485026	0.0010003656398252523
933.6616375749096	0.0010003582722189989
936.7532324013166	0.0010003510486960565
939.8448272277236	0.0010003439664078085
942.9364220541305	0.0010003370225619985
946.0280168805375	0.001000330214421611
949.1196117069444	0.0010003235393037779
952.2112065333515	0.0010003169945787063
955.3028013597585	0.0010003105776686275
958.3943961861655	0.0010003042860467642
961.4859910125724	0.0010002981172363237
964.5775858389795	0.0010002920688095053
967.6691806653864	0.0010002861383865314
970.7607754917934	0.0010002803236346955
973.8523703182003	0.001000274622267432
976.9439651446074	0.0010002690320433999
980.0355599710143	0.0010002635507655893
983.1271547974213	0.0010002581762804427
986.2187496238282	0.001000252906476994
989.3103444502353	0.0010002477392860275
992.4019392766425	0.0010002426726792488
995.4935341030492	0.0010002377046684772
998.5851289294563	0.001000232833304848
1001.6767237558632	0.0010002280566780391
1004.7683185822704	0.0010002233729155042
1007.8599134086771	0.0010002187801817252
1010.9515082350842	0.0010002142766774823
1014.0431030614911	0.0010002098606391326
1017.1346978878983	0.0010002055303379076
1020.226292714305	0.0010002012840792222
1023.3178875407121	0.0010001971202019985
1026.4094823671192	0.0010001930370780025
1029.501077193526	0.0010001890331111948
1032.5926720199332	0.0010001851067370931
1035.68426684634	0.0010001812564221465
1038.775861672747	0.001000177480663127
1041.867456499154	0.0010001737779865248
1044.9590513255612	0.0010001701469479647
1048.050646151968	0.001000166586131626
1051.142240978375	0.0010001630941496808
1054.2338358047818	0.0010001596696417377
1057.325430631189	0.0010001563112742996
1060.417025457596	0.001000153017740234
1063.508620284003	0.001000149787758247
1066.60021511041	0.001000146620072376
1069.691809936817	0.0010001435134514868
1072.7834047632239	0.0010001404666887836
1075.8749995896308	0.0010001374786013254
1078.9665944160379	0.0010001345480295575
1082.0581892424448	0.001000131673836846
1085.149784068852	0.0010001288549090254
1088.2413788952588	0.0010001260901539545
1091.332973721666	0.0010001233785010815
1094.424568548073	0.0010001207189010148
1097.5161633744797	0.001000118110325107
1100.6077582008868	0.0010001155517650423
1103.6993530272937	0.0010001130422324367
1106.7909478537006	0.0010001105807584427
1109.8825426801077	0.0010001081663933617
1112.9741375065148	0.0010001057982062687
1116.0657323329217	0.0010001034752846376
1119.1573271593288	0.0010001011967339783
1122.2489219857355	0.001000098961677482
1125.3405168121426	0.0010000967692556694
1128.4321116385497	0.0010000946186260482
1131.5237064649566	0.0010000925089627781
1134.6153012913637	0.0010000904394563417
1137.7068961177706	0.0010000884093132206
1140.7984909441775	0.0010000864177555802
1143.8900857705846	0.0010000844640209582
1146.9816805969915	0.0010000825473619626
1150.0732754233984	0.0010000806670459723
1153.1648702498055	0.0010000788223548454
1156.2564650762124	0.0010000770125846328
1159.3480599026195	0.0010000752370452981
1162.4396547290266	0.0010000734950604427
1165.5312495554335	0.0010000717859670349
1168.6228443818404	0.001000070109115147
1171.7144392082473	0.001000068463867696
1174.8060340346542	0.0010000668496001884
1177.8976288610613	0.001000065265700473
1180.9892236874684	0.0010000637115684967
1184.0808185138753	0.0010000621866160637
1187.1724133402824	0.0010000606902666035
1190.2640081666896	0.0010000592219549392
1193.3556029930962	0.0010000577811270625
1196.4471978195033	0.001000056367239915
1199.5387926459102	0.001000054979761168
1202.6303874723174	0.0010000536181690146
1205.7219822987242	0.0010000522819519576
1208.8135771251314	0.0010000509706086095
1211.9051719515383	0.0010000496836474902
1214.9967667779454	0.0010000484205868318
1218.088361604352	0.0010000471809543871
1221.1799564307591	0.0010000459642872405
1224.2715512571663	0.0010000447701316248
1227.3631460835732	0.0010000435980427388
1230.4547409099803	0.0010000424475845717
1233.5463357363872	0.0010000413183297288
1236.637930562794	0.0010000402098592604
1239.7295253892012	0.0010000391217624956
1242.821120215608	0.0010000380536368788
1245.9127150420152	0.0010000370050878091
1249.004309868422	0.0010000359757284826
1252.0959046948292	0.0010000349651797399
1255.187499521236	0.0010000339730699122
1258.279094347643	0.0010000329990346765
1261.37068917405	0.0010000320427169084
1264.462284000457	0.0010000311037665398
1267.5538788268639	0.0010000301818404204
1270.6454736532708	0.0010000292766021803
1273.737068479678	0.0010000283877220966
1276.828663306085	0.0010000275148769613
1279.920258132492	0.0010000266577499526
1283.011852958899	0.0010000258160305095
1286.103447785306	0.0010000249894142076
1289.1950426117128	0.0010000241776026379
1292.2866374381197	0.001000023380303287
1295.3782322645268	0.0010000225972294223
1298.4698270909337	0.0010000218280999762
1301.5614219173408	0.001000021072639435
1304.6530167437477	0.0010000203305777296
1307.744611570155	0.001000019601650126
1310.836206396562	0.0010000188855971222
1313.9278012229688	0.001000018182164343
1317.0193960493757	0.0010000174911024401
1320.1109908757826	0.0010000168121669917
1323.2025857021897	0.0010000161451184054
1326.2941805285966	0.001000015489721823
1329.3857753550037	0.0010000148457470271
1332.4773701814106	0.001000014212968349
1335.5689650078177	0.0010000135911645783
1338.6605598342244	0.0010000129801188765
1341.7521546606317	0.0010000123796186887
1344.8437494870386	0.00100001178945566
1347.9353443134457	0.0010000112094255534
1351.0269391398526	0.0010000106393281652
1354.1185339662595	0.0010000100789672496
1357.2101287926666	0.0010000095281504364
1360.3017236190735	0.001000008986689158
1363.3933184454804	0.0010000084543985719
1366.4849132718873	0.001000007931097487
1369.5765080982947	0.001000007416608294
1372.6681029247013	0.0010000069107568908
1375.7596977511087	0.0010000064133726177
1378.8512925775156	0.0010000059242881844
1381.9428874039227	0.0010000054433396076
1385.0344822303296	0.0010000049703661439
1388.1260770567362	0.0010000045052102253
1391.2176718831433	0.0010000040477173972
1394.3092667095502	0.0010000035977362567
1397.4008615359573	0.001000003155118393
1400.4924563623642	0.0010000027197183269
1403.5840511887716	0.0010000022913934535
1406.6756460151785	0.001000001870003986
1409.7672408415854	0.0010000014554128992
1412.8588356679923	0.0010000010474858752
1415.9504304943994	0.0010000006460912506
1419.0420253208063	0.001000000251099962
1422.1336201472132	0.000999999862385498
1425.2252149736203	0.0009999994798238448
1428.3168098000272	0.0009999991032934395
1431.4084046264343	0.000999998732675122
1434.4999994528412	0.0009999983678520854
1437.5915942792483	0.0009999980087098308
1440.6831891056552	0.000999997655136122
1443.7747839320623	0.0009999973070209404
1446.8663787584692	0.0009999969642564403
1449.9579735848763	0.0009999966267369073
1453.0495684112832	0.0009999962943587164
1456.14116323769	0.0009999959670202877
1459.232758064097	0.0009999956446220513
1462.3243528905039	0.0009999953270664024
1465.415947716911	0.0009999950142576656
1468.5075425433179	0.0009999947061020557
1471.5991373697252	0.0009999944025076391
1474.690732196132	0.0009999941033843015
1477.7823270225392	0.0009999938086437058
1480.873921848946	0.0009999935181992632
1483.965516675353	0.000999993231966093
1487.05711150176	0.0009999929498609931
1490.1487063281668	0.0009999926718024048
1493.240301154574	0.0009999923977103812
1496.3318959809808	0.0009999921275065547
1499.423490807388	0.0009999918611141058
1502.5150856337948	0.0009999915984577326
1505.606680460202	0.0009999913394636217
1508.6982752866088	0.0009999910840594174
1511.789870113016	0.0009999908321741942
1514.8814649394228	0.0009999905837384275
1517.9730597658297	0.0009999903386839662
1521.0646545922368	0.000999990096944005
1524.1562494186437	0.0009999898584530608
1527.2478442450508	0.000999989623146942
1530.3394390714577	0.000999989390962726
1533.4310338978646	0.0009999891618387336
1536.5226287242715	0.0009999889357145035
1539.6142235506788	0.0009999887125307703
1542.7058183770857	0.0009999884922294382
1545.7974132034929	0.00099998827475356
1548.8890080298997	0.0009999880600473129
1551.9806028563066	0.0009999878480559778
1555.0721976827135	0.0009999876387259163
1558.1637925091204	0.0009999874320045495
1561.2553873355275	0.000999987227840338
1564.3469821619344	0.0009999870261827597
1567.4385769883418	0.0009999868269822917
1570.5301718147484	0.0009999866301903888
1573.6217666411558	0.0009999864357594652
1576.7133614675627	0.0009999862436428754
1579.8049562939696	0.0009999860537948954
1582.8965511203764	0.0009999858661707043
1585.9881459467833	0.0009999856807263664
1589.0797407731905	0.0009999854974188154
1592.1713355995973	0.0009999853162058346
1595.2629304260045	0.0009999851370460422
1598.3545252524113	0.0009999849598988726
1601.4461200788185	0.0009999847847245637
1604.5377149052251	0.0009999846114841376
1607.6293097316325	0.0009999844401393867
1610.7209045580394	0.0009999842706528584
1613.8124993844465	0.00099998410298784
1616.9040942108534	0.0009999839371083443
1619.9956890372603	0.0009999837729790949
1623.0872838636674	0.0009999836105655125
1626.1788786900743	0.0009999834498337005
1629.2704735164812	0.0009999832907504334
1632.362068342888	0.0009999831332831398
1635.4536631692954	0.000999982977399894
1638.5452579957023	0.0009999828230694006
1641.6368528221094	0.000999982670260981
1644.7284476485163	0.0009999825189445646
1647.8200424749234	0.0009999823690906738
1650.91163730133	0.000999982220670414
1654.003232127737	0.000999982073655461
1657.094826954144	0.0009999819280180503
1660.186421780551	0.0009999817837309662
1663.278016606958	0.0009999816407675304
1666.369611433365	0.0009999814991015924
1669.4612062597723	0.0009999813587075166
1672.5528010861792	0.000999981219560176
1675.644395912586	0.0009999810816349389
1678.735990738993	0.0009999809449076605
1681.8275855653999	0.0009999808093546728
1684.919180391807	0.000999980674952775
1688.010775218214	0.0009999805416792261
1691.102370044621	0.0009999804095117333
1694.193964871028	0.0009999802784284443
1697.285559697435	0.0009999801484079389
1700.3771545238417	0.0009999800194292192
1703.468749350249	0.000999979891471704
1706.560344176656	0.0009999797645152168
1709.651939003063	0.0009999796385399809
1712.74353382947	0.0009999795135266095
1715.8351286558768	0.0009999793894560995
1718.926723482284	0.000999979266309823
1722.0183183086908	0.0009999791440695198
1725.1099131350977	0.0009999790227172912
1728.2015079615046	0.0009999789022355915
1731.2931027879117	0.0009999787826072218
1734.3846976143186	0.0009999786638153231
1737.476292440726	0.0009999785458433695
1740.5678872671328	0.0009999784286751617
1743.65948209354	0.0009999783122948199
1746.7510769199469	0.0009999781966867783
1749.8426717463535	0.000999978081835779
1752.9342665727606	0.0009999779677268656
1756.0258613991675	0.0009999778543453765
1759.1174562255746	0.0009999777416769397
1762.2090510519815	0.0009999776297074687
1765.3006458783887	0.0009999775184231533
1768.3922407047955	0.000999977407810457
1771.4838355312027	0.0009999772978561117
1774.5754303576095	0.0009999771885471095
1777.6670251840167	0.0009999770798707012
1780.7586200104236	0.000999976971814388
1783.8502148368304	0.0009999768643659196
1786.9418096632376	0.0009999767575132868
1790.0334044896445	0.0009999766512447177
1793.1249993160516	0.000999976545548673
1796.2165941424585	0.0009999764404138418
1799.3081889688656	0.0009999763358291358
1802.3997837952722	0.0009999762317836865
1805.4913786216796	0.0009999761282668402
1808.5829734480865	0.0009999760252681535
1811.6745682744936	0.0009999759227773885
1814.7661631009005	0.0009999758207845117
1817.8577579273074	0.000999975719279685
1820.9493527537143	0.0009999756182532667
1824.0409475801212	0.000999975517695805
1827.1325424065283	0.000999975417598035
1830.2241372329352	0.0009999753179508746
1833.3157320593425	0.0009999752187454208
1836.4073268857494	0.0009999751199729475
1839.4989217121565	0.0009999750216249004
1842.5905165385634	0.0009999749236928937
1845.6821113649703	0.0009999748261687084
1848.7737061913772	0.0009999747290442866
1851.865301017784	0.0009999746323117308
1854.9568958441912	0.000999974535963299
1858.048490670598	0.0009999744399914016
1861.1400854970052	0.0009999743443886004
1864.231680323412	0.0009999742491476026
1867.3232751498192	0.0009999741542612603
1870.414869976226	0.0009999740597225666
1873.5064648026332	0.0009999739655246532
1876.59805962904	0.0009999738716607875
1879.6896544554472	0.0009999737781243698
1882.7812492818541	0.0009999736849089303
1885.872844108261	0.0009999735920081282
1888.9644389346681	0.0009999734994157467
1892.056033761075	0.000999973407125693
1895.147628587482	0.0009999733151319938
1898.2392234138888	0.000999973223428794
1901.3308182402961	0.0009999731320103542
1904.422413066703	0.000999973040871049
1907.51400789311	0.0009999729500053628
1910.605602719517	0.0009999728594078906
1913.6971975459237	0.000999972769073333
1916.788792372331	0.0009999726789964955
1919.8803871987377	0.0009999725891722867
1922.9719820251448	0.0009999724995957153
1926.063576851552	0.0009999724102618887
1929.155171677959	0.0009999723211660116
1932.2467665043657	0.000999972232303382
1935.3383613307728	0.0009999721436693924
1938.42995615718	0.0009999720552595255
1941.5215509835868	0.0009999719670693533
1944.6131458099935	0.0009999718790945353
1947.7047406364006	0.000999971791330817
1950.7963354628077	0.000999971703774027
1953.8879302892149	0.000999971616420078
1956.979525115622	0.0009999715292649623
1960.0711199420286	0.0009999714423047517
1963.1627147684358	0.0009999713555355952
1966.2543095948427	0.0009999712689537177
1969.3459044212498	0.0009999711825554208
1972.4374992476564	0.0009999710963370756
1975.5290940740636	0.0009999710102951281
1978.6206889004707	0.0009999709244260932
1981.7122837268773	0.000999970838726554
1984.803878553285	0.0009999707531931628
1987.8954733796916	0.0009999706678226361
1990.9870682060985	0.0009999705826117568
1994.0786630325056	0.0009999704975573707
1997.1702578589127	0.0009999704126563858
2000.2618526853194	0.0009999703279057717
2003.3534475117265	0.0009999702433025576
2006.4450423381336	0.0009999701588438306
2009.5366371645407	0.0009999700745267372
2012.6282319909474	0.0009999699903484784
2015.7198268173543	0.0009999699063063118
2018.8114216437614	0.0009999698223975481
2021.9030164701685	0.0009999697386195523
2024.9946112965756	0.0009999696549697406
2028.0862061229823	0.0009999695714455804
2031.1778009493894	0.000999969488044589
2034.2693957757965	0.0009999694047643337
2037.3609906022034	0.0009999693216024286
2040.45258542861	0.0009999692385565355
2043.5441802550172	0.0009999691556243624
2046.6357750814243	0.0009999690728036631
2049.727369907831	0.0009999689900922347
2052.8189647342383	0.0009999689074879183
2055.910559560645	0.0009999688249885982
2059.002154387052	0.0009999687425921997
2062.0937492134594	0.0009999686602966888
2065.1853440398663	0.0009999685781000736
2068.276938866273	0.0009999684960003993
2071.36853369268	0.0009999684139957513
2074.460128519087	0.0009999683320842513
2077.551723345494	0.00099996825026406
2080.643318171901	0.0009999681685333725
2083.734912998308	0.0009999680868904212
2086.826507824715	0.000999968005333473
2089.9181026511224	0.0009999679238608275
2093.0096974775292	0.0009999678424708201
2096.101292303936	0.000999967761161818
2099.192887130343	0.0009999676799322206
2102.28448195675	0.0009999675987804595
2105.3760767831573	0.0009999675177049968
2108.4676716095637	0.0009999674367043247
2111.559266435971	0.0009999673557769657
2114.650861262378	0.000999967274921472
2117.742456088785	0.0009999671941364227
2120.834050915192	0.0009999671134204272
2123.9256457415986	0.0009999670327721203
2127.017240568006	0.0009999669521901656
2130.108835394413	0.000999966871673251
2133.20043022082	0.0009999667912200928
2136.2920250472266	0.0009999667108294306
2139.383619873634	0.0009999666305000295
2142.475214700041	0.00099996655023068
2145.5668095264477	0.000999966470020195
2148.658404352855	0.000999966389867412
2151.7499991792615	0.0009999663097711904
2154.841594005669	0.0009999662297304134
2157.9331888320758	0.0009999661497439851
2161.024783658483	0.000999966069810832
2164.1163784848895	0.0009999659899299013
2167.207973311297	0.0009999659101001615
2170.299568137704	0.0009999658303206011
2173.3911629641107	0.000999965750590229
2176.4827577905176	0.0009999656709080732
2179.5743526169244	0.000999965591273181
2182.665947443332	0.000999965511684619
2185.7575422697387	0.0009999654321414713
2188.849137096146	0.0009999653526428407
2191.9407319225525	0.0009999652731878484
2195.0323267489593	0.0009999651937756318
2198.1239215753667	0.0009999651144053457
2201.2155164017736	0.0009999650350761616
2204.3071112281805	0.0009999649557872678
2207.3987060545874	0.0009999648765378682
2210.4903008809947	0.0009999647973271825
2213.581895707401	0.0009999647181544453
2216.6734905338085	0.000999964639018908
2219.7650853602154	0.0009999645599198346
2222.8566801866223	0.0009999644808565053
2225.9482750130296	0.0009999644018282138
2229.0398698394365	0.0009999643228342677
2232.1314646658434	0.0009999642438739882
2235.2230594922503	0.000999964164946711
2238.3146543186576	0.0009999640860517834
2241.4062491450645	0.0009999640071885663
2244.497843971471	0.0009999639283564336
2247.5894387978783	0.000999963849554771
2250.681033624285	0.000999963770782976
2253.7726284506925	0.0009999636920404594
2256.8642232770994	0.000999963613326642
2259.9558181035063	0.0009999635346409574
2263.047412929913	0.0009999634559828491
2266.13900775632	0.000999963377351773
2269.2306025827274	0.0009999632987471947
2272.322197409134	0.0009999632201685908
2275.413792235541	0.0009999631416154479
2278.505387061948	0.000999963063087263
2281.596981888355	0.000999962984583543
2284.6885767147623	0.0009999629061038053
2287.7801715411692	0.0009999628276475751
2290.871766367576	0.0009999627492143883
2293.963361193983	0.0009999626708037898
2297.0549560203904	0.000999962592415333
2300.146550846797	0.000999962514048581
2303.238145673204	0.000999962435703104
2306.329740499611	0.000999962357378483
2309.421335326018	0.000999962279074305
2312.512930152425	0.000999962200790166
2315.6045249788317	0.000999962122525671
2318.696119805239	0.0009999620442804314
2321.787714631646	0.0009999619660540666
2324.8793094580533	0.0009999618878462038
2327.9709042844597	0.0009999618096564774
2331.062499110867	0.0009999617314845294
2334.154093937274	0.0009999616533300083
2337.245688763681	0.0009999615751925697
2340.3372835900877	0.0009999614970718767
2343.4288784164946	0.0009999614189675973
2346.520473242902	0.0009999613408794084
2349.6120680693084	0.0009999612628069918
2352.703662895716	0.0009999611847500357
2355.7952577221226	0.0009999611067082346
2358.88685254853	0.000999961028681289
2361.978447374937	0.0009999609506689056
2365.0700422013438	0.0009999608726707968
2368.1616370277507	0.0009999607946866807
2371.2532318541575	0.0009999607167162801
2374.344826680565	0.000999960638759325
2377.4364215069713	0.0009999605608155492
2380.528016333379	0.000999960482884692
2383.6196111597856	0.000999960404966499
2386.7112059861925	0.0009999603270607195
2389.8028008126	0.0009999602491671086
2392.8943956390067	0.0009999601712854251
2395.9859904654136	0.0009999600934154343
2399.0775852918205	0.0009999600155569048
2402.169180118228	0.00099995993770961
2405.2607749446347	0.0009999598598733276
2408.3523697710416	0.0009999597820478411
2411.4439645974485	0.0009999597042329362
2414.5355594238554	0.0009999596264284047
2417.6271542502627	0.000999959548634041
2420.7187490766696	0.0009999594708496441
2423.8103439030765	0.000999959393075018
2426.9019387294834	0.0009999593153099686
2429.9935335558907	0.0009999592375543077
2433.0851283822976	0.000999959159807849
2436.176723208704	0.000999959082070411
2439.2683180351114	0.0009999590043418152
2442.3599128615183	0.0009999589266218875
2445.451507687925	0.000999958848910456
2448.5431025143325	0.0009999587712073534
2451.6346973407394	0.0009999586935124148
2454.7262921671463	0.0009999586158254792
2457.817886993553	0.0009999585381463881
2460.9094818199605	0.0009999584604749867
2464.001076646367	0.0009999583828111233
2467.0926714727743	0.0009999583051546485
2470.184266299181	0.000999958227505417
2473.275861125588	0.000999958149863285
2476.367455951995	0.0009999580722281126
2479.4590507784023	0.0009999579945997622
2482.550645604809	0.000999957916978099
2485.642240431216	0.0009999578393629909
2488.7338352576235	0.0009999577617543086
2491.8254300840304	0.0009999576841519249
2494.9170249104372	0.0009999576065557155
2498.008619736844	0.000999957528965558
2501.1002145632515	0.0009999574513813337
2504.1918093896584	0.0009999573738029245
2507.283404216065	0.0009999572962302162
2510.374999042472	0.0009999572186630953
2513.466593868879	0.0009999571411014525
2516.558188695286	0.0009999570635451788
2519.649783521693	0.0009999569859941682
2522.7413783481	0.000999956908448317
2525.832973174507	0.0009999568309075235
2528.924568000914	0.0009999567533716866
2532.016162827321	0.0009999566758407095
2535.1077576537277	0.0009999565983144962
2538.1993524801355	0.0009999565207929521
2541.2909473065415	0.0009999564432759851
2544.3825421329493	0.000999956365763505
2547.474136959356	0.0009999562882554225
2550.5657317857626	0.0009999562107516514
2553.65732661217	0.0009999561332521062
2556.748921438577	0.0009999560557567035
2559.840516264984	0.0009999559782653614
2562.9321110913907	0.0009999559007779998
2566.023705917798	0.00099995582329454
2569.115300744205	0.0009999557458149047
2572.206895570612	0.0009999556683390187
2575.2984903970187	0.0009999555908668078
2578.3900852234256	0.0009999555133981992
2581.481680049833	0.000999955435933122
2584.5732748762393	0.0009999553584715062
2587.6648697026467	0.0009999552810132835
2590.7564645290536	0.000999955203558387
2593.848059355461	0.000999955126106751
2596.9396541818674	0.0009999550486583105
2600.0312490082747	0.0009999549712130032
2603.1228438346816	0.0009999548937707665
2606.214438661088	0.00099995481633154
2609.3060334874954	0.0009999547388952648
2612.3976283139027	0.000999954661461882
2615.48922314031	0.000999954584031334
2618.580817966716	0.000999954506603566
2621.672412793124	0.0009999544291785219
2624.7640076195307	0.0009999543517561485
2627.8556024459376	0.0009999542743363927
2630.9471972723445	0.0009999541969192035
2634.0387920987514	0.0009999541195045297
2637.1303869251587	0.0009999540420923211
2640.221981751565	0.0009999539646825299
2643.3135765779725	0.0009999538872751076
2646.4051714043794	0.000999953809870008
2649.4967662307868	0.0009999537324671848
2652.588361057193	0.0009999536550665932
2655.6799558836	0.0009999535776681891
2658.7715507100074	0.0009999535002719294
2661.8631455364143	0.0009999534228777717
2664.954740362821	0.000999953345485674
2668.046335189228	0.000999953268095596
2671.1379300156354	0.000999953190707498
2674.229524842042	0.0009999531133213406
2677.321119668449	0.0009999530359370854
2680.4127144948566	0.0009999529585546952
2683.5043093212635	0.0009999528811741325
2686.5959041476704	0.0009999528037953616
2689.6874989740772	0.000999952726418347
2692.7790938004846	0.0009999526490430545
2695.8706886268915	0.0009999525716694498
2698.9622834532984	0.0009999524942974987
2702.0538782797053	0.0009999524169271698
2705.145473106112	0.0009999523395584301
2708.237067932519	0.0009999522621912489
2711.328662758926	0.000999952184825595
2714.4202575853333	0.0009999521074614385
2717.51185241174	0.0009999520300987494
2720.603447238147	0.000999951952737499
2723.695042064554	0.0009999518753776586
2726.786636890961	0.000999951798019201
2729.878231717368	0.0009999517206620981
2732.9698265437746	0.0009999516433063238
2736.061421370182	0.0009999515659518516
2739.1530161965893	0.0009999514885986552
2742.2446110229957	0.0009999514112467103
2745.3362058494026	0.0009999513338959918
2748.42780067581	0.0009999512565464755
2751.5193955022173	0.0009999511791981372
2754.6109903286238	0.0009999511018509543
2757.702585155031	0.0009999510245049038
2760.794179981438	0.000999950947159963
2763.8857748078453	0.0009999508698161103
2766.9773696342518	0.0009999507924733243
2770.068964460659	0.0009999507151315834
2773.160559287066	0.0009999506377908675
2776.2521541134724	0.000999950560451156
2779.34374893988	0.0009999504831124295
2782.4353437662867	0.000999950405774668
2785.526938592694	0.0009999503284378528
2788.6185334191005	0.0009999502511019648
2791.710128245508	0.0009999501737669861
2794.8017230719147	0.0009999500964328987
2797.8933178983216	0.0009999500190996848
2800.9849127247285	0.000999949941767327
2804.0765075511354	0.0009999498644358087
2807.168102377543	0.0009999497871051137
2810.259697203949	0.0009999497097752247
2813.351292030357	0.0009999496324461265
2816.442886856764	0.0009999495551178033
2819.5344816831707	0.0009999494777902399
2822.6260765095776	0.000999949400463421
2825.7176713359845	0.0009999493231373322
2828.809266162392	0.0009999492458119589
2831.9008609887987	0.000999949168487287
2834.9924558152056	0.0009999490911633028
2838.0840506416125	0.0009999490138399923
2841.17564546802	0.0009999489365173427
2844.2672402944263	0.0009999488591953406
2847.358835120833	0.0009999487818739734
2850.4504299472405	0.0009999487045532283
2853.5420247736474	0.0009999486272330932
2856.6336196000543	0.0009999485499135564
2859.725214426461	0.0009999484725946052
2862.8168092528686	0.0009999483952762291
2865.908404079276	0.0009999483179584157
2868.9999989056823	0.0009999482406411544
2872.091593732089	0.0009999481633244343
2875.1831885584966	0.0009999480860082449
2878.274783384903	0.0009999480086925752
2881.3663782113103	0.0009999479313774152
2884.4579730377177	0.000999947854062755
2887.5495678641246	0.0009999477767485845
2890.6411626905315	0.000999947699434894
2893.7327575169384	0.0009999476221216742
2896.8243523433453	0.0009999475448089156
2899.9159471697526	0.000999947467496609
2903.007541996159	0.000999947390184746
2906.0991368225664	0.0009999473128733175
2909.1907316489733	0.0009999472355623148
2912.28232647538	0.0009999471582517296
2915.373921301787	0.0009999470809415538
2918.465516128194	0.0009999470036317789
2921.5571109546013	0.0009999469263223975
2924.6487057810077	0.0009999468490134015
2927.740300607415	0.000999946771704783
2930.831895433822	0.0009999466943965353
2933.9234902602298	0.0009999466170886506
2937.0150850866357	0.0009999465397811217
2940.106679913043	0.0009999464624739418
2943.1982747394504	0.0009999463851671038
2946.2898695658564	0.0009999463078606012
2949.381464392264	0.0009999462305544267
2952.473059218671	0.000999946153248575
2955.5646540450784	0.0009999460759430386
2958.656248871485	0.0009999459986378117
2961.747843697892	0.0009999459213328882
2964.839438524299	0.0009999458440282621
2967.931033350706	0.0009999457667239275
2971.022628177113	0.000999945689419879
2974.11422300352	0.00099994561211611
2977.205817829927	0.0009999455348126162
2980.2974126563336	0.0009999454575093912
2983.389007482741	0.00099994538020643
2986.480602309148	0.0009999453029037274
2989.5721971355547	0.0009999452256012787
2992.6637919619616	0.0009999451482990782
2995.7553867883685	0.0009999450709971213
2998.846981614776	0.000999944993695403
3001.9385764411822	0.0009999449163939195
3005.0301712675896	0.0009999448390926647
3008.121766093997	0.0009999447617916352
3011.213360920404	0.0009999446844908258
3014.3049557468103	0.0009999446071902328
3017.3965505732176	0.0009999445298898514
3020.488145399625	0.0009999444525896778
3023.579740226032	0.0009999443752897077
3026.6713350524387	0.0009999442979899374
3029.7629298788456	0.0009999442206903627
3032.854524705253	0.0009999441433909794
3035.9461195316594	0.0009999440660917842
3039.0377143580663	0.000999943988792773
3042.1293091844736	0.0009999439114939425
3045.2209040108805	0.0009999438341952891
3048.3124988372874	0.0009999437568968092
3051.4040936636943	0.0009999436795984995
3054.4956884901017	0.0009999436023003564
3057.5872833165085	0.0009999435250023765
3060.6788781429154	0.0009999434477045573
3063.7704729693223	0.000999943370406895
3066.862067795729	0.0009999432931093865
3069.953662622136	0.000999943215812029
3073.045257448543	0.0009999431385148193
3076.136852274951	0.0009999430612177545
3079.2284471013577	0.000999942983920832
3082.3200419277646	0.0009999429066240488
3085.4116367541715	0.000999942829327402
3088.5032315805784	0.0009999427520308894
3091.5948264069857	0.0009999426747345078
3094.686421233392	0.0009999425974382549
