0.0	1.1618342427282833
0.09796034216346627	1.158385352444555
0.19592068432693255	1.1550148728716951
0.2938810264903988	1.1517208218570272
0.3918413686538651	1.1485012753701116
0.4898017108173314	1.145354365483593
0.5877620529807976	1.1422782784363608
0.685722395144264	1.1392712527751747
0.7836827373077302	1.1363315775711273
0.8816430794711965	1.1334575907074833
0.9796034216346629	1.1306476772356266
1.077563763798129	1.1279002677960135
1.1755241059615953	1.1252138371011802
1.2734844481250616	1.1225869024780168
1.371444790288528	1.1200180224666414
1.4694051324519941	1.117505795473363
1.5673654746154604	1.115048858475332
1.6653258167789269	1.1126458857746002
1.763286158942393	1.1102955877994318
1.8612465011058592	1.1079967099507975
1.9592068432693257	1.105748031492105
2.0571671854327915	1.1035483644802973
2.155127527596258	1.1013965527365437
2.2530878697597245	1.099291470854844
2.3510482119231906	1.097232023246935
2.4490085540866566	1.0952171432219673
2.546968896250123	1.0932457920995005
2.6449292384135896	1.0913169583544204
2.742889580577056	1.089429656792465
2.840849922740522	1.0875829277550835
2.9388102649039882	1.0857758363524368
3.0367706070674547	1.0840074717233863
3.1347309492309208	1.082276946321374
3.2326912913943873	1.0805833952251525
3.3306516335578538	1.0789259754733629
3.4286119757213203	1.0773038654220142
3.526572317884786	1.075716264123946
3.6245326600482524	1.0741623907294136
3.7224930022117184	1.072641483906958
3.8204533443751854	1.0711528012837752
3.9184136865386514	1.069695618904817
4.016374028702118	1.0682692307099075
4.114334370865583	1.066872948028172
4.21229471302905	1.0655060990891267
4.310255055192516	1.0641680285497825
4.408215397355982	1.0628580970371646
4.506175739519449	1.0615756807056602
4.604136081682916	1.060320170808644
4.702096423846381	1.0590909732838438
4.800056766009847	1.0578875083519361
4.898017108173313	1.0567092101278874
4.99597745033678	1.0555555262445662
5.093937792500246	1.0544259174881838
5.191898134663713	1.053319857445124
5.289858476827179	1.0522368321597628
5.387818818990646	1.05117633980287
5.485779161154112	1.050137890350216
5.583739503317578	1.0491210052710287
5.681699845481044	1.0481252172259379
5.77966018764451	1.0471500697740812
5.8776205298079764	1.0461951170890489
5.9755808719714425	1.0452599236833529
6.073541214134909	1.0443440641411303
6.1715015562983755	1.0434471228587938
6.2694618984618415	1.0425686937933534
6.367422240625308	1.04170838021815
6.4653825827887745	1.0408657944857467
6.563342924952241	1.0400405577977339
6.6613032671157075	1.0392322999812162
6.759263609279174	1.0384406592717572
6.8572239514426405	1.037665282102564
6.955184293606105	1.0369058228997063
7.053144635769572	1.0361619438831686
7.151104977933039	1.035433314873545
7.249065320096505	1.0347196131041894
7.347025662259971	1.0340205230386461
7.444986004423437	1.0333357361931859
7.542946346586905	1.0326649509642856
7.640906688750371	1.0320078724608912
7.738867030913837	1.0313642123413107
7.836827373077303	1.0307336886545908
7.93478771524077	1.0301160256862325
8.032748057404236	1.0295109538081137
8.130708399567702	1.02891820933248
8.228668741731166	1.0283375343698848
8.326629083894632	1.0277686766909462
8.4245894260581	1.0272113895918118
8.522549768221566	1.026665431763212
8.620510110385032	1.026130567162991
8.718470452548498	1.0256065648920152
8.816430794711964	1.0250931990733474
8.91439113687543	1.024590248734598
9.012351479038898	1.0240974976933486
9.110311821202364	1.023614734445563
9.208272163365832	1.0231417520568913
9.306232505529298	1.022678348056786
9.404192847692762	1.0222243243353402
9.502153189856228	1.0217794870427772
9.600113532019694	1.0213436464915047
9.69807387418316	1.0209166170606638
9.796034216346627	1.0204982171031005
9.893994558510094	1.020088268854687
9.99195490067356	1.0196865983459282
10.089915242837026	1.0192930353157843
10.187875585000493	1.0189074131276503
10.285835927163959	1.0185295686874298
10.383796269327426	1.018159342363641
10.481756611490892	1.017796577909501
10.579716953654358	1.017441122386934
10.677677295817826	1.0170928260924446
10.775637637981292	1.016751542484808
10.873597980144758	1.0164171281145298
10.971558322308224	1.0160894425550178
11.06951866447169	1.0157683483354265
11.167479006635157	1.015453710875129
11.265439348798623	1.015145398419761
11.363399690962089	1.014843281978813
11.461360033125555	1.0145472352647098
11.55932037528902	1.0142571346333487
11.657280717452487	1.013972859026056
11.755241059615953	1.0136942899129189
11.853201401779419	1.0134213112374637
11.951161743942885	1.013153809362636
12.049122086106353	1.0128916730180566
12.147082428269819	1.0126347932485165
12.245042770433285	1.012383063363674
12.343003112596751	1.012136378888931
12.440963454760217	1.0118946375174538
12.538923796923683	1.0116577390633037
12.63688413908715	1.0114255854156593
12.734844481250615	1.011198080494094
12.832804823414083	1.0109751302048853
12.930765165577549	1.0107566423983265
13.028725507741015	1.0105425268270238
13.126685849904481	1.0103326951051392
13.224646192067947	1.0101270606685706
13.322606534231415	1.0099255387360366
13.420566876394881	1.0097280462710427
13.518527218558347	1.0095345019447153
13.616487560721815	1.0093448260994702
13.714447902885281	1.009158940713505
13.812408245048744	1.0089767693660907
13.91036858721221	1.0087982372036395
14.008328929375677	1.0086232709065381
14.106289271539143	1.00845179865672
14.20424961370261	1.0082837501059612
14.302209955866077	1.0081190563448852
14.400170298029543	1.0079576498726535
14.49813064019301	1.0077994645673318
14.596090982356476	1.0076444356569105
14.694051324519942	1.0074924996909642
14.792011666683408	1.0073435945129416
14.889972008846874	1.0071976592330598
14.987932351010341	1.007054634201797
15.08589269317381	1.0069144609839658
15.183853035337274	1.0067770823333568
15.281813377500741	1.0066424421679323
15.379773719664206	1.0065104855455635
15.477734061827674	1.0063811586402973
15.575694403991138	1.0062544087191367
15.673654746154606	1.0061301841193266
15.771615088318072	1.0060084342261333
15.86957543048154	1.0058891094511007
15.967535772645004	1.0057721612107817
16.06549611480847	1.0056575419059235
16.163456456971936	1.005545204901105
16.261416799135404	1.00543510450481
16.359377141298868	1.0053271959499268
16.457337483462332	1.0052214353746716
16.5552978256258	1.0051177798039133
16.653258167789264	1.0050161871309031
16.751218509952732	1.0049166160993914
16.8491788521162	1.004819026286126
16.947139194279668	1.004723378083725
17.045099536443132	1.0046296326839113
17.1430598786066	1.0045377520611058
17.241020220770064	1.0044476989563658
17.338980562933532	1.0043594368616664
17.436940905096996	1.0042729300045126
17.534901247260464	1.0041881433328776
17.63286158942393	1.0041050425004578
17.730821931587396	1.0040235938522402
17.82878227375086	1.0039437644103726
17.92674261591433	1.003865521860332
18.024702958077796	1.0037888345373827
18.12266330024126	1.0037136714133175
18.22062364240473	1.0036400020834813
18.318583984568196	1.0035677967540606
18.416544326731664	1.0034970262296439
18.51450466889513	1.0034276619010378
18.612465011058596	1.0033596757333425
18.71042535322206	1.0032930402542701
18.808385695385525	1.0032277285427116
18.906346037548992	1.0031637142175391
19.004306379712457	1.0031009714266412
19.102266721875925	1.003039474836187
19.20022706403939	1.0029791996201123
19.298187406202857	1.0029201214498238
19.39614774836632	1.002862216484118
19.49410809052979	1.0028054613593067
19.592068432693253	1.0027498331795495
19.69002877485672	1.002695309507382
19.78798911702019	1.0026418683544454
19.885949459183657	1.0025894881724018
19.98390980134712	1.0025381478440407
20.081870143510585	1.0024878266745667
20.179830485674053	1.0024385043830677
20.277790827837517	1.0023901610941583
20.375751170000985	1.0023427773297942
20.47371151216445	1.0022963340012565
20.571671854327917	1.0022508124012992
20.66963219649138	1.002206194196458
20.767592538654853	1.002162461419518
20.865552880818313	1.0021195964621339
20.963513222981785	1.002077582067602
21.061473565145246	1.0020364013237815
21.159433907308717	1.0019960376561585
21.25739424947218	1.001956474821052
21.355354591635653	1.0019176968989616
21.453314933799117	1.0018796882880465
21.551275275962585	1.0018424336977412
21.64923561812605	1.0018059181424985
21.747195960289517	1.001770126935663
21.84515630245298	1.0017350456834666
21.94311664461645	1.0017006602791496
22.041076986779913	1.0016669568971959
22.13903732894338	1.001633921987692
22.236997671106845	1.0016015422707953
22.334958013270313	1.0015698047313195
22.432918355433777	1.0015386966134243
22.530878697597245	1.001508205415418
22.62883903976071	1.0014783188846632
22.726799381924177	1.0014490250125856
22.824759724087645	1.0014203120297849
22.92272006625111	1.0013921684012446
23.020680408414577	1.0013645828216373
23.11864075057804	1.0013375442107282
23.21660109274151	1.001311041708867
23.314561434904974	1.0012850646725764
23.41252177706844	1.0012596026702247
23.510482119231906	1.0012346454777894
23.608442461395374	1.0012101830747044
23.706402803558838	1.0011862056397929
23.804363145722306	1.0011627035472785
23.90232348788577	1.0011396673628834
24.000283830049238	1.001117087839998
24.098244172212706	1.0010949559159332
24.196204514376173	1.0010732627082446
24.294164856539638	1.0010519995111333
24.392125198703106	1.0010311577919189
24.49008554086657	1.001010729187581
24.588045883030038	1.0009907055013731
24.686006225193502	1.000971078699504
24.78396656735697	1.000951840907885
24.881926909520434	1.0009329844089432
24.979887251683902	1.000914501638499
25.077847593847366	1.0008963851827064
25.17580793601083	1.0008786277750537
25.2737682781743	1.0008612222934257
25.371728620337763	1.0008441617572248
25.46968896250123	1.0008274393245489
25.567649304664698	1.000811048289427
25.665609646828166	1.0007949820791096
25.76356998899163	1.0007792342514141
25.861530331155098	1.0007637984921216
25.959490673318562	1.00074866861243
26.05745101548203	1.0007338385464528
26.155411357645495	1.0007193023487724
26.253371699808962	1.0007050541920388
26.351332041972427	1.0006910883646207
26.449292384135894	1.0006773992683
26.54725272629936	1.000663981416013
26.64521306846283	1.000650829429639
26.74317341062629	1.000637938037831
26.841133752789762	1.0006253020738896
26.939094094953223	1.0006129164736817
27.037054437116694	1.0006007762735984
27.13501477928016	1.0005888766085556
27.23297512144363	1.0005772127100327
27.330935463607094	1.0005657799041534
27.428895805770562	1.0005545736097994
27.526856147934026	1.00054358933677
27.624816490097487	1.0005328226839703
27.72277683226096	1.0005222693376403
27.82073717442442	1.0005119250696188
27.91869751658789	1.0005017857356404
28.016657858751355	1.0004918472736681
28.114618200914823	1.0004821057022584
28.212578543078287	1.000472557118958
28.310538885241755	1.0004631976987373
28.40849922740522	1.000454023692446
28.506459569568687	1.0004450314253097
28.604419911732155	1.0004362172954502
28.702380253895623	1.0004275777724365
28.800340596059087	1.000419109395865
28.898300938222555	1.0004108087739698
28.99626128038602	1.0004026725822568
29.094221622549487	1.0003946975621687
29.19218196471295	1.0003868805197749
29.29014230687642	1.0003792183244875
29.388102649039883	1.0003717079078032
29.48606299120335	1.000364346262071
29.584023333366815	1.0003571304392822
29.681983675530283	1.0003500575498867
29.779944017693747	1.000343124761633
29.877904359857215	1.000336329298429
29.975864702020683	1.000329668439228
30.07382504418415	1.000323139516935
30.17178538634762	1.0003167399173354
30.269745728511076	1.0003104670780476
30.367706070674547	1.00030431848749
30.46566641283801	1.000298291683876
30.563626755001483	1.0002923842542244
30.66158709716494	1.0002865938333896
30.75954743932841	1.0002809181031147
30.857507781491876	1.000275354791098
30.955468123655347	1.0002699016700836
31.05342846581881	1.000264556556966
31.151388807982276	1.000259317311913
31.24934915014574	1.0002541818375106
31.34730949230921	1.000249148077917
31.445269834472676	1.000244214018041
31.543230176636143	1.0002393776827312
31.641190518799608	1.000234637135986
31.73915086096308	1.0002299904801741
31.837111203126543	1.0002254358552756
31.935071545290008	1.0002209714381347
32.03303188745347	1.0002165954417288
32.13099222961694	1.0002123061144519
32.22895257178041	1.000208101739411
32.32691291394387	1.0002039806337397
32.42487325610734	1.0001999411479208
32.52283359827081	1.0001959816651271
32.620793940434275	1.0001921006005718
32.718754282597736	1.0001882964008728
32.816714624761204	1.0001845675434309
32.914674966924665	1.000180912535819
33.01263530908814	1.0001773299151833
33.1105956512516	1.0001738182476574
33.20855599341507	1.0001703761277867
33.30651633557853	1.0001670021779667
33.404476677742004	1.000163695047889
33.502437019905464	1.0001604534140007
33.60039736206893	1.0001572759789743
33.6983577042324	1.0001541614711873
33.79631804639587	1.0001511086442127
33.894278388559336	1.0001481162763197
33.992238730722796	1.000145183169983
34.090199072886264	1.0001423081514051
34.18815941504973	1.000139490070044
34.2861197572132	1.000136727798152
34.38408009937666	1.0001340202303262
34.48204044154013	1.0001313662830624
34.580000783703596	1.0001287648943242
34.677961125867064	1.0001262150231145
34.775921468030525	1.00012371564906
34.87388181019399	1.0001212657720038
34.97184215235746	1.0001188644116012
35.06980249452093	1.0001165106069296
35.167762836684396	1.0001142034161035
35.26572317884786	1.0001119419158957
35.363683521011325	1.0001097252013686
35.46164386317479	1.0001075523855123
35.55960420533826	1.0001054225988875
35.65756454750172	1.000103334989279
35.75552488966519	1.0001012887213527
35.85348523182866	1.0000992829763233
35.951445573992125	1.0000973169516236
36.04940591615559	1.0000953898605862
36.14736625831905	1.0000935009321248
36.24532660048252	1.0000916494104297
36.34328694264599	1.0000898345546603
36.44124728480946	1.000088055638653
36.539207626972924	1.0000863119506274
36.63716796913639	1.0000846027929018
36.73512831129985	1.000082927481615
36.83308865346333	1.000081285346452
36.93104899562679	1.0000796757303738
37.02900933779026	1.0000780979893575
37.12696967995372	1.000076551492136
37.22493002211719	1.000075035619945
37.32289036428065	1.0000735497662785
37.42085070644412	1.0000720933366418
37.51881104860758	1.0000706657483163
37.61677139077105	1.000069266430125
37.71473173293452	1.0000678948222037
37.812692075097985	1.0000665503757784
37.910652417261446	1.0000652325529438
38.00861275942491	1.0000639408264487
38.10657310158839	1.0000626746794843
38.20453344375185	1.0000614336054792
38.30249378591532	1.0000602171078943
38.40045412807878	1.000059024700025
38.49841447024225	1.000057855904807
38.59637481240571	1.000056710254624
38.69433515456918	1.0000555872911223
38.79229549673264	1.000054486565025
38.89025583889612	1.0000534076359537
38.98821618105958	1.0000523500722531
39.086176523223045	1.0000513134508155
39.184136865386506	1.0000502973569145
39.282097207549974	1.0000493013840357
39.38005754971344	1.000048325133718
39.47801789187691	1.00004736821539
39.57597823404038	1.0000464302462166
39.67393857620384	1.0000455108509447
39.77189891836731	1.000044609661753
39.869859260530774	1.0000437263181046
39.96781960269424	1.000042860466603
40.0657799448577	1.0000420117608508
40.16374028702117	1.0000411798613116
40.26170062918464	1.0000403644351716
40.359660971348106	1.0000395651562102
40.45762131351157	1.0000387817046659
40.555581655675034	1.0000380137671112
40.6535419978385	1.0000372610363244
40.75150234000197	1.0000365232111696
40.84946268216544	1.0000357999964735
40.9474230243289	1.0000350911029088
41.04538336649237	1.0000343962468787
41.143343708655834	1.0000337151504022
41.2413040508193	1.0000330475410026
41.33926439298276	1.0000323931516018
41.437224735146245	1.000031751720408
41.535185077309706	1.0000311229908156
41.633145419473166	1.0000305067113007
41.73110576163663	1.0000299026353197
41.82906610380011	1.0000293105212126
41.92702644596357	1.0000287301321038
42.02498678812703	1.0000281612358102
42.12294713029049	1.0000276036047457
42.22090747245397	1.000027057015831
42.318867814617434	1.0000265212504058
42.4168281567809	1.000025996094139
42.51478849894436	1.000025481336944
42.61274884110784	1.0000249767728953
42.710709183271305	1.0000244822001445
42.808669525434766	1.0000239974208418
42.906629867598234	1.0000235222410534
43.00459020976169	1.0000230564706885
43.10255055192517	1.0000225999234187
43.20051089408863	1.0000221524166064
43.2984712362521	1.0000217137712308
43.39643157841555	1.0000212838118154
43.494391920579034	1.0000208623663602
43.592352262742494	1.00002044926627
43.69031260490596	1.0000200443462888
43.78827294706942	1.0000196474444334
43.8862332892329	1.0000192584019276
43.984193631396366	1.0000188770631402
44.08215397355983	1.0000185032755209
44.180114315723294	1.0000181368895418
44.27807465788676	1.0000177777586352
44.37603500005023	1.0000174257391357
44.47399534221369	1.0000170806902229
44.57195568437716	1.0000167424738655
44.669916026540626	1.0000164109547656
44.767876368704094	1.0000160860003038
44.865836710867555	1.0000157674804875
44.96379705303102	1.000015455267898
45.06175739519449	1.0000151492376403
45.15971773735796	1.0000148492672922
45.25767807952142	1.000014555236856
45.35563842168489	1.0000142670287098
45.453598763848355	1.0000139845275613
45.55155910601182	1.0000137076204014
45.64951944817529	1.000013436196459
45.74747979033875	1.0000131701471557
45.84544013250222	1.000012909366064
45.94340047466569	1.000012653748863
46.041360816829155	1.0000124031932989
46.139321158992615	1.0000121575991419
46.23728150115608	1.000011916868147
46.33524184331955	1.0000116809040152
46.43320218548302	1.000011449612354
46.53116252764648	1.00001122290064
46.62912286980995	1.000011000678182
46.727083211973415	1.000010782856085
46.82504355413688	1.000010569347214
46.92300389630035	1.00001036006616
47.02096423846381	1.0000101549292046
47.11892458062729	1.0000099538542875
47.21688492279075	1.0000097567609731
47.314845264954215	1.0000095635704194
47.412805607117676	1.0000093742053444
47.51076594928115	1.0000091885899975
47.60872629144461	1.000009006650128
47.70668663360808	1.000008828312955
47.80464697577154	1.0000086535071389
47.90260731793501	1.0000084821627533
48.000567660098476	1.0000083142112557
48.09852800226194	1.0000081495854618
48.19648834442541	1.0000079882195165
48.29444868658887	1.0000078300488702
48.39240902875235	1.0000076750102502
48.49036937091581	1.0000075230416374
48.588329713079276	1.0000073740822413
48.686290055242736	1.0000072280724732
48.78425039740621	1.000007084953927
48.88221073956967	1.0000069446693511
48.98017108173314	1.0000068071626287
49.0781314238966	1.000006672378754
49.176091766060075	1.0000065402638096
49.274052108223536	1.0000064107649473
49.372012450387004	1.0000062838303638
49.469972792550465	1.0000061594092828
49.56793313471394	1.000006037451933
49.6658934768774	1.0000059179095286
49.76385381904087	1.0000058007342496
49.861814161204336	1.0000056858792237
49.959774503367804	1.0000055732985058
50.05773484553127	1.0000054629470614
50.15569518769473	1.0000053547807475
50.2536555298582	1.0000052487562952
50.35161587202166	1.0000051448312919
50.449576214185136	1.0000050429641658
50.5475365563486	1.0000049431141675
50.645496898512064	1.0000048452413548
50.743457240675525	1.0000047493065767
50.841417582839	1.000004655271457
50.93937792500246	1.0000045630983794
51.03733826716593	1.000004472750473
51.135298609329396	1.0000043841915964
51.233258951492864	1.0000042973863243
51.33121929365633	1.0000042122999329
51.42917963581979	1.0000041288983852
51.52713997798326	1.0000040471483191
51.62510032014673	1.000003967017033
51.723060662310196	1.0000038884724725
51.82102100447366	1.000003811483218
51.918981346637125	1.000003736018472
52.01694168880059	1.0000036620480475
52.11490203096406	1.0000035895423545
52.21286237312752	1.0000035184723888
52.31082271529099	1.0000034488097214
52.408783057454464	1.0000033805264854
52.506743399617925	1.0000033135953663
52.60470374178139	1.00000324798959
52.70266408394485	1.0000031836829126
52.80062442610832	1.0000031206496105
52.89858476827179	1.0000030588644688
52.99654511043526	1.0000029983027725
53.09450545259872	1.0000029389402951
53.192465794762185	1.0000028807532904
53.29042613692566	1.0000028237184826
53.38838647908912	1.000002767813056
53.48634682125258	1.000002713014648
53.58430716341605	1.0000026593013376
53.682267505579524	1.0000026066516385
53.78022784774299	1.0000025550444895
53.878188189906446	1.0000025044592467
53.976148532069914	1.0000024548756745
54.07410887423339	1.0000024062739392
54.17206921639686	1.0000023586345985
54.27002955856032	1.0000023119385957
54.36798990072378	1.0000022661672512
54.46595024288726	1.0000022213022561
54.56391058505072	1.0000021773256627
54.66187092721419	1.0000021342198797
54.75983126937764	1.0000020919676638
54.857791611541124	1.000002050552113
54.955751953704585	1.0000020099566602
55.05371229586805	1.0000019701650669
55.15167263803151	1.0000019311614148
55.249632980194974	1.0000018929301016
55.34759332235845	1.0000018554558343
55.44555366452192	1.0000018187236221
55.54351400668538	1.0000017827187713
55.64147434884884	1.000001747426879
55.73943469101232	1.0000017128338283
55.83739503317578	1.0000016789257804
55.93535537533925	1.0000016456891712
56.03331571750271	1.000001613110706
56.131276059666185	1.0000015811773517
56.229236401829645	1.0000015498763355
56.32719674399311	1.0000015191951352
56.425157086156574	1.0000014891214777
56.52311742832005	1.000001459643333
56.62107777048351	1.000001430748909
56.71903811264698	1.0000014024266475
56.81699845481044	1.0000013746652185
56.91495879697391	1.0000013474535174
57.012919139137374	1.0000013207806582
57.11087948130084	1.000001294635971
57.20883982346431	1.0000012690089977
57.30680016562778	1.0000012438894865
57.404760507791245	1.0000012192673893
57.502720849954706	1.0000011951328567
57.600681192118174	1.0000011714762338
57.698641534281634	1.0000011482880575
57.79660187644511	1.000001125559052
57.89456221860857	1.0000011032801248
57.99252256077204	1.0000010814423643
58.0904829029355	1.0000010600370346
58.18844324509897	1.0000010390555725
58.286403587262434	1.0000010184895853
58.3843639294259	1.000000998330846
58.48232427158937	1.0000009785712902
58.58028461375284	1.0000009592030141
58.678244955916306	1.0000009402182692
58.776205298079766	1.0000009216094616
58.874165640243234	1.000000903369147
58.9721259824067	1.0000008854900286
59.07008632457017	1.0000008679649546
59.16804666673363	1.000000850786914
59.2660070088971	1.0000008339490352
59.363967351060566	1.0000008174445827
59.461927693224034	1.0000008012669537
59.559888035387495	1.0000007854096777
59.657848377550955	1.0000007698664104
59.75580871971443	1.000000754630934
59.8537690618779	1.0000007396971542
59.951729404041366	1.0000007250590968
60.04968974620483	1.0000007107109063
60.1476500883683	1.0000006966468427
60.24561043053177	1.00000068286128
60.34357077269524	1.0000006693487031
60.441531114858684	1.0000006561037074
60.53949145702215	1.0000006431209938
60.63745179918563	1.000000630395369
60.735412141349094	1.0000006179217422
60.833372483512555	1.0000006056951232
60.93133282567602	1.0000005937106213
61.0292931678395	1.000000581963442
61.127253510002966	1.0000005704488868
61.225213852166426	1.0000005591623482
61.32317419432988	1.000000548099312
61.421134536493355	1.000000537255352
61.51909487865682	1.0000005266261307
61.61705522082029	1.000000516207396
61.71501556298375	1.0000005059949792
61.81297590514723	1.0000004959847957
61.910936247310694	1.000000486172841
62.00889658947416	1.0000004765551895
62.10685693163762	1.0000004671279943
62.20481727380109	1.0000004578874833
62.30277761596455	1.0000004488299603
62.40073795812802	1.0000004399518019
62.49869830029148	1.0000004312494568
62.59665864245496	1.0000004227194432
62.69461898461842	1.000000414358349
62.79257932678189	1.000000406162829
62.89053966894535	1.0000003981296046
62.98850001110882	1.0000003902554626
63.08646035327229	1.0000003825372528
63.18442069543575	1.0000003749718873
63.282381037599215	1.0000003675563396
63.380341379762676	1.0000003602876433
63.47830172192616	1.0000003531628907
63.57626206408962	1.000000346179231
63.67422240625309	1.0000003393338708
63.77218274841655	1.0000003326240714
63.870143090580015	1.0000003260471484
63.968103432743476	1.000000319600471
64.06606377490694	1.0000003132814599
64.16402411707041	1.0000003070875874
64.26198445923389	1.000000301016375
64.35994480139735	1.0000002950653943
64.45790514356082	1.000000289232265
64.55586548572428	1.0000002835146529
64.65382582788774	1.0000002779102704
64.7517861700512	1.000000272416876
64.84974651221468	1.0000002670322714
64.94770685437814	1.0000002617543031
65.04566719654161	1.000000256580859
65.14362753870508	1.0000002515098694
65.24158788086855	1.0000002465393059
65.33954822303201	1.0000002416671798
65.43750856519547	1.000000236891542
65.53546890735893	1.0000002322104813
65.63342924952241	1.0000002276221256
65.73138959168587	1.000000223124639
65.82934993384933	1.0000002187162227
65.9273102760128	1.0000002143951119
66.02527061817628	1.0000002101595786
66.12323096033974	1.000000206007928
66.2211913025032	1.0000002019384993
66.31915164466668	1.0000001979496644
66.41711198683014	1.000000194039827
66.5150723289936	1.0000001902074234
66.61303267115706	1.0000001864509198
66.71099301332055	1.0000001827688136
66.80895335548401	1.000000179159632
66.90691369764747	1.0000001756219303
67.00487403981093	1.0000001721542935
67.1028343819744	1.000000168755334
67.20079472413786	1.0000001654236916
67.29875506630133	1.0000001621580343
67.3967154084648	1.0000001589570549
67.49467575062828	1.0000001558194724
67.59263609279174	1.0000001527440319
67.6905964349552	1.000000149729503
67.78855677711867	1.000000146774679
67.88651711928213	1.000000143878378
67.98447746144559	1.0000001410394417
68.08243780360905	1.0000001382567332
68.18039814577253	1.0000001355291401
68.27835848793599	1.00000013285557
68.37631883009946	1.0000001302349542
68.47427917226292	1.0000001276662434
68.5722395144264	1.0000001251484099
68.67019985658986	1.0000001226804467
68.76816019875332	1.0000001202613658
68.8661205409168	1.0000001178901998
68.96408088308026	1.0000001155659994
69.06204122524372	1.0000001132878351
69.16000156740719	1.0000001110547947
69.25796190957067	1.0000001088659853
69.35592225173413	1.0000001067205304
69.45388259389759	1.0000001046175724
69.55184293606105	1.0000001025562693
69.64980327822452	1.0000001005357961
69.74776362038799	1.0000000985553446
69.84572396255145	1.0000000966141223
69.94368430471492	1.0000000947113523
70.0416446468784	1.0000000928462736
70.13960498904186	1.000000091018139
70.23756533120532	1.0000000892262177
70.33552567336879	1.0000000874697923
70.43348601553225	1.0000000857481604
70.53144635769571	1.0000000840606322
70.62940669985917	1.0000000824065332
70.72736704202265	1.000000080785201
70.82532738418612	1.0000000791959867
70.92328772634959	1.000000077638255
71.02124806851305	1.0000000761113816
71.11920841067652	1.0000000746147562
71.21716875284	1.0000000731477794
71.31512909500344	1.000000071709864
71.41308943716692	1.0000000703004353
71.51104977933038	1.0000000689189286
71.60901012149385	1.000000067564791
71.70697046365731	1.0000000662374808
71.80493080582079	1.0000000649364669
71.90289114798425	1.000000063661228
72.00085149014772	1.0000000624112544
72.09881183231118	1.0000000611860451
72.19677217447465	1.0000000599851104
72.2947325166381	1.0000000588079696
72.39269285880158	1.0000000576541512
72.49065320096504	1.0000000565231935
72.58861354312852	1.0000000554146435
72.68657388529198	1.0000000543280585
72.78453422745544	1.0000000532630022
72.88249456961891	1.0000000522190495
72.98045491178239	1.0000000511957818
73.07841525394585	1.0000000501927897
73.1763755961093	1.0000000492096721
73.27433593827278	1.000000048246035
73.37229628043625	1.0000000473014923
73.4702566225997	1.0000000463756669
73.56821696476317	1.0000000454681874
73.66617730692666	1.0000000445786912
73.76413764909012	1.000000043706821
73.86209799125358	1.000000042852229
73.96005833341704	1.0000000420145727
74.05801867558051	1.0000000411935168
74.15597901774397	1.0000000403887321
74.25393935990743	1.0000000395998971
74.3518997020709	1.0000000388266954
74.44986004423438	1.0000000380688179
74.54782038639785	1.0000000373259612
74.6457807285613	1.000000036597827
74.74374107072478	1.0000000358841248
74.84170141288824	1.0000000351845684
74.9396617550517	1.0000000344988778
75.03762209721516	1.0000000338267783
75.13558243937864	1.0000000331680006
75.2335427815421	1.000000032522281
75.33150312370557	1.0000000318893616
75.42946346586903	1.0000000312689883
75.52742380803251	1.0000000306609127
75.62538415019597	1.0000000300648915
75.72334449235943	1.0000000294806857
75.82130483452289	1.0000000289080617
75.91926517668637	1.00000002834679
76.01722551884983	1.0000000277966459
76.1151858610133	1.0000000272574083
76.21314620317678	1.0000000267288625
76.31110654534024	1.0000000262107962
76.4090668875037	1.0000000257030017
76.50702722966716	1.0000000252052759
76.60498757183063	1.0000000247174192
76.7029479139941	1.0000000242392362
76.80090825615756	1.0000000237705358
76.89886859832103	1.0000000233111297
76.9968289404845	1.000000022860834
77.09478928264797	1.000000022419468
77.19274962481143	1.000000021986856
77.29070996697489	1.0000000215628229
77.38867030913836	1.0000000211472002
77.48663065130182	1.000000020739821
77.58459099346528	1.0000000203405222
77.68255133562877	1.0000000199491434
77.78051167779223	1.000000019565528
77.8784720199557	1.0000000191895224
77.97643236211916	1.0000000188209759
78.07439270428263	1.0000000184597404
78.17235304644609	1.0000000181056716
78.27031338860955	1.0000000177586275
78.36827373077301	1.0000000174184687
78.46623407293649	1.0000000170850591
78.56419441509995	1.0000000167582652
78.66215475726341	1.0000000164379557
78.76011509942688	1.0000000161240024
78.85807544159036	1.0000000158162792
78.95603578375382	1.0000000155146629
79.05399612591728	1.000000015219033
79.15195646808075	1.00000001492927
79.24991681024422	1.0000000146452586
79.34787715240768	1.0000000143668843
79.44583749457114	1.0000000140940362
79.54379783673463	1.0000000138266043
79.64175817889809	1.0000000135644813
79.73971852106155	1.0000000133075622
79.83767886322501	1.000000013055744
79.93563920538848	1.0000000128089261
80.03359954755194	1.0000000125670085
80.1315598897154	1.0000000123298953
80.22952023187888	1.0000000120974906
80.32748057404234	1.0000000118697017
80.42544091620582	1.0000000116464365
80.52340125836928	1.000000011427606
80.62136160053275	1.000000011213122
80.71932194269621	1.0000000110028988
80.81728228485967	1.000000010796852
80.91524262702313	1.0000000105948987
81.01320296918661	1.000000010396958
81.11116331135007	1.0000000102029503
81.20912365351356	1.0000000100127977
81.307083995677	1.0000000098264241
81.40504433784048	1.0000000096437545
81.50300468000394	1.0000000094647155
81.6009650221674	1.0000000092892352
81.69892536433088	1.0000000091172434
81.79688570649434	1.000000008948671
81.8948460486578	1.0000000087834497
81.99280639082129	1.0000000086215137
82.09076673298475	1.000000008462798
82.18872707514821	1.0000000083072387
82.28668741731167	1.000000008154773
82.38464775947513	1.0000000080053402
82.4826081016386	1.0000000078588795
82.58056844380206	1.000000007715333
82.67852878596553	1.0000000075746422
82.77648912812899	1.000000007436751
82.87444947029249	1.0000000073016035
82.97240981245595	1.000000007169146
83.07037015461941	1.000000007039325
83.16833049678287	1.000000006912088
83.26629083894633	1.000000006787384
83.3642511811098	1.0000000066651629
83.46221152327325	1.0000000065453756
83.56017186543673	1.0000000064279737
83.65813220760022	1.0000000063129102
83.75609254976368	1.0000000062001386
83.85405289192714	1.0000000060896137
83.95201323409061	1.000000005981291
84.04997357625406	1.0000000058751266
84.14793391841752	1.000000005771078
84.24589426058098	1.0000000056691034
84.34385460274446	1.0000000055691616
84.44181494490795	1.0000000054712124
84.53977528707141	1.0000000053752163
84.63773562923487	1.0000000052811344
84.73569597139834	1.000000005188929
84.8336563135618	1.0000000050985633
84.93161665572525	1.0000000050100004
85.02957699788873	1.0000000049232047
85.12753734005219	1.0000000048381412
85.22549768221567	1.0000000047547757
85.32345802437914	1.0000000046730748
85.42141836654261	1.0000000045930049
85.51937870870607	1.000000004514534
85.61733905086953	1.0000000044376307
85.71529939303299	1.0000000043622639
85.81325973519647	1.000000004288403
85.91122007735991	1.000000004216018
86.00918041952337	1.00000000414508
86.10714076168686	1.0000000040755601
86.20510110385034	1.0000000040074308
86.3030614460138	1.0000000039406638
86.40102178817726	1.0000000038752324
86.49898213034074	1.0000000038111103
86.5969424725042	1.0000000037482717
86.69490281466766	1.0000000036866907
86.7928631568311	1.0000000036263426
86.8908234989946	1.0000000035672032
86.98878384115807	1.0000000035092482
87.08674418332153	1.0000000034524548
87.18470452548499	1.0000000033967993
87.28266486764846	1.0000000033422594
87.38062520981192	1.000000003288813
87.47858555197539	1.0000000032364385
87.57654589413885	1.0000000031851148
87.67450623630234	1.0000000031348208
87.7724665784658	1.0000000030855365
87.87042692062926	1.0000000030372413
87.96838726279273	1.0000000029899165
88.06634760495619	1.000000002943542
88.16430794711965	1.0000000028980995
88.26226828928311	1.0000000028535703
88.36022863144659	1.0000000028099363
88.45818897361005	1.0000000027671803
88.55614931577352	1.0000000027252842
88.65410965793698	1.0000000026842313
88.75207000010046	1.0000000026440048
88.85003034226392	1.0000000026045888
88.94799068442738	1.0000000025659666
89.04595102659084	1.0000000025281226
89.14391136875432	1.0000000024910416
89.24187171091778	1.0000000024547084
89.33983205308125	1.0000000024191085
89.43779239524473	1.000000002384227
89.53575273740819	1.0000000023500497
89.63371307957165	1.0000000023165627
89.73167342173511	1.0000000022837525
89.82963376389858	1.0000000022516056
89.92759410606205	1.0000000022201085
90.0255544482255	1.0000000021892488
90.12351479038898	1.0000000021590139
90.22147513255246	1.0000000021293913
90.31943547471592	1.0000000021003685
90.41739581687938	1.0000000020719344
90.51535615904284	1.0000000020440765
90.61331650120631	1.000000002016784
90.71127684336977	1.0000000019900457
90.80923718553323	1.0000000019638502
90.90719752769671	1.000000001938187
91.00515786986018	1.0000000019130455
91.10311821202365	1.0000000018884156
91.2010785541871	1.000000001864287
91.29903889635058	1.0000000018406494
91.39699923851404	1.0000000018174937
91.4949595806775	1.00000000179481
91.59291992284096	1.0000000017725892
91.69088026500444	1.000000001750822
91.78884060716791	1.0000000017294992
91.88680094933137	1.0000000017086121
91.98476129149483	1.0000000016881525
92.08272163365831	1.0000000016681114
92.18068197582177	1.0000000016484807
92.27864231798523	1.0000000016292523
92.3766026601487	1.0000000016104182
92.47456300231217	1.000000001591971
92.57252334447564	1.0000000015739023
92.6704836866391	1.000000001556205
92.76844402880258	1.0000000015388717
92.86640437096604	1.0000000015218953
92.9643647131295	1.0000000015052686
93.06232505529296	1.0000000014889847
93.16028539745643	1.0000000014730366
93.2582457396199	1.0000000014574182
93.35620608178336	1.0000000014421226
93.45416642394683	1.0000000014271433
93.5521267661103	1.0000000014124741
93.65008710827377	1.0000000013981092
93.74804745043723	1.0000000013840424
93.8460077926007	1.0000000013702675
93.94396813476416	1.000000001356779
94.04192847692762	1.000000001343571
94.13988881909108	1.0000000013306383
94.23784916125457	1.0000000013179753
94.33580950341803	1.0000000013055765
94.4337698455815	1.0000000012934367
94.53173018774496	1.000000001281551
94.62969052990843	1.0000000012699142
94.72765087207189	1.0000000012585217
94.82561121423535	1.000000001247368
94.92357155639883	1.0000000012364487
95.0215318985623	1.0000000012257593
95.11949224072576	1.0000000012152954
95.21745258288922	1.000000001205052
95.3154129250527	1.000000001195025
95.41337326721616	1.0000000011852102
95.51133360937962	1.0000000011756032
95.60929395154308	1.0000000011662002
95.70725429370655	1.000000001156997
95.80521463587002	1.0000000011479895
95.90317497803349	1.0000000011391739
96.00113532019695	1.0000000011305465
96.09909566236043	1.0000000011221035
96.19705600452389	1.0000000011138412
96.29501634668735	1.0000000011057562
96.39297668885082	1.0000000010978447
96.49093703101428	1.0000000010901038
96.58889737317774	1.0000000010825294
96.68685771534122	1.0000000010751187
96.7848180575047	1.000000001067868
96.88277839966815	1.000000001060775
96.98073874183162	1.0000000010538357
97.07869908399508	1.0000000010470473
97.17665942615855	1.000000001040407
97.27461976832201	1.0000000010339118
97.37258011048547	1.0000000010275591
97.47054045264895	1.0000000010213455
97.56850079481242	1.0000000010152683
97.66646113697588	1.0000000010093253
97.76442147913934	1.0000000010035133
97.8623818213028	1.0000000009978303
