0.0	1.1618342427282833
0.09796034216346627	1.1583853524439003
0.19592068432693255	1.1550148728703882
0.2938810264903988	1.151720821855071
0.3918413686538651	1.1485012753675088
0.4898017108173314	1.1453543654803462
0.5877620529807976	1.1422782784324725
0.685722395144264	1.1392712527706474
0.7836827373077302	1.1363315775659635
0.8816430794711965	1.133457590701685
0.9796034216346629	1.130647677229196
1.077563763798129	1.1279002677889525
1.1755241059615953	1.125213837093491
1.2734844481250616	1.1225869024697015
1.371444790288528	1.1200180224577017
1.4694051324519941	1.1175057954638006
1.5673654746154604	1.1150488584651486
1.6653258167789269	1.1126458857637977
1.763286158942393	1.1102955877880114
1.8612465011058592	1.1079967099387609
1.9592068432693257	1.1057480314794539
2.0571671854327915	1.1035483644670325
2.155127527596258	1.101396552722667
2.2530878697597245	1.0992914708403567
2.3510482119231906	1.0972320232318382
2.4490085540866566	1.095217143206262
2.546968896250123	1.0932457920831882
2.6449292384135896	1.0913169583375022
2.742889580577056	1.089429656774942
2.840849922740522	1.0875829277369562
2.9388102649039882	1.0857758363337064
3.0367706070674547	1.084007471704054
3.1347309492309208	1.0822769463014406
3.2326912913943873	1.0805833952046184
3.3306516335578538	1.0789259754522293
3.4286119757213203	1.0773038654002818
3.526572317884786	1.0757162641016154
3.6245326600482524	1.0741623907064857
3.7224930022117184	1.0726414838834333
3.8204533443751854	1.0711528012596545
3.9184136865386514	1.0696956188801008
4.016374028702118	1.0682692306845964
4.114334370865583	1.0668729480022665
4.21229471302905	1.0655060990626273
4.310255055192516	1.0641680285226898
4.408215397355982	1.0628580970094788
4.506175739519449	1.0615756806773822
4.604136081682916	1.0603201707797738
4.702096423846381	1.059090973254382
4.800056766009847	1.057887508321883
4.898017108173313	1.0567092100972435
4.99597745033678	1.0555555262133316
5.093937792500246	1.0544259174563588
5.191898134663713	1.053319857412709
5.289858476827179	1.0522368321267581
5.387818818990646	1.0511763397692757
5.485779161154112	1.0501378903160326
5.583739503317578	1.0491210052362563
5.681699845481044	1.0481252171905766
5.77966018764451	1.0471500697381313
5.8776205298079764	1.0461951170525106
5.9755808719714425	1.0452599236462263
6.073541214134909	1.0443440641034154
6.1715015562983755	1.043447122820491
6.2694618984618415	1.0425686937544627
6.367422240625308	1.0417083801786713
6.4653825827887745	1.0408657944456805
6.563342924952241	1.04004055775708
6.6613032671157075	1.0392322999399748
6.759263609279174	1.0384406592299282
6.8572239514426405	1.0376652820601477
6.955184293606105	1.0369058228567025
7.053144635769572	1.0361619438395775
7.151104977933039	1.0354333148293666
7.249065320096505	1.0347196130594236
7.347025662259971	1.0340205229932928
7.444986004423437	1.0333357361472455
7.542946346586905	1.0326649509177577
7.640906688750371	1.0320078724137758
7.738867030913837	1.031364212293608
7.836827373077303	1.0307336886063008
7.93478771524077	1.030116025637355
8.032748057404236	1.0295109537586487
8.130708399567702	1.0289182092824274
8.228668741731166	1.0283375343192447
8.326629083894632	1.0277686766397183
8.4245894260581	1.0272113895399961
8.522549768221566	1.0266654317108084
8.620510110385032	1.0261305671099996
8.718470452548498	1.0256065648384358
8.816430794711964	1.0250931990191798
8.91439113687543	1.0245902486798422
9.012351479038898	1.0240974976380046
9.110311821202364	1.0236147343896307
9.208272163365832	1.0231417520003705
9.306232505529298	1.0226783479996766
9.404192847692762	1.022224324277642
9.502153189856228	1.0217794869844903
9.600113532019694	1.0213436464326289
9.69807387418316	1.0209166170011992
9.796034216346627	1.0204982170430466
9.893994558510094	1.0200882687940438
9.99195490067356	1.0196865982846957
10.089915242837026	1.019293035253962
10.187875585000493	1.0189074130652385
10.285835927163959	1.0185295686244282
10.383796269327426	1.0181593423000497
10.481756611490892	1.0177965778453197
10.579716953654358	1.0174411223221622
10.677677295817826	1.0170928260270826
10.775637637981292	1.0167515424188556
10.873597980144758	1.0164171280479868
10.971558322308224	1.016089442487884
11.06951866447169	1.0157683482677018
11.167479006635157	1.0154537108068131
11.265439348798623	1.0151453983508538
11.363399690962089	1.0148432819093147
11.461360033125555	1.01454723519462
11.55932037528902	1.0142571345626674
11.657280717452487	1.0139728589547827
11.755241059615953	1.013694289841054
11.853201401779419	1.0134213111650068
11.951161743942885	1.0131538092895869
12.049122086106353	1.0128916729444153
12.147082428269819	1.0126347931742825
12.245042770433285	1.0123830632888473
12.343003112596751	1.0121363788135118
12.440963454760217	1.0118946374414415
12.538923796923683	1.0116577389866983
12.63688413908715	1.0114255853384608
12.734844481250615	1.0111980804163023
12.832804823414083	1.0109751301264998
12.930765165577549	1.0107566423193475
13.028725507741015	1.010542526747451
13.126685849904481	1.0103326950249725
13.224646192067947	1.0101270605878099
13.322606534231415	1.0099255386546815
13.420566876394881	1.0097280461890934
13.518527218558347	1.0095345018621713
13.616487560721815	1.0093448260163316
13.714447902885281	1.0091589406297716
13.812408245048744	1.0089767692817624
13.91036858721221	1.008798237118716
14.008328929375677	1.0086232708210197
14.106289271539143	1.008451798570606
14.20424961370261	1.0082837500192519
14.302209955866077	1.0081190562575801
14.400170298029543	1.0079576497847527
14.49813064019301	1.007799464478835
14.596090982356476	1.0076444355678178
14.694051324519942	1.0074924996012753
14.792011666683408	1.0073435944226565
14.889972008846874	1.007197659142178
14.987932351010341	1.0070546341103186
15.08589269317381	1.0069144608918907
15.183853035337274	1.006777082240685
15.281813377500741	1.0066424420746634
15.379773719664206	1.0065104854516975
15.477734061827674	1.0063811585458342
15.575694403991138	1.0062544086240763
15.673654746154606	1.006130184023669
15.771615088318072	1.0060084341298778
15.86957543048154	1.0058891093542475
15.967535772645004	1.0057721611133308
16.06549611480847	1.0056575418078746
16.163456456971936	1.0055452048024582
16.261416799135404	1.0054351044055647
16.359377141298868	1.0053271958500833
16.457337483462332	1.0052214352742297
16.5552978256258	1.005117779702873
16.653258167789264	1.005016187029264
16.751218509952732	1.0049166159971534
16.8491788521162	1.0048190261832892
16.947139194279668	1.0047233779802893
17.045099536443132	1.0046296325798765
17.1430598786066	1.0045377519564718
17.241020220770064	1.0044476988511324
17.338980562933532	1.0043594367558335
17.436940905096996	1.0042729298980804
17.534901247260464	1.0041881432258457
17.63286158942393	1.0041050423928262
17.730821931587396	1.0040235937440085
17.82878227375086	1.0039437643015412
17.92674261591433	1.0038655217509007
18.024702958077796	1.003788834427351
18.12266330024126	1.0037136713026855
18.22062364240473	1.0036400019722491
18.318583984568196	1.003567796642228
18.416544326731664	1.0034970261172107
18.51450466889513	1.0034276617880042
18.612465011058596	1.003359675619708
18.71042535322206	1.0032930401400348
18.808385695385525	1.0032277284278754
18.906346037548992	1.0031637141021021
19.004306379712457	1.0031009713106032
19.102266721875925	1.0030394747195477
19.20022706403939	1.0029791995028718
19.298187406202857	1.0029201213319818
19.39614774836632	1.0028622163656749
19.49410809052979	1.002805461240262
19.592068432693253	1.0027498330599032
19.69002877485672	1.002695309387134
19.78798911702019	1.0026418682335956
19.885949459183657	1.0025894880509503
19.98390980134712	1.0025381477219872
20.081870143510585	1.0024878265519113
20.179830485674053	1.0024385042598103
20.277790827837517	1.0023901609702988
20.375751170000985	1.0023427772053324
20.47371151216445	1.0022963338761923
20.571671854327917	1.0022508122756328
20.66963219649138	1.0022061940701892
20.767592538654853	1.0021624612926465
20.865552880818313	1.0021195963346599
20.963513222981785	1.0020775819395256
21.061473565145246	1.0020364011951022
21.159433907308717	1.0019960375268764
21.25739424947218	1.001956474691167
21.355354591635653	1.001917696768474
21.453314933799117	1.0018796881569558
21.551275275962585	1.0018424335660474
21.64923561812605	1.0018059180102017
21.747195960289517	1.0017701268027628
21.84515630245298	1.0017350455499634
21.94311664461645	1.001700660145043
22.041076986779913	1.0016669567624858
22.13903732894338	1.0016339218523787
22.236997671106845	1.0016015421348787
22.334958013270313	1.0015698045947992
22.432918355433777	1.0015386964763004
22.530878697597245	1.0015082052776907
22.62883903976071	1.001478318746332
22.726799381924177	1.0014490248736505
22.824759724087645	1.001420311890246
22.92272006625111	1.001392168261102
23.020680408414577	1.0013645826808908
23.11864075057804	1.0013375440693777
23.21660109274151	1.0013110415669126
23.314561434904974	1.001285064530018
23.41252177706844	1.0012596025270621
23.510482119231906	1.0012346453340226
23.608442461395374	1.0012101829303335
23.706402803558838	1.0011862054948175
23.804363145722306	1.0011627034016992
23.90232348788577	1.0011396672166997
24.000283830049238	1.0011170876932098
24.098244172212706	1.0010949557685405
24.196204514376173	1.0010732625602474
24.294164856539638	1.0010519993625318
24.392125198703106	1.0010311576427127
24.49008554086657	1.00101072903777
24.588045883030038	1.0009907053509577
24.686006225193502	1.0009710785484838
24.78396656735697	1.00095184075626
24.881926909520434	1.0009329842567134
24.979887251683902	1.0009145014856646
25.077847593847366	1.000896385029267
25.17580793601083	1.0008786276210093
25.2737682781743	1.0008612221387765
25.371728620337763	1.0008441616019705
25.46968896250123	1.0008274391686895
25.567649304664698	1.0008110481329628
25.665609646828166	1.0007949819220403
25.76356998899163	1.0007792340937396
25.861530331155098	1.000763798333842
25.959490673318562	1.0007486684535452
26.05745101548203	1.0007338383869628
26.155411357645495	1.000719302188677
26.253371699808962	1.0007050540313382
26.351332041972427	1.0006910882033146
26.449292384135894	1.0006773991063886
26.54725272629936	1.0006639812534963
26.64521306846283	1.000650829266517
26.74317341062629	1.0006379378741035
26.841133752789762	1.0006253019095566
26.939094094953223	1.0006129163087432
27.037054437116694	1.0006007761080544
27.13501477928016	1.000588876442406
27.23297512144363	1.0005772125432777
27.330935463607094	1.0005657797367926
27.428895805770562	1.000554573441833
27.526856147934026	1.000543589168198
27.624816490097487	1.0005328225147925
27.72277683226096	1.0005222691678568
27.82073717442442	1.0005119248992296
27.91869751658789	1.0005017855646454
28.016657858751355	1.0004918471020674
28.114618200914823	1.0004821055300517
28.212578543078287	1.0004725569461457
28.310538885241755	1.0004631975253189
28.40849922740522	1.0004540235184216
28.506459569568687	1.0004450312506794
28.604419911732155	1.000436217120214
28.702380253895623	1.0004275775965945
28.800340596059087	1.000419109219417
28.898300938222555	1.0004108085969157
28.99626128038602	1.0004026724045967
29.094221622549487	1.0003946973839024
29.19218196471295	1.0003868803409024
29.29014230687642	1.000379218145009
29.388102649039883	1.0003717077277188
29.48606299120335	1.0003643460813803
29.584023333366815	1.0003571302579852
29.681983675530283	1.0003500573679838
29.779944017693747	1.0003431245791239
29.877904359857215	1.0003363291153136
29.975864702020683	1.0003296682555063
30.07382504418415	1.000323139332607
30.17178538634762	1.0003167397324013
30.269745728511076	1.0003104668925071
30.367706070674547	1.0003043183013434
30.46566641283801	1.000298291497123
30.563626755001483	1.000292384066865
30.66158709716494	1.000286593645424
30.75954743932841	1.0002809179145424
30.857507781491876	1.0002753546019194
30.955468123655347	1.0002699014802987
31.05342846581881	1.0002645563665744
31.151388807982276	1.0002593171209153
31.24934915014574	1.0002541816459063
31.34730949230921	1.000249147885706
31.445269834472676	1.0002442138252239
31.543230176636143	1.0002393774893075
31.641190518799608	1.000234636941956
31.73915086096308	1.0002299902855374
31.837111203126543	1.0002254356600324
31.935071545290008	1.000220971242285
32.03303188745347	1.0002165952452726
32.13099222961694	1.0002123059173889
32.22895257178041	1.0002081015417417
32.32691291394387	1.0002039804354637
32.42487325610734	1.000199940949038
32.52283359827081	1.0001959814656378
32.620793940434275	1.000192100400476
32.718754282597736	1.00018829620017
32.816714624761204	1.0001845673421217
32.914674966924665	1.000180912333903
33.01263530908814	1.0001773297126606
33.1105956512516	1.0001738180445279
33.20855599341507	1.0001703759240506
33.30651633557853	1.000167001973624
33.404476677742004	1.0001636948429393
33.502437019905464	1.0001604532084445
33.60039736206893	1.0001572757728112
33.6983577042324	1.0001541612644176
33.79631804639587	1.0001511084368364
33.894278388559336	1.0001481160683363
33.992238730722796	1.000145182961393
34.090199072886264	1.0001423079422083
34.18815941504973	1.0001394898602403
34.2861197572132	1.0001367275877417
34.38408009937666	1.0001340200193087
34.48204044154013	1.0001313660714384
34.580000783703596	1.000128764682093
34.677961125867064	1.0001262148102765
34.775921468030525	1.0001237154356155
34.87388181019399	1.000121265557952
34.97184215235746	1.0001188641969427
35.06980249452093	1.0001165103916643
35.167762836684396	1.000114203200231
35.26572317884786	1.0001119416994164
35.363683521011325	1.0001097249842827
35.46164386317479	1.0001075521678193
35.55960420533826	1.0001054223805876
35.65756454750172	1.000103334770372
35.75552488966519	1.000101288501839
35.85348523182866	1.0000992827562025
35.951445573992125	1.000097316730896
36.04940591615559	1.0000953896392517
36.14736625831905	1.0000935007101832
36.24532660048252	1.000091649187881
36.34328694264599	1.0000898343315048
36.44124728480946	1.0000880554148908
36.539207626972924	1.0000863117262577
36.63716796913639	1.0000846025679253
36.73512831129985	1.0000829272560317
36.83308865346333	1.0000812851202614
36.93104899562679	1.0000796755035763
37.02900933779026	1.000078097761953
37.12696967995372	1.0000765512641243
37.22493002211719	1.0000750353913264
37.32289036428065	1.0000735495370527
37.42085070644412	1.0000720931068092
37.51881104860758	1.0000706655178766
37.61677139077105	1.0000692661990782
37.71473173293452	1.00006789459055
37.812692075097985	1.0000665501435175
37.910652417261446	1.0000652323200758
38.00861275942491	1.0000639405929737
38.10657310158839	1.0000626744454022
38.20453344375185	1.00006143337079
38.30249378591532	1.000060216872598
38.40045412807878	1.0000590244641216
38.49841447024225	1.0000578556682966
38.59637481240571	1.0000567100175064
38.69433515456918	1.0000555870533976
38.79229549673264	1.0000544863266931
38.89025583889612	1.0000534073970149
38.98821618105958	1.000052349832707
39.086176523223045	1.0000513132106623
39.184136865386506	1.0000502971161542
39.282097207549974	1.0000493011426683
39.38005754971344	1.0000483248917436
39.47801789187691	1.0000473679728086
39.57597823404038	1.0000464300030278
39.67393857620384	1.0000455106071489
39.77189891836731	1.0000446094173499
39.869859260530774	1.0000437260730943
39.96781960269424	1.0000428602209857
40.0657799448577	1.0000420115146262
40.16374028702117	1.0000411796144797
40.26170062918464	1.0000403641877327
40.359660971348106	1.0000395649081641
40.45762131351157	1.0000387814560128
40.555581655675034	1.0000380135178508
40.6535419978385	1.0000372607864567
40.75150234000197	1.000036522960695
40.84946268216544	1.0000357997453915
40.9474230243289	1.0000350908512197
41.04538336649237	1.0000343959945825
41.143343708655834	1.0000337148974987
41.2413040508193	1.000033047287492
41.33926439298276	1.0000323928974837
41.437224735146245	1.000031751465683
41.535185077309706	1.0000311227354832
41.633145419473166	1.0000305064553612
41.73110576163663	1.000029902378773
41.82906610380011	1.0000293102640587
41.92702644596357	1.0000287298743427
42.02498678812703	1.0000281609774417
42.12294713029049	1.00002760334577
42.22090747245397	1.0000270567562481
42.318867814617434	1.0000265209902157
42.4168281567809	1.0000259958333417
42.51478849894436	1.0000254810755396
42.61274884110784	1.0000249765108837
42.710709183271305	1.0000244819375255
42.808669525434766	1.0000239971576155
42.906629867598234	1.00002352197722
43.00459020976169	1.0000230562062478
43.10255055192517	1.000022599658371
43.20051089408863	1.0000221521509514
43.2984712362521	1.0000217135049685
43.39643157841555	1.000021283544946
43.494391920579034	1.0000208620988833
43.592352262742494	1.0000204489981859
43.69031260490596	1.0000200440775975
43.78827294706942	1.0000196471751348
43.8862332892329	1.0000192581320217
43.984193631396366	1.000018876792627
44.08215397355983	1.0000185030044006
44.180114315723294	1.0000181366178142
44.27807465788676	1.0000177774863002
44.37603500005023	1.0000174254661933
44.47399534221369	1.0000170804166735
44.57195568437716	1.0000167421997088
44.669916026540626	1.0000164106800016
44.767876368704094	1.0000160857249325
44.865836710867555	1.000015767204509
44.96379705303102	1.0000154549913123
45.06175739519449	1.0000151489604474
45.15971773735796	1.0000148489894918
45.25767807952142	1.0000145549584483
45.35563842168489	1.0000142667496947
45.453598763848355	1.0000139842479392
45.55155910601182	1.000013707340172
45.64951944817529	1.0000134359156223
45.74747979033875	1.0000131698657118
45.84544013250222	1.0000129090840126
45.94340047466569	1.0000126534662044
46.041360816829155	1.000012402910033
46.139321158992615	1.0000121573152687
46.23728150115608	1.0000119165836665
46.33524184331955	1.0000116806189274
46.43320218548302	1.000011449326659
46.53116252764648	1.0000112226143376
46.62912286980995	1.0000110003912723
46.727083211973415	1.000010782568568
46.82504355413688	1.00001056905909
46.92300389630035	1.0000103597774286
47.02096423846381	1.0000101546398659
47.11892458062729	1.0000099535643412
47.21688492279075	1.0000097564704196
47.314845264954215	1.0000095632792585
47.412805607117676	1.0000093739135765
47.51076594928115	1.0000091882976223
47.60872629144461	1.0000090063571454
47.70668663360808	1.000008828019365
47.80464697577154	1.0000086532129417
47.90260731793501	1.0000084818679489
48.000567660098476	1.000008313915844
48.09852800226194	1.0000081492894428
48.19648834442541	1.00000798792289
48.29444868658887	1.0000078297516364
48.39240902875235	1.0000076747124091
48.49036937091581	1.000007522743189
48.588329713079276	1.0000073737831856
48.686290055242736	1.0000072277728103
48.78425039740621	1.0000070846536568
48.88221073956967	1.0000069443684736
48.98017108173314	1.0000068068611438
49.0781314238966	1.0000066720766618
49.176091766060075	1.0000065399611102
49.274052108223536	1.0000064104616406
49.372012450387004	1.0000062835264496
49.469972792550465	1.0000061591047613
49.56793313471394	1.000006037146804
49.6658934768774	1.0000059176037923
49.76385381904087	1.000005800427906
49.861814161204336	1.0000056855722728
49.959774503367804	1.0000055729909476
50.05773484553127	1.000005462638896
50.15569518769473	1.0000053544719747
50.2536555298582	1.000005248446915
50.35161587202166	1.0000051445213045
50.449576214185136	1.0000050426535712
50.5475365563486	1.0000049428029656
50.645496898512064	1.0000048449295453
50.743457240675525	1.00000474899416
50.841417582839	1.000004654958433
50.93937792500246	1.000004562784748
51.03733826716593	1.0000044724362345
51.135298609329396	1.0000043838767503
51.233258951492864	1.000004297070871
51.33121929365633	1.0000042119838721
51.42917963581979	1.0000041285817172
51.52713997798326	1.0000040468310438
51.62510032014673	1.0000039666991505
51.723060662310196	1.0000038881539826
51.82102100447366	1.0000038111641207
51.918981346637125	1.0000037356987672
52.01694168880059	1.0000036617277355
52.11490203096406	1.000003589221435
52.21286237312752	1.000003518150862
52.31082271529099	1.0000034484875873
52.408783057454464	1.000003380203744
52.506743399617925	1.0000033132720176
52.60470374178139	1.000003247665634
52.70266408394485	1.0000031833583494
52.80062442610832	1.00000312032444
52.89858476827179	1.000003058538691
52.99654511043526	1.0000029979763871
53.09450545259872	1.0000029386133025
53.192465794762185	1.0000028804256904
53.29042613692566	1.0000028233902751
53.38838647908912	1.0000027674842413
53.48634682125258	1.000002712685226
53.58430716341605	1.0000026589713082
53.682267505579524	1.000002606321002
53.78022784774299	1.0000025547132454
53.878188189906446	1.0000025041273952
53.976148532069914	1.0000024545432158
54.07410887423339	1.0000024059408732
54.17206921639686	1.0000023583009252
54.27002955856032	1.000002311604315
54.36798990072378	1.0000022658323633
54.46595024288726	1.0000022209667607
54.56391058505072	1.00000217698956
54.66187092721419	1.0000021338831695
54.75983126937764	1.0000020916303463
54.857791611541124	1.0000020502141882
54.955751953704585	1.0000020096181281
55.05371229586805	1.0000019698259275
55.15167263803151	1.0000019308216679
55.249632980194974	1.0000018925897474
55.34759332235845	1.0000018551148728
55.44555366452192	1.0000018183820534
55.54351400668538	1.0000017823765952
55.64147434884884	1.0000017470840956
55.73943469101232	1.0000017124904375
55.83739503317578	1.0000016785817822
55.93535537533925	1.0000016453445657
56.03331571750271	1.0000016127654932
56.131276059666185	1.0000015808315315
56.229236401829645	1.000001549529908
56.32719674399311	1.0000015188481002
56.425157086156574	1.0000014887738353
56.52311742832005	1.0000014592950834
56.62107777048351	1.000001430400052
56.71903811264698	1.0000014020771832
56.81699845481044	1.000001374315147
56.91495879697391	1.0000013471028384
57.012919139137374	1.0000013204293718
57.11087948130084	1.0000012942840775
57.20883982346431	1.0000012686564967
57.30680016562778	1.0000012435363783
57.404760507791245	1.0000012189136738
57.502720849954706	1.0000011947785337
57.600681192118174	1.0000011711213033
57.698641534281634	1.0000011479325197
57.79660187644511	1.0000011252029068
57.89456221860857	1.0000011029233724
57.99252256077204	1.0000010810850044
58.0904829029355	1.0000010596790674
58.18844324509897	1.000001038696998
58.286403587262434	1.0000010181304035
58.3843639294259	1.000000997971057
58.48232427158937	1.0000009782108938
58.58028461375284	1.0000009588420102
58.678244955916306	1.000000939856658
58.776205298079766	1.0000009212472432
58.874165640243234	1.0000009030063213
58.9721259824067	1.0000008851265956
59.07008632457017	1.0000008676009138
59.16804666673363	1.000000850422266
59.2660070088971	1.0000008335837798
59.363967351060566	1.00000081707872
59.461927693224034	1.0000008009004837
59.559888035387495	1.0000007850426003
59.657848377550955	1.0000007694987256
59.75580871971443	1.000000754262642
59.8537690618779	1.0000007393282548
59.951729404041366	1.0000007246895901
60.04968974620483	1.0000007103407922
60.1476500883683	1.0000006962761212
60.24561043053177	1.0000006824899512
60.34357077269524	1.000000668976767
60.441531114858684	1.000000655731164
60.53949145702215	1.0000006427478432
60.63745179918563	1.0000006300216107
60.735412141349094	1.0000006175473766
60.833372483512555	1.0000006053201502
60.93133282567602	1.000000593335041
61.0292931678395	1.0000005815872546
61.127253510002966	1.0000005700720918
61.225213852166426	1.0000005587849459
61.32317419432988	1.0000005477213023
61.421134536493355	1.000000536876735
61.51909487865682	1.0000005262469065
61.61705522082029	1.0000005158275642
61.71501556298375	1.0000005056145402
61.81297590514723	1.0000004956037494
61.910936247310694	1.0000004857911875
62.00889658947416	1.0000004761729286
62.10685693163762	1.0000004667451259
62.20481727380109	1.0000004575040073
62.30277761596455	1.000000448445877
62.40073795812802	1.0000004395671114
62.49869830029148	1.000000430864159
62.59665864245496	1.000000422333538
62.69461898461842	1.0000004139718364
62.79257932678189	1.000000405775709
62.89053966894535	1.0000003977418774
62.98850001110882	1.0000003898671281
63.08646035327229	1.0000003821483108
63.18442069543575	1.000000374582338
63.282381037599215	1.000000367166183
63.380341379762676	1.0000003598968794
63.47830172192616	1.0000003527715193
63.57626206408962	1.0000003457872524
63.67422240625309	1.0000003389412848
63.77218274841655	1.000000332230878
63.870143090580015	1.0000003256533476
63.968103432743476	1.0000003192060627
64.06606377490694	1.0000003128864443
64.16402411707041	1.0000003066919645
64.26198445923389	1.0000003006201448
64.35994480139735	1.0000002946685569
64.45790514356082	1.00000028883482
64.55586548572428	1.0000002831166006
64.65382582788774	1.0000002775116108
64.7517861700512	1.000000272017609
64.84974651221468	1.0000002666323973
64.94770685437814	1.0000002613538215
65.04566719654161	1.00000025617977
65.14362753870508	1.0000002511081731
65.24158788086855	1.0000002461370023
65.33954822303201	1.0000002412642688
65.43750856519547	1.0000002364880234
65.53546890735893	1.0000002318063554
65.63342924952241	1.0000002272173925
65.73138959168587	1.0000002227192986
65.82934993384933	1.0000002183102747
65.9273102760128	1.0000002139885567
66.02527061817628	1.000000209752416
66.12323096033974	1.0000002056001582
66.2211913025032	1.0000002015301221
66.31915164466668	1.0000001975406798
66.41711198683014	1.0000001936302352
66.5150723289936	1.0000001897972242
66.61303267115706	1.0000001860401133
66.71099301332055	1.0000001823573998
66.80895335548401	1.0000001787476107
66.90691369764747	1.0000001752093015
67.00487403981093	1.0000001717410574
67.1028343819744	1.0000001683414905
67.20079472413786	1.000000165009241
67.29875506630133	1.0000001617429761
67.3967154084648	1.0000001585413894
67.49467575062828	1.0000001554031996
67.59263609279174	1.0000001523271518
67.6905964349552	1.0000001493120154
67.78855677711867	1.0000001463565842
67.88651711928213	1.000000143459676
67.98447746144559	1.0000001406201322
68.08243780360905	1.0000001378368164
68.18039814577253	1.0000001351086159
68.27835848793599	1.0000001324344385
68.37631883009946	1.0000001298132153
68.47427917226292	1.0000001272438972
68.5722395144264	1.0000001247254562
68.67019985658986	1.0000001222568855
68.76816019875332	1.0000001198371973
68.8661205409168	1.000000117465424
68.96408088308026	1.0000001151406164
69.06204122524372	1.0000001128618445
69.16000156740719	1.0000001106281968
69.25796190957067	1.0000001084387802
69.35592225173413	1.000000106292718
69.45388259389759	1.0000001041891526
69.55184293606105	1.000000102127242
69.64980327822452	1.0000001001061616
69.74776362038799	1.0000000981251027
69.84572396255145	1.0000000961832731
69.94368430471492	1.000000094279896
70.0416446468784	1.0000000924142096
70.13960498904186	1.0000000905854676
70.23756533120532	1.000000088792939
70.33552567336879	1.0000000870359063
70.43348601553225	1.0000000853136668
70.53144635769571	1.0000000836255314
70.62940669985917	1.000000081970825
70.72736704202265	1.0000000803488855
70.82532738418612	1.000000078759064
70.92328772634959	1.0000000772007247
71.02124806851305	1.0000000756732441
71.11920841067652	1.0000000741760113
71.21716875284	1.0000000727084273
71.31512909500344	1.0000000712699046
71.41308943716692	1.0000000698598683
71.51104977933038	1.0000000684777544
71.60901012149385	1.0000000671230096
71.70697046365731	1.0000000657950918
71.80493080582079	1.0000000644934703
71.90289114798425	1.0000000632176242
72.00085149014772	1.0000000619670433
72.09881183231118	1.0000000607412267
72.19677217447465	1.0000000595396847
72.2947325166381	1.0000000583619364
72.39269285880158	1.0000000572075107
72.49065320096504	1.0000000560759457
72.58861354312852	1.0000000549667885
72.68657388529198	1.000000053879596
72.78453422745544	1.0000000528139323
72.88249456961891	1.0000000517693723
72.98045491178239	1.0000000507454974
73.07841525394585	1.000000049741898
73.1763755961093	1.0000000487581728
73.27433593827278	1.0000000477939284
73.37229628043625	1.0000000468487782
73.4702566225997	1.0000000459223455
73.56821696476317	1.0000000450142588
73.66617730692666	1.000000044124155
73.76413764909012	1.0000000432516776
73.86209799125358	1.0000000423964783
73.96005833341704	1.0000000415582146
74.05801867558051	1.0000000407365512
74.15597901774397	1.0000000399311593
74.25393935990743	1.000000039141717
74.3518997020709	1.000000038367908
74.44986004423438	1.0000000376094231
74.54782038639785	1.000000036865959
74.6457807285613	1.0000000361372174
74.74374107072478	1.000000035422908
74.84170141288824	1.0000000347227442
74.9396617550517	1.0000000340364459
75.03762209721516	1.000000033363739
75.13558243937864	1.0000000327043541
75.2335427815421	1.0000000320580273
75.33150312370557	1.0000000314245006
75.42946346586903	1.0000000308035197
75.52742380803251	1.0000000301948369
75.62538415019597	1.0000000295982083
75.72334449235943	1.0000000290133952
75.82130483452289	1.000000028440164
75.91926517668637	1.0000000278782848
76.01722551884983	1.0000000273275333
76.1151858610133	1.0000000267876885
76.21314620317678	1.0000000262585353
76.31110654534024	1.0000000257398616
76.4090668875037	1.0000000252314598
76.50702722966716	1.0000000247331267
76.60498757183063	1.0000000242446625
76.7029479139941	1.0000000237658722
76.80090825615756	1.0000000232965642
76.89886859832103	1.0000000228365509
76.9968289404845	1.0000000223856478
77.09478928264797	1.0000000219436747
77.19274962481143	1.000000021510455
77.29070996697489	1.0000000210858146
77.38867030913836	1.0000000206695847
77.48663065130182	1.0000000202615982
77.58459099346528	1.000000019861692
77.68255133562877	1.0000000194697058
77.78051167779223	1.0000000190854832
77.8784720199557	1.0000000187088702
77.97643236211916	1.0000000183397164
78.07439270428263	1.0000000179778736
78.17235304644609	1.0000000176231971
78.27031338860955	1.0000000172755457
78.36827373077301	1.0000000169347796
78.46623407293649	1.0000000166007628
78.56419441509995	1.0000000162733613
78.66215475726341	1.0000000159524445
78.76011509942688	1.0000000156378839
78.85807544159036	1.0000000153295534
78.95603578375382	1.0000000150273298
79.05399612591728	1.0000000147310923
79.15195646808075	1.0000000144407222
79.24991681024422	1.0000000141561034
79.34787715240768	1.000000013877122
79.44583749457114	1.0000000136036662
79.54379783673463	1.000000013335627
79.64175817889809	1.0000000130728968
79.73971852106155	1.0000000128153703
79.83767886322501	1.0000000125629447
79.93563920538848	1.0000000123155193
80.03359954755194	1.0000000120729944
80.1315598897154	1.0000000118352739
80.22952023187888	1.0000000116022618
80.32748057404234	1.0000000113738654
80.42544091620582	1.000000011149993
80.52340125836928	1.0000000109305551
80.62136160053275	1.0000000107154638
80.71932194269621	1.0000000105046334
80.81728228485967	1.0000000102979791
80.91524262702313	1.0000000100954185
81.01320296918661	1.0000000098968704
81.11116331135007	1.0000000097022554
81.20912365351356	1.0000000095114956
81.307083995677	1.0000000093245145
81.40504433784048	1.0000000091412373
81.50300468000394	1.000000008961591
81.6009650221674	1.0000000087855034
81.69892536433088	1.0000000086129042
81.79688570649434	1.0000000084437244
81.8948460486578	1.000000008277896
81.99280639082129	1.0000000081153526
82.09076673298475	1.0000000079560296
82.18872707514821	1.0000000077998628
82.28668741731167	1.0000000076467899
82.38464775947513	1.0000000074967497
82.4826081016386	1.0000000073496818
82.58056844380206	1.0000000072055277
82.67852878596553	1.0000000070642296
82.77648912812899	1.000000006925731
82.87444947029249	1.0000000067899764
82.97240981245595	1.0000000066569115
83.07037015461941	1.0000000065264827
83.16833049678287	1.0000000063986385
83.26629083894633	1.0000000062733272
83.3642511811098	1.0000000061504988
83.46221152327325	1.000000006030104
83.56017186543673	1.0000000059120948
83.65813220760022	1.000000005796424
83.75609254976368	1.0000000056830451
83.85405289192714	1.000000005571913
83.95201323409061	1.0000000054629827
84.04997357625406	1.000000005356211
84.14793391841752	1.0000000052515552
84.24589426058098	1.0000000051489732
84.34385460274446	1.0000000050484241
84.44181494490795	1.0000000049498674
84.53977528707141	1.000000004853264
84.63773562923487	1.0000000047585746
84.73569597139834	1.000000004665762
84.8336563135618	1.0000000045747888
84.93161665572525	1.0000000044856185
85.02957699788873	1.0000000043982156
85.12753734005219	1.0000000043125448
85.22549768221567	1.000000004228572
85.32345802437914	1.0000000041462636
85.42141836654261	1.0000000040655863
85.51937870870607	1.0000000039865082
85.61733905086953	1.0000000039089976
85.71529939303299	1.0000000038330232
85.81325973519647	1.000000003758555
85.91122007735991	1.0000000036855627
86.00918041952337	1.0000000036140175
86.10714076168686	1.0000000035438903
86.20510110385034	1.0000000034751535
86.3030614460138	1.000000003407779
86.40102178817726	1.0000000033417402
86.49898213034074	1.0000000032770109
86.5969424725042	1.0000000032135647
86.69490281466766	1.0000000031513765
86.7928631568311	1.000000003090421
86.8908234989946	1.0000000030306744
86.98878384115807	1.0000000029721121
87.08674418332153	1.0000000029147111
87.18470452548499	1.0000000028584484
87.28266486764846	1.0000000028033011
87.38062520981192	1.0000000027492475
87.47858555197539	1.0000000026962657
87.57654589413885	1.0000000026443345
87.67450623630234	1.0000000025934332
87.7724665784658	1.0000000025435416
87.87042692062926	1.000000002494639
87.96838726279273	1.0000000024467066
88.06634760495619	1.0000000023997249
88.16430794711965	1.000000002353675
88.26226828928311	1.0000000023085385
88.36022863144659	1.0000000022642972
88.45818897361005	1.0000000022209337
88.55614931577352	1.0000000021784303
88.65410965793698	1.00000000213677
88.75207000010046	1.0000000020959363
88.85003034226392	1.0000000020559128
88.94799068442738	1.0000000020166833
89.04595102659084	1.000000001978232
89.14391136875432	1.0000000019405437
89.24187171091778	1.0000000019036033
89.33983205308125	1.0000000018673958
89.43779239524473	1.0000000018319068
89.53575273740819	1.0000000017971222
89.63371307957165	1.000000001763028
89.73167342173511	1.0000000017296102
89.82963376389858	1.000000001696856
89.92759410606205	1.0000000016647517
90.0255544482255	1.0000000016332846
90.12351479038898	1.0000000016024424
90.22147513255246	1.0000000015722124
90.31943547471592	1.0000000015425823
90.41739581687938	1.0000000015135408
90.51535615904284	1.0000000014850756
90.61331650120631	1.000000001457176
90.71127684336977	1.00000000142983
90.80923718553323	1.0000000014030272
90.90719752769671	1.0000000013767567
91.00515786986018	1.000000001351008
91.10311821202365	1.0000000013257704
91.2010785541871	1.0000000013010344
91.29903889635058	1.0000000012767896
91.39699923851404	1.0000000012530266
91.4949595806775	1.0000000012297356
91.59291992284096	1.0000000012069072
91.69088026500444	1.0000000011845327
91.78884060716791	1.0000000011626027
91.88680094933137	1.0000000011411083
91.98476129149483	1.0000000011200412
92.08272163365831	1.0000000010993928
92.18068197582177	1.0000000010791548
92.27864231798523	1.000000001059319
92.3766026601487	1.0000000010398777
92.47456300231217	1.000000001020823
92.57252334447564	1.000000001002147
92.6704836866391	1.0000000009838421
92.76844402880258	1.0000000009659016
92.86640437096604	1.0000000009483176
92.9643647131295	1.0000000009310837
93.06232505529296	1.0000000009141925
93.16028539745643	1.000000000897637
93.2582457396199	1.0000000008814114
93.35620608178336	1.0000000008655083
93.45416642394683	1.0000000008499217
93.5521267661103	1.0000000008346452
93.65008710827377	1.000000000819673
93.74804745043723	1.0000000008049987
93.8460077926007	1.0000000007906165
93.94396813476416	1.0000000007765206
94.04192847692762	1.0000000007627055
94.13988881909108	1.0000000007491654
94.23784916125457	1.000000000735895
94.33580950341803	1.0000000007228886
94.4337698455815	1.0000000007101415
94.53173018774496	1.0000000006976486
94.62969052990843	1.0000000006854044
94.72765087207189	1.0000000006734044
94.82561121423535	1.0000000006616434
94.92357155639883	1.0000000006501168
95.0215318985623	1.00000000063882
95.11949224072576	1.0000000006277487
95.21745258288922	1.000000000616898
95.3154129250527	1.0000000006062637
95.41337326721616	1.0000000005958416
95.51133360937962	1.0000000005856273
95.60929395154308	1.0000000005756169
95.70725429370655	1.0000000005658063
95.80521463587002	1.0000000005561915
95.90317497803349	1.0000000005467684
96.00113532019695	1.0000000005375336
96.09909566236043	1.0000000005284833
96.19705600452389	1.0000000005196137
96.29501634668735	1.0000000005109213
96.39297668885082	1.0000000005024026
96.49093703101428	1.0000000004940541
96.58889737317774	1.0000000004858725
96.68685771534122	1.0000000004778544
96.7848180575047	1.0000000004699965
96.88277839966815	1.000000000462296
96.98073874183162	1.0000000004547493
97.07869908399508	1.0000000004473537
97.17665942615855	1.0000000004401062
97.27461976832201	1.0000000004330036
97.37258011048547	1.0000000004260434
97.47054045264895	1.0000000004192224
97.56850079481242	1.0000000004125378
97.66646113697588	1.0000000004059875
97.76442147913934	1.0000000003995682
97.8623818213028	1.0000000003932776
