0.0	0.0011618340488748805
3.0915948264069852	0.0011583919552006637
6.1831896528139705	0.0011550279639928281
9.274784479220957	0.0011517401047749353
12.366379305627941	0.0011485264647379803
15.457974132034927	0.0011453851867408889
18.549568958441913	0.0011423144673923622
21.6411637848489	0.0011393125552102887
24.732758611255882	0.0011363777488551327
27.824353437662868	0.0011335083954338847
30.915948264069854	0.0011307028888713625
34.00754309047684	0.0011279596683457804
37.09913791688383	0.0011252772167856923
40.19073274329081	0.0011226540594255448
43.2823275696978	0.001120088762417213
46.37392239610478	0.0011175799314950409
49.465517222511764	0.0011151262106920109
52.557112048918746	0.0011127262811047995
55.648706875325736	0.0011103788597055767
58.740301701732726	0.0011080826981985244
61.83189652813971	0.0011058365819191303
64.92349135454668	0.0011036393287744263
68.01508618095367	0.001101489788222415
71.10668100736066	0.0010993868402890193
74.19827583376765	0.0010973293946209685
77.28987066017463	0.001095316389573106
80.38146548658162	0.0010933467913286847
83.47306031298861	0.0010914195930512673
86.5646551393956	0.0010895338140669347
89.65624996580257	0.0010876884990755427
92.74784479220956	0.0010858827173898503
95.83943961861654	0.0010841155622013717
98.93103444502353	0.0010823861498718793
102.0226292714305	0.001080693619249516
105.11422409783749	0.0010790371310085386
108.20581892424448	0.0010774158670117404
111.29741375065147	0.0010758290296946627
114.38900857705845	0.001074275841470727
117.48060340346545	0.0010727555441564745
120.57219822987244	0.001071267398416122
123.66379305627942	0.0010698106832246839
126.75538788268639	0.001068384695348951
129.84698270909337	0.0010669887488456249
132.93857753550037	0.0010656221745759674
136.03017236190735	0.0010642843197363266
139.12176718831435	0.0010629745474039398
142.21336201472133	0.0010616922360974453
145.30495684112833	0.0010604367793515404
148.3965516675353	0.0010592075853052673
151.48814649394228	0.0010580040763034195
154.57974132034926	0.0010568256885105818
157.67133614675626	0.0010556718715373425
160.76293097316324	0.0010545420880782338
163.85452579957024	0.0010534358135609737
166.94612062597722	0.0010523525358065973
170.0377154523842	0.001051291754700092
173.1293102787912	0.0010502529818711566
176.22090510519817	0.0010492357403847261
179.31249993160515	0.00104823956444091
182.40409475801212	0.0010472639990840226
185.49568958441913	0.0010463085999203787
188.5872844108261	0.0010453729328445483
191.67887923723308	0.0010444565737737835
194.77047406364005	0.0010435591083903272
197.86206889004706	0.0010426801318913366
200.95366371645406	0.0010418192487461622
204.045258542861	0.0010409760724607257
207.136853369268	0.0010401502253487669
210.22844819567499	0.0010393413383097143
213.320043022082	0.0010385490506129701
216.41163784848897	0.0010377730096883873
219.50323267489594	0.001037012870922735
222.59482750130294	0.0010362682974619565
225.68642232770995	0.0010355389600190253
228.7780171541169	0.0010348245366872213
231.8696119805239	0.0010341247127586414
234.9612068069309	0.001033439180547789
238.05280163333788	0.0010327676392200608
241.14439645974488	0.0010321097946249908
244.23599128615186	0.0010314653591340867
247.32758611255883	0.0010308340514831188
250.4191809389658	0.001030215596618719
253.51077576537278	0.0010296097255491556
256.6023705917798	0.0010290161751991484
259.69396541818674	0.0010284346882686024
262.78556024459374	0.0010278650130951395
265.87715507100074	0.0010273069035203037
268.9687498974077	0.001026760118759334
272.0603447238147	0.0010262244232743943
275.1519395502217	0.0010256995866511495
278.2435343766287	0.0010251853834785931
281.33512920303565	0.001024681593232027
284.42672402944265	0.0010241880001590916
287.5183188558496	0.0010237043931687663
290.60991368225666	0.0010232305657232414
293.70150850866355	0.0010227663157325836
296.7931033350706	0.001022311445452107
299.88469816147756	0.0010218657613823763
302.97629298788456	0.0010214290741717594
306.06788781429157	0.0010210011985214565
309.1594826406985	0.0010205819530929377
312.2510774671055	0.0010201711604177139
315.3426722935125	0.0010197686468093794
318.4342671199195	0.0010193742422778557
321.5258619463265	0.0010189877804457788
324.6174567727334	0.0010186090984669659
327.7090515991405	0.001018238036946903
330.8006464255474	0.001017874439865201
333.89224125195443	0.0010175181544999558
336.98383607836143	0.0010171690313539722
340.0754309047684	0.0010168269240827847
343.16702573117533	0.0010164916894244412
346.2586205575824	0.001016163187130988
349.35021538398934	0.001015841279901618
352.44181021039634	0.0010155258333174322
355.5334050368033	0.0010152167157777715
358.6249998632103	0.0010149137984380788
361.7165946896173	0.001014616955149246
364.80818951602424	0.0010143260623984086
367.8997843424313	0.001014040999251151
370.99137916883825	0.0010137616472950775
374.0829739952452	0.0010134878905847238
377.1745688216522	0.0010132196155877636
380.2661636480592	0.0010129567111324806
383.35775847446615	0.001012699068356474
386.4493533008732	0.0010124465806565627
389.5409481272801	0.0010121991436398564
392.6325429536871	0.001011956655075968
395.7241377800941	0.0010117190148503294
398.8157326065011	0.001011486124918595
401.9073274329081	0.001011257889262089
404.99892225931507	0.0010110342138442848
408.090517085722	0.0010108150065682802
411.1821119121291	0.0010106001772352477
414.273706738536	0.0010103896375038353
417.3653015649431	0.0010101833008504901
420.45689639134997	0.0010099810825306857
423.548491217757	0.0010097828995410299
426.640086044164	0.001009588670582229
429.731680870571	0.001009398316022887
432.82327569697793	0.0010092117578641261
435.914870523385	0.001009028919704994
439.0064653497919	0.0010088497267086557
442.0980601761989	0.0010086741055693358
445.1896550026059	0.0010085019844800036
448.2812498290129	0.001008333293100775
451.3728446554199	0.0010081679625280205
454.46443948182684	0.001008005925264158
457.5560343082338	0.0010078471151881117
460.64762913464085	0.00100769146752643
463.7392239610478	0.0010075389188250355
466.8308187874548	0.001007389406921602
469.9224136138618	0.0010072428709185343
473.01400844026875	0.0010070992511565437
476.10560326667576	0.0010069584891888026
479.19719809308276	0.0010068205277556628
482.28879291948977	0.0010066853107599258
485.3803877458967	0.0010065527832426539
488.4719825723037	0.0010064228913595043
491.56357739871066	0.0010062955823575803
494.65517222511767	0.001006170804552782
497.7467670515246	0.001006048507307649
500.8383618779316	0.0010059286410096808
503.92995670433857	0.0010058111570501252
507.02155153074557	0.0010056960078032233
510.1131463571525	0.0010055831466059025
513.2047411835596	0.001005472527737904
516.2963360099666	0.001005364106402336
519.3879308363735	0.0010052578387066459
522.4795256627806	0.0010051536816439975
525.5711204891875	0.0010050515930750447
528.6627153155945	0.0010049515317100968
531.7543101420015	0.001004853457091662
534.8459049684085	0.0010047573295773615
537.9374997948154	0.0010046631103232079
541.0290946212224	0.0010045707612672363
544.1206894476294	0.0010044802451134852
547.2122842740365	0.0010043915253163125
550.3038791004434	0.0010043045660650472
553.3954739268503	0.0010042193322689602
556.4870687532574	0.0010041357895425559
559.5786635796644	0.001004053904191172
562.6702584060713	0.0010039736431968814
565.7618532324783	0.001003894974204691
568.8534480588853	0.0010038178655090314
571.9450428852923	0.0010037422860405263
575.0366377116992	0.001003668205353042
578.1282325381062	0.001003595593611008
581.2198273645133	0.001003524421576999
584.3114221909202	0.00100345466059958
587.4030170173271	0.0010033862826014026
590.4946118437342	0.0010033192600675494
593.5862066701412	0.0010032535660341227
596.6778014965481	0.001003189174077068
599.7693963229551	0.0010031260583012304
602.8609911493621	0.0010030641933296408
605.9525859757691	0.0010030035542930183
609.044180802176	0.0010029441168194965
612.1357756285831	0.001002885857024559
615.2273704549901	0.0010028287515011815
618.318965281397	0.0010027727773101829
621.410560107804	0.0010027179119707693
624.502154934211	0.0010026641334512777
627.593749760618	0.001002611420160108
630.685344587025	0.0010025597509368432
633.7769394134319	0.0010025091050435515
636.868534239839	0.0010024594621562666
639.960129066246	0.0010024108023566445
643.051723892653	0.0010023631061237906
646.1433187190598	0.0010023163543262555
649.2349135454668	0.001002270528214193
652.3265083718738	0.0010022256094116817
655.418103198281	0.0010021815799091999
658.5096980246879	0.001002138422056258
661.6012928510949	0.0010020961185541809
664.6928876775019	0.0010020546524490345
667.7844825039089	0.0010020140071247026
670.8760773303159	0.001001974166296098
673.9676721567229	0.0010019351140025208
677.0592669831298	0.001001896834601142
680.1508618095368	0.0010018593127606276
683.2424566359437	0.0010018225334548906
686.3340514623507	0.0010017864819569663
689.4256462887578	0.0010017511438330194
692.5172411151648	0.0010017165049364652
695.6088359415717	0.0010016825514022147
698.7004307679787	0.0010016492696410377
701.7920255943858	0.0010016166463340348
704.8836204207927	0.0010015846684272272
707.9752152471997	0.0010015533231262541
711.0668100736066	0.0010015225978911757
714.1584049000136	0.0010014924804313838
717.2499997264206	0.001001462958700616
720.3415945528276	0.001001434020892067
723.4331893792346	0.0010014056554336038
726.5247842056416	0.001001377850983073
729.6163790320485	0.0010013505964237069
732.7079738584555	0.0010013238808596187
735.7995686848626	0.001001297693611392
738.8911635112696	0.001001272024211757
741.9827583376765	0.0010012468624013544
745.0743531640834	0.0010012221981245857
748.1659479904904	0.0010011980215255461
751.2575428168974	0.0010011743229440405
754.3491376433044	0.0010011510929116767
757.4407324697114	0.0010011283221480422
760.5323272961184	0.0010011060015569539
763.6239221225254	0.0010010841222227846
766.7155169489323	0.0010010626754068637
769.8071117753394	0.0010010416525439497
772.8987066017464	0.001001021045238775
775.9903014281533	0.0010010008452626562
779.0818962545602	0.0010009810445501793
782.1734910809672	0.0010009616351959432
785.2650859073742	0.0010009426094513764
788.3566807337813	0.0010009239597216122
791.4482755601882	0.0010009056785624275
794.5398703865952	0.0010008877586772465
797.6314652130022	0.0010008701929141988
800.7230600394092	0.0010008529742632426
803.8146548658162	0.0010008360958533402
806.9062496922232	0.0010008195509496932
809.9978445186301	0.0010008033329510317
813.0894393450371	0.0010007874353869584
816.181034171444	0.001000771851915347
819.2726289978511	0.0010007565763197903
822.3642238242581	0.0010007416025070992
825.455818650665	0.0010007269245048565
828.547413477072	0.0010007125364590126
831.639008303479	0.001000698432631534
834.7306031298862	0.0010006846073980992
837.822197956293	0.0010006710552458366
840.9137927826999	0.0010006577707711115
844.005387609107	0.0010006447486773549
847.096982435514	0.0010006319837729378
850.1885772619208	0.0010006194709690857
853.280172088328	0.0010006072052778359
856.371766914735	0.0010005951818100366
859.463361741142	0.001000583395773383
862.5549565675489	0.0010005718424704955
865.6465513939559	0.0010005605172970355
868.738146220363	0.001000549415739856
871.82974104677	0.0010005385333751952
874.9213358731768	0.0010005278658668992
878.0129306995838	0.0010005174089646844
881.1045255259908	0.001000507158502434
884.1961203523978	0.0010004971103965267
887.2877151788048	0.0010004872606442004
890.3793100052118	0.0010004776053219495
893.4709048316188	0.0010004681405839488
896.5624996580258	0.0010004588626605167
899.6540944844328	0.0010004497678566021
902.7456893108398	0.0010004408525503058
905.8372841372468	0.0010004321131914286
908.9288789636537	0.00100042354630005
912.0204737900606	0.0010004151484651347
915.1120686164676	0.0010004069163431655
918.2036634428747	0.0010003988466568074
921.2952582692817	0.0010003909361935921
924.3868530956886	0.0010003831818046348
927.4784479220956	0.0010003755804033718
930.5700427485026	0.0010003681289643262
933.6616375749096	0.0010003608245218979
936.7532324013166	0.0010003536641691754
939.8448272277236	0.001000346645056772
942.9364220541305	0.0010003397643916887
946.0280168805375	0.0010003330194361948
949.1196117069444	0.001000326407506732
952.2112065333515	0.001000319925972844
955.3028013597585	0.0010003135722561212
958.3943961861655	0.0010003073438291713
961.4859910125724	0.001000301238214608
964.5775858389795	0.001000295252984061
967.6691806653864	0.0010002893857572045
970.7607754917934	0.0010002836342008052
973.8523703182003	0.0010002779960277908
976.9439651446074	0.0010002724689963344
980.0355599710143	0.0010002670509089593
983.1271547974213	0.0010002617396116602
986.2187496238282	0.0010002565329930422
989.3103444502353	0.0010002514289834776
992.4019392766425	0.0010002464255542782
995.4935341030492	0.0010002415207168854
998.5851289294563	0.001000236712522074
1001.6767237558632	0.0010002319990591764
1004.7683185822704	0.0010002273784553161
1007.8599134086771	0.0010002228488746607
1010.9515082350842	0.0010002184085176893
1014.0431030614911	0.0010002140556204728
1017.1346978878983	0.0010002097884539692
1020.226292714305	0.0010002056053233337
1023.3178875407121	0.0010002015045672415
1026.4094823671192	0.0010001974845572238
1029.501077193526	0.001000193543697018
1032.5926720199332	0.0010001896804219309
1035.68426684634	0.0010001858931982116
1038.775861672747	0.0010001821805224425
1041.867456499154	0.0010001785409209357
1044.9590513255612	0.001000174972949147
1048.050646151968	0.001000171475191097
1051.142240978375	0.0010001680462588093
1054.2338358047818	0.0010001646847917522
1057.325430631189	0.0010001613894562978
1060.417025457596	0.0010001581589451907
1063.508620284003	0.0010001549919770236
1066.60021511041	0.0010001518872957275
1069.691809936817	0.00100014884367007
1072.7834047632239	0.0010001458598931645
1075.8749995896308	0.001000142934781987
1078.9665944160379	0.0010001400671769058
1082.0581892424448	0.0010001372559412176
1085.149784068852	0.0010001344999606937
1088.2413788952588	0.001000131798143136
1091.332973721666	0.001000129149417942
1094.424568548073	0.001000126552735675
1097.5161633744797	0.0010001240070676484
1100.6077582008868	0.0010001215114055124
1103.6993530272937	0.0010001190647608547
1106.7909478537006	0.001000116666164804
1109.8825426801077	0.0010001143146676432
1112.9741375065148	0.0010001120093384329
1116.0657323329217	0.0010001097492646376
1119.1573271593288	0.0010001075335517623
1122.2489219857355	0.001000105361322997
1125.3405168121426	0.001000103231718865
1128.4321116385497	0.0010001011438968814
1131.5237064649566	0.0010000990970312161
1134.6153012913637	0.0010000970903123656
1137.7068961177706	0.0010000951229468293
1140.7984909441775	0.0010000931941567925
1143.8900857705846	0.0010000913031798177
1146.9816805969915	0.001000089449268539
1150.0732754233984	0.0010000876316903651
1153.1648702498055	0.0010000858497271868
1156.2564650762124	0.0010000841026750894
1159.3480599026195	0.0010000823898440746
1162.4396547290266	0.001000080710557783
1165.5312495554335	0.0010000790641532256
1168.6228443818404	0.001000077449980519
1171.7144392082473	0.0010000758674026263
1174.8060340346542	0.0010000743157951026
1177.8976288610613	0.001000072794545847
1180.9892236874684	0.0010000713030548578
1184.0808185138753	0.0010000698407339938
1187.1724133402824	0.0010000684070067395
1190.2640081666896	0.0010000670013079747
1193.3556029930962	0.0010000656230837494
1196.4471978195033	0.0010000642717910644
1199.5387926459102	0.0010000629468976529
1202.6303874723174	0.001000061647881769
1205.7219822987242	0.0010000603742319795
1208.8135771251314	0.001000059125446961
1211.9051719515383	0.0010000579010352986
1214.9967667779454	0.0010000567005152906
1218.088361604352	0.001000055523414757
1221.1799564307591	0.00100005436927085
1224.2715512571663	0.0010000532376298712
1227.3631460835732	0.0010000521280470885
1230.4547409099803	0.0010000510400865613
1233.5463357363872	0.0010000499733209653
1236.637930562794	0.001000048927331422
1239.7295253892012	0.0010000479017073323
1242.821120215608	0.001000046896046212
1245.9127150420152	0.0010000459099535333
1249.004309868422	0.0010000449430425647
1252.0959046948292	0.0010000439949342198
1255.187499521236	0.0010000430652569033
1258.279094347643	0.0010000421536463658
1261.37068917405	0.0010000412597455568
1264.462284000457	0.0010000403832044814
1267.5538788268639	0.001000039523680064
1270.6454736532708	0.0010000386808360086
1273.737068479678	0.0010000378543426666
1276.828663306085	0.0010000370438769035
1279.920258132492	0.0010000362491219726
1283.011852958899	0.0010000354697673863
1286.103447785306	0.0010000347055087945
1289.1950426117128	0.001000033956047862
1292.2866374381197	0.0010000332210921496
1295.3782322645268	0.001000032500354998
1298.4698270909337	0.0010000317935554132
1301.5614219173408	0.0010000311004179552
1304.6530167437477	0.0010000304206726272
1307.744611570155	0.0010000297540547689
1310.836206396562	0.0010000291003049505
1313.9278012229688	0.0010000284591688692
1317.0193960493757	0.001000027830397249
1320.1109908757826	0.0010000272137457393
1323.2025857021897	0.0010000266089748198
1326.2941805285966	0.001000026015849703
1329.3857753550037	0.0010000254341402425
1332.4773701814106	0.0010000248636208395
1335.5689650078177	0.0010000243040703544
1338.6605598342244	0.0010000237552720175
1341.7521546606317	0.0010000232170133436
1344.8437494870386	0.0010000226890860466
1347.9353443134457	0.0010000221712859576
1351.0269391398526	0.001000021663412941
1354.1185339662595	0.0010000211652708179
1357.2101287926666	0.0010000206766672861
1360.3017236190735	0.001000020197413844
1363.3933184454804	0.0010000197273257153
1366.4849132718873	0.0010000192662217744
1369.5765080982947	0.0010000188139244772
1372.6681029247013	0.0010000183702597865
1375.7596977511087	0.001000017935057106
1378.8512925775156	0.0010000175081492097
1381.9428874039227	0.0010000170893721772
1385.0344822303296	0.0010000166785653275
1388.1260770567362	0.001000016275571155
1391.2176718831433	0.0010000158802352663
1394.3092667095502	0.00100001549240632
1397.4008615359573	0.0010000151119359652
1400.4924563623642	0.0010000147386787833
1403.5840511887716	0.0010000143724922283
1406.6756460151785	0.0010000140132365727
1409.7672408415854	0.001000013660774849
1412.8588356679923	0.0010000133149727977
1415.9504304943994	0.0010000129756988128
1419.0420253208063	0.0010000126428238872
1422.1336201472132	0.0010000123162215654
1425.2252149736203	0.0010000119957678899
1428.3168098000272	0.0010000116813413526
1431.4084046264343	0.0010000113728228478
1434.4999994528412	0.0010000110700956225
1437.5915942792483	0.0010000107730452315
1440.6831891056552	0.0010000104815594917
1443.7747839320623	0.0010000101955284363
1446.8663787584692	0.0010000099148442714
1449.9579735848763	0.0010000096394013342
1453.0495684112832	0.0010000093690960504
1456.14116323769	0.00100000910382689
1459.232758064097	0.0010000088434943331
1462.3243528905039	0.0010000085880008237
1465.415947716911	0.0010000083372507349
1468.5075425433179	0.0010000080911503294
1471.5991373697252	0.0010000078496077217
1474.690732196132	0.001000007612532844
1477.7823270225392	0.0010000073798374055
1480.873921848946	0.0010000071514348636
1483.965516675353	0.001000006927240383
1487.05711150176	0.001000006707170806
1490.1487063281668	0.0010000064911446188
1493.240301154574	0.0010000062790819183
1496.3318959809808	0.0010000060709043795
1499.423490807388	0.0010000058665352266
1502.5150856337948	0.0010000056658991995
1505.606680460202	0.0010000054689225269
1508.6982752866088	0.001000005275532894
1511.789870113016	0.0010000050856594164
1514.8814649394228	0.0010000048992326097
1517.9730597658297	0.0010000047161843625
1521.0646545922368	0.0010000045364479096
1524.1562494186437	0.0010000043599578056
1527.2478442450508	0.001000004186649898
1530.3394390714577	0.001000004016461302
1533.4310338978646	0.0010000038493303757
1536.5226287242715	0.0010000036851966951
1539.6142235506788	0.001000003524001031
1542.7058183770857	0.0010000033656853236
1545.7974132034929	0.0010000032101926612
1548.8890080298997	0.0010000030574672566
1551.9806028563066	0.0010000029074544252
1555.0721976827135	0.0010000027601005626
1558.1637925091204	0.001000002615353124
1561.2553873355275	0.0010000024731606034
1564.3469821619344	0.0010000023334725112
1567.4385769883418	0.0010000021962393575
1570.5301718147484	0.0010000020614126292
1573.6217666411558	0.0010000019289447717
1576.7133614675627	0.0010000017987891712
1579.8049562939696	0.0010000016709001342
1582.8965511203764	0.0010000015452328707
1585.9881459467833	0.0010000014217434747
1589.0797407731905	0.0010000013003889099
1592.1713355995973	0.001000001181126988
1595.2629304260045	0.0010000010639163567
1598.3545252524113	0.0010000009487164789
1601.4461200788185	0.0010000008354876205
1604.5377149052251	0.0010000007241908312
1607.6293097316325	0.0010000006147879307
1610.7209045580394	0.0010000005072414934
1613.8124993844465	0.0010000004015148333
1616.9040942108534	0.0010000002975719892
1619.9956890372603	0.0010000001953777108
1623.0872838636674	0.001000000094897444
1626.1788786900743	0.0009999999960973178
1629.2704735164812	0.000999999898944131
1632.362068342888	0.0009999998034053372
1635.4536631692954	0.0009999997094490344
1638.5452579957023	0.000999999617043951
1641.6368528221094	0.0009999995261594321
1644.7284476485163	0.0009999994367654304
1647.8200424749234	0.0009999993488324904
1650.91163730133	0.0009999992623317404
1654.003232127737	0.0009999991772348788
1657.094826954144	0.0009999990935141622
1660.186421780551	0.000999999011142397
1663.278016606958	0.0009999989300929258
1666.369611433365	0.000999998850339619
1669.4612062597723	0.000999998771856862
1672.5528010861792	0.0009999986946195479
1675.644395912586	0.000999998618603065
1678.735990738993	0.0009999985437832884
1681.8275855653999	0.0009999984701365694
1684.919180391807	0.0009999983976397267
1688.010775218214	0.000999998326270038
1691.102370044621	0.0009999982560052294
1694.193964871028	0.0009999981868234664
1697.285559697435	0.0009999981187033475
1700.3771545238417	0.0009999980516238926
1703.468749350249	0.0009999979855645378
1706.560344176656	0.000999997920505124
1709.651939003063	0.0009999978564258917
1712.74353382947	0.0009999977933074708
1715.8351286558768	0.000999997731130875
1718.926723482284	0.0009999976698774923
1722.0183183086908	0.0009999976095290792
1725.1099131350977	0.0009999975500677523
1728.2015079615046	0.000999997491475982
1731.2931027879117	0.0009999974337365843
1734.3846976143186	0.0009999973768327157
1737.476292440726	0.0009999973207478652
1740.5678872671328	0.0009999972654658482
1743.65948209354	0.0009999972109707993
1746.7510769199469	0.000999997157247167
1749.8426717463535	0.0009999971042797076
1752.9342665727606	0.0009999970520534786
1756.0258613991675	0.0009999970005538316
1759.1174562255746	0.0009999969497664087
1762.2090510519815	0.000999996899677136
1765.3006458783887	0.0009999968502722167
1768.3922407047955	0.0009999968015381273
1771.4838355312027	0.0009999967534616119
1774.5754303576095	0.0009999967060296754
1777.6670251840167	0.0009999966592295806
1780.7586200104236	0.000999996613048841
1783.8502148368304	0.0009999965674752182
1786.9418096632376	0.0009999965224967147
1790.0334044896445	0.00099999647810157
1793.1249993160516	0.0009999964342782561
1796.2165941424585	0.0009999963910154736
1799.3081889688656	0.0009999963483021451
1802.3997837952722	0.0009999963061274129
1805.4913786216796	0.000999996264480634
1808.5829734480865	0.0009999962233513755
1811.6745682744936	0.0009999961827294097
1814.7661631009005	0.0009999961426047136
1817.8577579273074	0.000999996102967459
1820.9493527537143	0.000999996063808014
1824.0409475801212	0.0009999960251169365
1827.1325424065283	0.0009999959868849716
1830.2241372329352	0.000999995949103046
1833.3157320593425	0.0009999959117622664
1836.4073268857494	0.000999995874853916
1839.4989217121565	0.0009999958383694488
1842.5905165385634	0.0009999958023004887
1845.6821113649703	0.0009999957666388245
1848.7737061913772	0.0009999957313764078
1851.865301017784	0.000999995696505349
1854.9568958441912	0.0009999956620179147
1858.048490670598	0.0009999956279065235
1861.1400854970052	0.0009999955941637447
1864.231680323412	0.0009999955607822941
1867.3232751498192	0.0009999955277550314
1870.414869976226	0.0009999954950749572
1873.5064648026332	0.000999995462735211
1876.59805962904	0.0009999954307290675
1879.6896544554472	0.0009999953990499342
1882.7812492818541	0.000999995367691349
1885.872844108261	0.0009999953366469777
1888.9644389346681	0.0009999953059106105
1892.056033761075	0.000999995275476162
1895.147628587482	0.000999995245337665
1898.2392234138888	0.0009999952154892714
1901.3308182402961	0.0009999951859252483
1904.422413066703	0.0009999951566399769
1907.51400789311	0.0009999951276279478
1910.605602719517	0.0009999950988837621
1913.6971975459237	0.0009999950704021267
1916.788792372331	0.000999995042177853
1919.8803871987377	0.000999995014205856
1922.9719820251448	0.0009999949864811495
1926.063576851552	0.0009999949589988475
1929.155171677959	0.0009999949317541596
1932.2467665043657	0.0009999949047423903
1935.3383613307728	0.0009999948779589366
1938.42995615718	0.000999994851399287
1941.5215509835868	0.0009999948250590189
1944.6131458099935	0.0009999947989337969
1947.7047406364006	0.0009999947730193717
1950.7963354628077	0.0009999947473115771
1953.8879302892149	0.0009999947218063306
1956.979525115622	0.0009999946964996294
1960.0711199420286	0.00099999467138755
1963.1627147684358	0.0009999946464662466
1966.2543095948427	0.0009999946217319484
1969.3459044212498	0.0009999945971809613
1972.4374992476564	0.0009999945728096616
1975.5290940740636	0.0009999945486144995
1978.6206889004707	0.0009999945245919937
1981.7122837268773	0.0009999945007387323
1984.803878553285	0.0009999944770513716
1987.8954733796916	0.0009999944535266324
1990.9870682060985	0.0009999944301613013
1994.0786630325056	0.0009999944069522284
1997.1702578589127	0.0009999943838963257
2000.2618526853194	0.0009999943609905668
2003.3534475117265	0.000999994338231984
2006.4450423381336	0.0009999943156176693
2009.5366371645407	0.000999994293144772
2012.6282319909474	0.0009999942708104972
2015.7198268173543	0.0009999942486121057
2018.8114216437614	0.0009999942265469122
2021.9030164701685	0.0009999942046122847
2024.9946112965756	0.0009999941828056434
2028.0862061229823	0.0009999941611244583
2031.1778009493894	0.0009999941395662508
2034.2693957757965	0.0009999941181285908
2037.3609906022034	0.0009999940968090958
2040.45258542861	0.000999994075605431
2043.5441802550172	0.0009999940545153073
2046.6357750814243	0.0009999940335364812
2049.727369907831	0.0009999940126667534
2052.8189647342383	0.0009999939919039674
2055.910559560645	0.000999993971246011
2059.002154387052	0.0009999939506908115
2062.0937492134594	0.0009999939302363385
2065.1853440398663	0.0009999939098806023
2068.276938866273	0.000999993889621651
2071.36853369268	0.0009999938694575726
2074.460128519087	0.0009999938493864917
2077.551723345494	0.0009999938294065712
2080.643318171901	0.0009999938095160091
2083.734912998308	0.00099999378971304
2086.826507824715	0.000999993769995933
2089.9181026511224	0.0009999937503629905
2093.0096974775292	0.0009999937308125505
2096.101292303936	0.000999993711342982
2099.192887130343	0.0009999936919526866
2102.28448195675	0.0009999936726400988
2105.3760767831573	0.0009999936534036823
2108.4676716095637	0.0009999936342419318
2111.559266435971	0.0009999936151533718
2114.650861262378	0.0009999935961365566
2117.742456088785	0.0009999935771900677
2120.834050915192	0.000999993558312516
2123.9256457415986	0.0009999935395025388
2127.017240568006	0.0009999935207588011
2130.108835394413	0.0009999935020799933
2133.20043022082	0.0009999934834648329
2136.2920250472266	0.000999993464912062
2139.383619873634	0.0009999934464204473
2142.475214700041	0.0009999934279887812
2145.5668095264477	0.0009999934096158783
2148.658404352855	0.000999993391300578
2151.7499991792615	0.000999993373041741
2154.841594005669	0.0009999933548382525
2157.9331888320758	0.0009999933366890183
2161.024783658483	0.0009999933185929663
2164.1163784848895	0.0009999933005490455
2167.207973311297	0.0009999932825562258
2170.299568137704	0.0009999932646134978
2173.3911629641107	0.0009999932467198711
2176.4827577905176	0.0009999932288743756
2179.5743526169244	0.0009999932110760603
2182.665947443332	0.0009999931933239925
2185.7575422697387	0.0009999931756172586
2188.849137096146	0.0009999931579549625
2191.9407319225525	0.0009999931403362264
2195.0323267489593	0.0009999931227601894
2198.1239215753667	0.0009999931052260074
2201.2155164017736	0.0009999930877328536
2204.3071112281805	0.0009999930702799173
2207.3987060545874	0.0009999930528664038
2210.4903008809947	0.000999993035491534
2213.581895707401	0.0009999930181545434
2216.6734905338085	0.000999993000854685
2219.7650853602154	0.0009999929835912238
2222.8566801866223	0.0009999929663634414
2225.9482750130296	0.0009999929491706322
2229.0398698394365	0.0009999929320121052
2232.1314646658434	0.0009999929148871828
2235.2230594922503	0.0009999928977952016
2238.3146543186576	0.0009999928807355098
2241.4062491450645	0.0009999928637074698
2244.497843971471	0.0009999928467104562
2247.5894387978783	0.0009999928297438555
2250.681033624285	0.0009999928128070668
2253.7726284506925	0.0009999927958995014
2256.8642232770994	0.0009999927790205814
2259.9558181035063	0.0009999927621697408
2263.047412929913	0.0009999927453464247
2266.13900775632	0.0009999927285500895
2269.2306025827274	0.0009999927117802017
2272.322197409134	0.0009999926950362387
2275.413792235541	0.0009999926783176884
2278.505387061948	0.0009999926616240482
2281.596981888355	0.000999992644954826
2284.6885767147623	0.00099999262830954
2287.7801715411692	0.0009999926116877162
2290.871766367576	0.0009999925950888915
2293.963361193983	0.000999992578512611
2297.0549560203904	0.0009999925619584298
2300.146550846797	0.0009999925454259107
2303.238145673204	0.0009999925289146255
2306.329740499611	0.0009999925124241553
2309.421335326018	0.0009999924959540882
2312.512930152425	0.000999992479504021
2315.6045249788317	0.000999992463073559
2318.696119805239	0.0009999924466623142
2321.787714631646	0.000999992430269907
2324.8793094580533	0.0009999924138959656
2327.9709042844597	0.0009999923975401242
2331.062499110867	0.000999992381202026
2334.154093937274	0.00099999236488132
2337.245688763681	0.0009999923485776623
2340.3372835900877	0.0009999923322907165
2343.4288784164946	0.0009999923160201518
2346.520473242902	0.000999992299765645
2349.6120680693084	0.0009999922835268787
2352.703662895716	0.0009999922673035416
2355.7952577221226	0.0009999922510953289
2358.88685254853	0.0009999922349019415
2361.978447374937	0.0009999922187230868
2365.0700422013438	0.0009999922025584777
2368.1616370277507	0.0009999921864078324
2371.2532318541575	0.0009999921702708748
2374.344826680565	0.000999992154147335
2377.4364215069713	0.0009999921380369474
2380.528016333379	0.000999992121939452
2383.6196111597856	0.0009999921058545945
2386.7112059861925	0.0009999920897821248
2389.8028008126	0.0009999920737217985
2392.8943956390067	0.0009999920576733749
2395.9859904654136	0.0009999920416366194
2399.0775852918205	0.0009999920256113014
2402.169180118228	0.0009999920095971945
2405.2607749446347	0.0009999919935940772
2408.3523697710416	0.0009999919776017328
2411.4439645974485	0.0009999919616199482
2414.5355594238554	0.0009999919456485148
2417.6271542502627	0.0009999919296872276
2420.7187490766696	0.0009999919137358864
2423.8103439030765	0.0009999918977942948
2426.9019387294834	0.00099999188186226
2429.9935335558907	0.0009999918659395935
2433.0851283822976	0.0009999918500261096
2436.176723208704	0.000999991834121627
2439.2683180351114	0.0009999918182259679
2442.3599128615183	0.0009999918023389578
2445.451507687925	0.000999991786460426
2448.5431025143325	0.0009999917705902051
2451.6346973407394	0.0009999917547281302
2454.7262921671463	0.0009999917388740414
2457.817886993553	0.0009999917230277798
2460.9094818199605	0.000999991707189191
2464.001076646367	0.0009999916913581242
2467.0926714727743	0.0009999916755344296
2470.184266299181	0.0009999916597179625
2473.275861125588	0.0009999916439085792
2476.367455951995	0.0009999916281061404
2479.4590507784023	0.0009999916123105085
2482.550645604809	0.000999991596521549
2485.642240431216	0.0009999915807391302
2488.7338352576235	0.0009999915649631227
2491.8254300840304	0.0009999915491934002
2494.9170249104372	0.0009999915334298378
2498.008619736844	0.0009999915176723143
2501.1002145632515	0.0009999915019207103
2504.1918093896584	0.0009999914861749087
2507.283404216065	0.000999991470434795
2510.374999042472	0.0009999914547002564
2513.466593868879	0.0009999914389711834
2516.558188695286	0.0009999914232474674
2519.649783521693	0.0009999914075290027
2522.7413783481	0.0009999913918156856
2525.832973174507	0.0009999913761074147
2528.924568000914	0.0009999913604040892
2532.016162827321	0.0009999913447056123
2535.1077576537277	0.0009999913290118885
2538.1993524801355	0.000999991313322823
2541.2909473065415	0.0009999912976383243
2544.3825421329493	0.000999991281958302
2547.474136959356	0.0009999912662826676
2550.5657317857626	0.0009999912506113342
2553.65732661217	0.000999991234944217
2556.748921438577	0.000999991219281233
2559.840516264984	0.0009999912036223
2562.9321110913907	0.0009999911879673383
2566.023705917798	0.0009999911723162693
2569.115300744205	0.0009999911566690159
2572.206895570612	0.000999991141025503
2575.2984903970187	0.0009999911253856565
2578.3900852234256	0.000999991109749404
2581.481680049833	0.0009999910941166745
2584.5732748762393	0.0009999910784873984
2587.6648697026467	0.0009999910628615072
2590.7564645290536	0.0009999910472389345
2593.848059355461	0.0009999910316196145
2596.9396541818674	0.0009999910160034826
2600.0312490082747	0.000999991000390476
2603.1228438346816	0.0009999909847805332
2606.214438661088	0.0009999909691735932
2609.3060334874954	0.0009999909535695975
2612.3976283139027	0.000999990937968487
2615.48922314031	0.0009999909223702048
2618.580817966716	0.0009999909067746958
2621.672412793124	0.0009999908911819042
2624.7640076195307	0.000999990875591777
2627.8556024459376	0.0009999908600042608
2630.9471972723445	0.0009999908444193052
2634.0387920987514	0.0009999908288368586
2637.1303869251587	0.0009999908132568714
2640.221981751565	0.0009999907976792957
2643.3135765779725	0.0009999907821040832
2646.4051714043794	0.0009999907665311876
2649.4967662307868	0.0009999907509605631
2652.588361057193	0.0009999907353921646
2655.6799558836	0.000999990719825948
2658.7715507100074	0.0009999907042618707
2661.8631455364143	0.0009999906886998902
2664.954740362821	0.0009999906731399646
2668.046335189228	0.0009999906575820538
2671.1379300156354	0.000999990642026118
2674.229524842042	0.0009999906264721178
2677.321119668449	0.0009999906109200154
2680.4127144948566	0.000999990595369773
2683.5043093212635	0.0009999905798213538
2686.5959041476704	0.0009999905642747219
2689.6874989740772	0.000999990548729842
2692.7790938004846	0.0009999905331866796
2695.8706886268915	0.0009999905176452007
2698.9622834532984	0.0009999905021053715
2702.0538782797053	0.0009999904865671603
2705.145473106112	0.0009999904710305345
2708.237067932519	0.000999990455495463
2711.328662758926	0.0009999904399619149
2714.4202575853333	0.0009999904244298605
2717.51185241174	0.0009999904088992696
2720.603447238147	0.000999990393370114
2723.695042064554	0.0009999903778423647
2726.786636890961	0.0009999903623159948
2729.878231717368	0.0009999903467909758
2732.9698265437746	0.0009999903312672821
2736.061421370182	0.0009999903157448871
2739.1530161965893	0.0009999903002237648
2742.2446110229957	0.0009999902847038905
2745.3362058494026	0.0009999902691852397
2748.42780067581	0.0009999902536677878
2751.5193955022173	0.0009999902381515112
2754.6109903286238	0.0009999902226363866
2757.702585155031	0.0009999902071223916
2760.794179981438	0.0009999901916095033
2763.8857748078453	0.0009999901760977005
2766.9773696342518	0.0009999901605869613
2770.068964460659	0.0009999901450772647
2773.160559287066	0.0009999901295685903
2776.2521541134724	0.0009999901140609177
2779.34374893988	0.0009999900985542276
2782.4353437662867	0.0009999900830484996
2785.526938592694	0.0009999900675437157
2788.6185334191005	0.0009999900520398564
2791.710128245508	0.000999990036536904
2794.8017230719147	0.0009999900210348406
2797.8933178983216	0.0009999900055336485
2800.9849127247285	0.00099998999003331
2804.0765075511354	0.000999989974533809
2807.168102377543	0.0009999899590351288
2810.259697203949	0.0009999899435372526
2813.351292030357	0.000999989928040165
2816.442886856764	0.0009999899125438506
2819.5344816831707	0.0009999898970482937
2822.6260765095776	0.0009999898815534793
2825.7176713359845	0.000999989866059393
2828.809266162392	0.0009999898505660201
2831.9008609887987	0.000999989835073347
2834.9924558152056	0.0009999898195813598
2838.0840506416125	0.0009999898040900443
2841.17564546802	0.0009999897885993878
2844.2672402944263	0.0009999897731093773
2847.358835120833	0.0009999897576199997
2850.4504299472405	0.0009999897421312425
2853.5420247736474	0.000999989726643094
2856.6336196000543	0.0009999897111555417
2859.725214426461	0.0009999896956685737
2862.8168092528686	0.000999989680182179
2865.908404079276	0.0009999896646963454
2868.9999989056823	0.0009999896492110627
2872.091593732089	0.0009999896337263194
2875.1831885584966	0.0009999896182421055
2878.274783384903	0.0009999896027584098
2881.3663782113103	0.0009999895872752223
2884.4579730377177	0.0009999895717925332
2887.5495678641246	0.0009999895563103326
2890.6411626905315	0.0009999895408286106
2893.7327575169384	0.000999989525347358
2896.8243523433453	0.0009999895098665654
2899.9159471697526	0.0009999894943862233
2903.007541996159	0.0009999894789063236
2906.0991368225664	0.0009999894634268572
2909.1907316489733	0.0009999894479478155
2912.28232647538	0.00099998943246919
2915.373921301787	0.0009999894169909727
2918.465516128194	0.0009999894015131554
2921.5571109546013	0.0009999893860357302
2924.6487057810077	0.0009999893705586894
2927.740300607415	0.0009999893550820254
2930.831895433822	0.0009999893396057306
2933.9234902602298	0.000999989324129798
2937.0150850866357	0.0009999893086542202
2940.106679913043	0.0009999892931789902
2943.1982747394504	0.0009999892777041012
2946.2898695658564	0.0009999892622295468
2949.381464392264	0.0009999892467553195
2952.473059218671	0.000999989231281414
2955.5646540450784	0.0009999892158078227
2958.656248871485	0.0009999892003345404
2961.747843697892	0.0009999891848615605
2964.839438524299	0.000999989169388877
2967.931033350706	0.0009999891539164843
2971.022628177113	0.0009999891384443766
2974.11422300352	0.0009999891229725481
2977.205817829927	0.0009999891075009935
2980.2974126563336	0.0009999890920297072
2983.389007482741	0.0009999890765586838
2986.480602309148	0.0009999890610879183
2989.5721971355547	0.0009999890456174059
2992.6637919619616	0.000999989030147141
2995.7553867883685	0.0009999890146771189
2998.846981614776	0.000999988999207335
3001.9385764411822	0.0009999889837377846
3005.0301712675896	0.0009999889682684626
3008.121766093997	0.0009999889527993653
3011.213360920404	0.0009999889373304874
3014.3049557468103	0.0009999889218618252
3017.3965505732176	0.000999988906393374
3020.488145399625	0.00099998889092513
3023.579740226032	0.000999988875457089
3026.6713350524387	0.000999988859989247
3029.7629298788456	0.0009999888445216
3032.854524705253	0.000999988829054144
3035.9461195316594	0.0009999888135868752
3039.0377143580663	0.0009999887981197904
3042.1293091844736	0.0009999887826528853
3045.2209040108805	0.0009999887671861569
3048.3124988372874	0.0009999887517196015
3051.4040936636943	0.0009999887362532158
3054.4956884901017	0.0009999887207869961
3057.5872833165085	0.0009999887053209393
3060.6788781429154	0.0009999886898550425
3063.7704729693223	0.000999988674389302
3066.862067795729	0.0009999886589237151
3069.953662622136	0.0009999886434582787
3073.045257448543	0.0009999886279929897
3076.136852274951	0.0009999886125278451
3079.2284471013577	0.0009999885970628424
3082.3200419277646	0.0009999885815979784
3085.4116367541715	0.0009999885661332506
3088.5032315805784	0.0009999885506686566
3091.5948264069857	0.000999988535204193
3094.686421233392	0.0009999885197398578
