0.0	0.0011617373160268877
3.0977780160597996	0.0011582840998441866
6.195556032119599	0.0011549095353254734
9.293334048179398	0.0011516116432196274
12.391112064239199	0.001148388502272808
15.488890080298997	0.0011452382472034465
18.586668096358796	0.0011421590667596107
21.6844461124186	0.0011391492018549118
24.782224128478397	0.0011362069437793338
27.880002144538192	0.0011333306324815453
30.977780160597995	0.0011305186549194365
34.07555817665779	0.0011277694434757939
37.17333619271759	0.0011250814744361796
40.27111420877739	0.0011224532665262336
43.3688922248372	0.0011198833795057585
46.46667024089699	0.0011173704128170814
49.564448256956794	0.0011149130042853094
52.66222627301659	0.0011125098288682156
55.760004289076385	0.0011101595974536082
58.85778230513619	0.0011078610557021323
61.95556032119599	0.0011056129829335687
65.05333833725578	0.0011034141910547723
68.15111635331559	0.001101263523527493
71.24889436937539	0.0010991598543744047
74.34667238543518	0.0010971020872217472
77.44445040149499	0.0010950891543770583
80.54222841755478	0.0010931200159405561
83.64000643361459	0.0010911936589487773
86.7377844496744	0.0010893090965491778
89.83556246573417	0.001087465367204416
92.93334048179398	0.0010856615339251451
96.03111849785378	0.0010838966835301522
99.12889651391359	0.0010821699259327695
102.22667452997338	0.0010804803934525078
105.32445254603319	0.0010788272401509136
108.42223056209299	0.001077209641190711
111.52000857815277	0.0010756267922173077
114.61778659421257	0.0010740779087618005
117.71556461027238	0.001072562225664648
120.81334262633217	0.0010710789965192133
123.91112064239198	0.0010696274931344158
127.00889865845178	0.0010682070050157604
130.10667667451156	0.0010668168388640435
133.20445469057137	0.0010654563180910689
136.30223270663117	0.0010641247823517284
139.40001072269098	0.0010628215870918292
142.49778873875078	0.0010615461031110776
145.5955667548106	0.0010602977161406517
148.69334477087037	0.001059075826434821
151.79112278693017	0.0010578798483760767
154.88890080298998	0.0010567092100932894
157.98667881904979	0.0010555633530923917
161.08445683510956	0.001054441731899135
164.18223485116937	0.001053343813713462
167.28001286722917	0.0010522690780750785
170.37779088328898	0.0010512170165397979
173.4755688993488	0.0010501871323662683
176.5733469154086	0.0010491789402127
179.67112493146834	0.0010481919658432203
182.76890294752815	0.001047225745843503
185.86668096358795	0.0010462798273453355
188.96445897964776	0.0010453537677597852
192.06223699570756	0.001044447134518659
195.16001501176737	0.0010435595048239436
198.25779302782718	0.0010426904654049372
201.35557104388698	0.0010418396122827852
204.45334905994676	0.0010410065505421565
207.55112707600657	0.0010401908941097837
210.64890509206637	0.0010393922655396314
213.74668310812618	0.0010386102958044358
216.84446112418598	0.0010378446240933887
219.94223914024576	0.001037094897615737
223.04001715630554	0.0010363607714100856
226.13779517236534	0.0010356419081591866
229.23557318842515	0.0010349379780100233
232.33335120448496	0.0010342486583989898
235.43112922054476	0.00103357363388198
238.52890723660454	0.0010329125959692108
241.62668525266434	0.0010322652429646066
244.72446326872415	0.0010316312798095786
247.82224128478396	0.0010310104179310396
250.92001930084376	0.0010304023750935057
254.01779731690357	0.0010298068752551362
257.1155753329634	0.00102922364842757
260.2133533490231	0.0010286524305394267
263.31113136508293	0.0010280929633033405
266.40890938114273	0.0010275449940864059
269.50668739720254	0.0010270082757839148
272.60446541326235	0.0010264825666962691
275.70224342932215	0.0010259676304089653
278.80002144538196	0.0010254632356755402
281.89779946144176	0.0010249691563033847
284.99557747750157	0.0010244851710423217
288.0933554935614	0.0010240110634758663
291.1911335096212	0.0010235466219150715
294.288911525681	0.0010230916392948845
297.38668954174074	0.0010226459130729228
300.48446755780054	0.001022209245130607
303.58224557386035	0.0010217814416765667
306.68002358992015	0.00102136231315225
309.77780160597996	0.0010209516741396798
312.87557962203977	0.0010205493432712818
315.97335763809957	0.0010201551431417287
319.0711356541594	0.001019768900221741
322.1689136702191	0.0010193904447737916
325.26669168627893	0.0010190196107696574
328.36446970233874	0.0010186562358097677
331.46224771839854	0.0010183001610443037
334.56002573445835	0.0010179512310959996
337.65780375051816	0.0010176092939846043
340.75558176657796	0.0010172742010529543
343.85335978263777	0.001016945806894629
346.9511377986976	0.001016623969283136
350.0489158147574	0.0010163085491025998
353.1466938308172	0.0010159994102799143
356.244471846877	0.0010156964197183187
359.3422498629367	0.0010153994472323798
362.4400278789965	0.00101510836548433
365.5378058950563	0.001014823049921743
368.6355839111161	0.0010145433787165177
371.7333619271759	0.0010142692327051335
374.8311399432357	0.0010140004953301598
377.9289179592955	0.0010137370525829853
381.0266959753553	0.001013478792947751
384.12447399141513	0.0010132256073464505
387.22225200747494	0.0010129773890851853
390.32003002353474	0.0010127340338015433
393.41780803959455	0.0010124954394130873
396.51558605565435	0.0010122615060669203
399.61336407171416	0.001012032136090317
402.71114208777396	0.0010118072339423952
405.8089201038337	0.0010115867061668104
408.9066981198935	0.0010113704613454492
412.0044761359533	0.0010111584100531094
415.10225415201313	0.0010109504648131427
418.20003216807294	0.0010107465400540426
421.29781018413274	0.0010105465520669644
424.39558820019255	0.0010103504189641504
427.49336621625235	0.0010101580606382567
430.59114423231216	0.0010099693987225492
433.68892224837197	0.001009784356551966
436.7867002644317	0.0010096028591250212
439.8844782804915	0.0010094248330665394
442.98225629655127	0.0010092502065912018
446.0800343126111	0.0010090789094678882
449.1778123286709	0.0010089108729848058
452.2755903447307	0.0010087460299153812
455.3733683607905	0.001008584314484906
458.4711463768503	0.0010084256623379235
461.5689243929101	0.001008270010506335
464.6667024089699	0.0010081172973782175
467.7644804250297	0.0010079674626673396
470.8622584410895	0.0010078204473833567
473.96003645714933	0.001007676193802675
477.0578144732091	0.0010075346454399726
480.15559248926894	0.001007395747020363
483.2533705053287	0.0010072594444521844
486.35114852138855	0.0010071256848004106
489.4489265374483	0.0010069944162606613
492.54670455350816	0.0010068655881338069
495.6444825695679	0.0010067391508011508
498.7422605856278	0.0010066150557001801
501.8400386016875	0.001006493255300871
504.9378166177474	0.0010063737030825376
508.03559463380714	0.0010062563535112128
511.133372649867	0.0010061411620175512
514.2311506659267	0.00100602808497524
517.3289286819864	0.0010059170796799068
520.4267066980462	0.0010058081043285213
523.524484714106	0.0010057011179992656
526.6222627301659	0.0010055960806318776
529.7200407462257	0.0010054929530084475
532.8178187622855	0.0010053916967346604
535.9155967783453	0.0010052922742214761
539.0133747944051	0.0010051946486672343
542.1111528104649	0.0010050987840401772
545.2089308265247	0.0010050046450613768
548.3067088425845	0.0010049121971880649
551.4044868586443	0.0010048214065973464
554.502264874704	0.0010047322401702966
557.6000428907639	0.0010046446654764262
560.6978209068236	0.0010045586507585126
563.7955989228835	0.0010044741649177806
566.8933769389432	0.0010043911774994334
569.9911549550031	0.001004309658678517
573.0889329710628	0.0010042295792461178
576.1867109871228	0.0010041509105958796
579.2844890031824	0.0010040736247108357
582.3822670192424	0.0010039976941505482
585.480045035302	0.001003923092038546
588.577823051362	0.0010038497920500556
591.6756010674217	0.001003777768400017
594.7733790834815	0.0010037069958313775
597.8711570995412	0.001003637449603659
600.9689351156011	0.0010035691054817882
604.0667131316608	0.0010035019397251867
607.1644911477207	0.001003435929077115
610.2622691637804	0.001003371050754259
613.3600471798403	0.0010033072824365628
616.4578251959	0.001003244602257289
619.5556032119599	0.0010031829887933157
622.6533812280197	0.0010031224210556486
625.7511592440795	0.0010030628784801583
628.8489372601393	0.0010030043409185259
631.9467152761991	0.0010029467886293968
635.0444932922587	0.0010028902022697365
638.1422713083188	0.001002834562886387
641.2400493243783	0.0010027798519078096
644.3378273404383	0.0010027260511360216
647.435605356498	0.0010026731427387125
650.5333833725579	0.0010026211092415411
653.6311613886176	0.0010025699335206044
656.7289394046775	0.001002519598795081
659.8267174207372	0.0010024700886200363
662.9244954367971	0.001002421386879391
666.0222734528568	0.001002373477779049
669.1200514689167	0.0010023263458401779
672.2178294849764	0.0010022799758926397
675.3156075010363	0.001002234353068571
678.413385517096	0.0010021894627961023
681.5111635331559	0.0010021452907932207
684.6089415492156	0.0010021018230617668
687.7067195652755	0.0010020590458815642
690.8044975813352	0.0010020169458046823
693.9022755973951	0.0010019755096498221
697.0000536134548	0.0010019347244968264
700.0978316295148	0.001001894577681313
703.1956096455745	0.0010018550567894226
706.2933876616344	0.0010018161496526837
709.3911656776941	0.0010017778443429898
712.488943693754	0.0010017401291676834
715.5867217098137	0.0010017029926647513
718.6844997258734	0.001001666423598121
721.7822777419333	0.00100163041095306
724.880055757993	0.0010015949439316756
727.9778337740528	0.0010015600119485089
731.0756117901126	0.0010015256046262283
734.1733898061724	0.0010014917117914107
737.2711678222322	0.0010014583234704173
740.368945838292	0.0010014254298853543
743.4667238543518	0.001001393021450123
746.5645018704116	0.0010013610887665521
749.6622798864714	0.001001329622620613
752.7600579025312	0.0010012986139787143
755.857835918591	0.001001268053984078
758.9556139346508	0.001001237933953189
762.0533919507106	0.0010012082453723212
765.1511699667705	0.0010011789798941362
768.2489479828303	0.0010011501293343552
771.3467259988901	0.001001121685668498
774.4445040149499	0.0010010936410286934
777.5422820310097	0.0010010659877005535
780.6400600470695	0.0010010387181201156
783.7378380631293	0.001001011824870846
786.8356160791891	0.0010009853006807087
789.9333940952489	0.0010009591384192913
793.0311721113087	0.0010009333310949944
796.1289501273683	0.0010009078718522762
799.2267281434283	0.001000882753968957
802.3245061594879	0.0010008579708535741
805.4222841755479	0.0010008335160427997
808.5200621916075	0.0010008093831989024
811.6178402076674	0.001000785566107268
814.7156182237271	0.0010007620586739686
817.813396239787	0.0010007388549233785
820.9111742558467	0.0010007159489958469
824.0089522719067	0.0010006933351454077
827.1067302879663	0.0010006710077375457
830.2045083040263	0.001000648961246999
833.302286320086	0.0010006271902556166
836.4000643361459	0.0010006056894502496
839.4978423522056	0.0010005844536206906
842.5956203682655	0.001000563477657655
845.6933983843252	0.0010005427565507998
848.7911764003851	0.001000522285386785
851.8889544164448	0.0010005020593473735
854.9867324325047	0.0010004820737075696
858.0845104485644	0.001000462323833794
861.1822884646243	0.0010004428051820964
864.280066480684	0.001000423513296404
867.3778444967439	0.0010004044438068028
870.4756225128036	0.0010003855924278584
873.5734005288634	0.0010003669549569646
876.6711785449232	0.0010003485272727288
879.768956560983	0.0010003303053333884
882.8667345770428	0.0010003122851752581
885.9645125931025	0.001000294462911211
889.0622906091625	0.0010002768347291845
892.1600686252222	0.0010002593968907224
895.2578466412821	0.0010002421457295412
898.3556246573418	0.0010002250776501261
901.4534026734016	0.0010002081891263561
904.5511806894614	0.0010001914767001554
907.6489587055212	0.0010001749369801707
910.746736721581	0.0010001585666404758
913.8445147376408	0.0010001423624193015
916.9422927537006	0.001000126321117791
920.0400707697604	0.0010001104395987782
923.1378487858202	0.0010000947147855922
926.23562680188	0.0010000791436608845
929.3334048179398	0.0010000637232654781
932.4311828339996	0.0010000484506972412
935.5289608500594	0.0010000333231099826
938.6267388661192	0.0010000183377123662
941.724516882179	0.001000003491766852
944.8222948982389	0.0009999887825886521
947.9200729142987	0.0009999742075447115
951.0178509303585	0.0009999597640527069
954.1156289464182	0.0009999454495800643
957.2134069624778	0.0009999312616429997
960.3111849785379	0.000999917197805572
963.4089629945976	0.0009999032556787613
966.5067410106574	0.000999889432919562
969.6045190267171	0.000999875727230091
972.7022970427771	0.0009998621363567193
975.8000750588368	0.0009998486580892155
978.8978530748966	0.0009998352902599078
981.9956310909563	0.0009998220307428634
985.0934091070163	0.000999808877453081
988.191187123076	0.0009997958283457032
991.2889651391358	0.0009997828814152388
994.3867431551955	0.0009997700346948068
997.4845211712556	0.0009997572862553877
1000.5822991873152	0.0009997446342050968
1003.680077203375	0.0009997320766884652
1006.7778552194347	0.0009997196118857394
1009.8756332354948	0.0009997072380121923
1012.9734112515545	0.0009996949533174467
1016.0711892676143	0.0009996827560848145
1019.168967283674	0.0009996706446306477
1022.266745299734	0.0009996586173037002
1025.3645233157936	0.0009996466724845035
1028.4623013318535	0.0009996348085847572
1031.5600793479132	0.0009996230240467243
1034.6578573639729	0.0009996113173426455
1037.7556353800328	0.0009995996869741608
1040.8534133960925	0.0009995881314717433
1043.9511914121524	0.0009995766493941433
1047.048969428212	0.0009995652393278453
1050.146747444272	0.0009995538998865314
1053.2445254603317	0.000999542629710561
1056.3423034763916	0.0009995314274664547
1059.4400814924513	0.0009995202918463909
1062.5378595085112	0.0009995092215677132
1065.635637524571	0.0009994982153724438
1068.7334155406309	0.0009994872720268115
1071.8311935566906	0.0009994763903207826
1074.9289715727505	0.0009994655690676068
1078.0267495888102	0.0009994548071033675
1081.12452760487	0.0009994441032865425
1084.2223056209298	0.0009994334564975733
1087.3200836369897	0.0009994228656384431
1090.4178616530494	0.000999412329632262
1093.5156396691093	0.0009994018474228587
1096.613417685169	0.0009993914179743852
1099.711195701229	0.0009993810402709232
1102.8089737172886	0.0009993707133161022
1105.9067517333485	0.0009993604361327225
1109.004529749408	0.0009993502077623856
1112.102307765468	0.000999340027265136
1115.2000857815278	0.0009993298937191024
1118.2978637975875	0.0009993198062201514
1121.3956418136472	0.000999309763881548
1124.4934198297071	0.0009992997658336176
1127.591197845767	0.000999289811223421
1130.6889758618267	0.0009992798992144306
1133.7867538778864	0.000999270028986216
1136.8845318939464	0.0009992601997341325
1139.9823099100063	0.00099925041066902
1143.080087926066	0.000999240661016903
1146.1778659421257	0.0009992309500187011
1149.2756439581856	0.0009992212769299382
1152.3734219742455	0.000999211641020468
1155.4711999903052	0.000999202041574191
1158.568978006365	0.0009991924778887911
1161.6667560224248	0.0009991829492754663
1164.7645340384847	0.0009991734550586703
1167.8623120545444	0.0009991639945758574
1170.960090070604	0.0009991545671772326
1174.057868086664	0.000999145172225506
1177.155646102724	0.0009991358090956528
1180.2534241187836	0.000999126477174677
1183.3512021348433	0.000999117175861381
1186.4489801509033	0.0009991079045661364
1189.546758166963	0.0009990986627106645
1192.6445361830226	0.0009990894497278163
1195.7423141990823	0.0009990802650613583
1198.8400922151425	0.0009990711081657644
1201.9378702312022	0.0009990619785060066
1205.0356482472619	0.000999052875557357
1208.1334262633216	0.000999043798805187
1211.2312042793817	0.0009990347477447736
1214.3289822954414	0.0009990257218811104
1217.426760311501	0.0009990167207287184
1220.5245383275608	0.0009990077438114646
1223.622316343621	0.0009989987906623816
1226.7200943596806	0.0009989898608234907
1229.8178723757403	0.0009989809538456299
1232.9156503918	0.0009989720692882848
1236.01342840786	0.0009989632067194205
1239.1112064239198	0.0009989543657153205
1242.2089844399795	0.0009989455458604241
1245.3067624560395	0.0009989367467471734
1248.4045404720991	0.0009989279679758557
1251.502318488159	0.000998919209154454
1254.6000965042188	0.0009989104698984997
1257.6978745202787	0.0009989017498309267
1260.7956525363384	0.0009988930485819287
1263.8934305523983	0.0009988843657888196
1266.9912085684578	0.0009988757010958972
1270.0889865845174	0.000998867054154309
1273.1867646005776	0.0009988584246219188
1276.2845426166375	0.00099884981216318
1279.382320632697	0.0009988412164490055
1282.4800986487567	0.000998832637156648
1285.5778766648168	0.0009988240739695728
1288.6756546808765	0.0009988155265773428
1291.7734326969362	0.0009988069946754979
1294.871210712996	0.0009987984779654426
1297.968988729056	0.0009987899761543313
1301.0667667451157	0.0009987814889549584
1304.1645447611754	0.0009987730160856494
1307.262322777235	0.000998764557270156
1310.3601007932953	0.0009987561122375493
1313.457878809355	0.0009987476807221186
1316.5556568254146	0.0009987392624632723
1319.6534348414743	0.0009987308572054368
1322.7512128575343	0.0009987224646979622
1325.8489908735942	0.0009987140846950255
1328.9467688896539	0.0009987057169555406
1332.0445469057136	0.000998697361243064
1335.1423249217735	0.0009986890173257067
1338.2401029378334	0.0009986806849760482
1341.337880953893	0.0009986723639710477
1344.4356589699528	0.0009986640540919614
1347.5334369860127	0.0009986557551242598
1350.6312150020726	0.0009986474668575462
1353.7289930181323	0.0009986391890854773
1356.826771034192	0.000998630921605685
1359.924549050252	0.0009986226642197003
1363.0223270663118	0.0009986144167328781
1366.1201050823715	0.000998606178954323
1369.2178830984312	0.0009985979506968185
1372.3156611144911	0.0009985897317767538
1375.413439130551	0.000998581522014058
1378.5112171466108	0.000998573321232128
1381.6089951626705	0.0009985651292577647
1384.7067731787304	0.0009985569459211065
1387.8045511947903	0.000998548771055564
1390.90232921085	0.0009985406044977587
1394.0001072269097	0.00099853244608746
1397.0978852429696	0.0009985242956675256
1400.1956632590295	0.0009985161530838412
1403.2934412750892	0.0009985080181852623
1406.391219291149	0.0009984998908235574
1409.4889973072086	0.0009984917708533512
1412.5867753232687	0.0009984836581320715
1415.6845533393284	0.0009984755525198924
1418.7823313553881	0.0009984674538796835
1421.8801093714478	0.0009984593620769573
1424.977887387508	0.0009984512769798187
1428.0756654035677	0.0009984431984589141
1431.1734434196273	0.0009984351263873836
1434.271221435687	0.0009984270606408121
1437.3689994517467	0.0009984190010971837
1440.4667774678069	0.0009984109476368329
1443.5645554838666	0.000998402900142402
1446.6623334999263	0.0009983948584987952
1449.760111515986	0.0009983868225931353
1452.857889532046	0.0009983787923147206
1455.9556675481056	0.0009983707675549841
1459.0534455641655	0.0009983627482074522
1462.1512235802252	0.000998354734167702
1465.249001596285	0.0009983467253333257
1468.3467796123448	0.0009983387216038887
1471.4445576284047	0.0009983307228808931
1474.5423356444644	0.0009983227290677394
1477.6401136605243	0.0009983147400696914
1480.737891676584	0.0009983067557938388
1483.8356696926437	0.0009982987761490629
1486.9334477087036	0.0009982908010460014
1490.0312257247635	0.000998282830397016
1493.1290037408232	0.0009982748641161568
1496.226781756883	0.0009982669021191325
1499.3245597729428	0.0009982589443232762
1502.4223377890028	0.0009982509906475152
1505.5201158050625	0.0009982430410123404
1508.6178938211222	0.000998235095339776
1511.715671837182	0.000998227153553349
1514.8134498532418	0.0009982192155780622
1517.9112278693017	0.0009982112813403635
1521.0090058853614	0.0009982033507681203
1524.1067839014213	0.00099819542379059
1527.204561917481	0.0009981875003383955
1530.302339933541	0.0009981795803434962
1533.4001179496006	0.000998171663739165
1536.4978959656605	0.0009981637504599614
1539.5956739817202	0.0009981558404417057
1542.6934519977801	0.0009981479336214588
1545.7912300138398	0.0009981400299374922
1548.8890080298997	0.0009981321293292705
1551.9867860459594	0.0009981242317374248
1555.0845640620194	0.0009981163371037308
1558.182342078079	0.0009981084453710893
1561.280120094139	0.0009981005564834995
1564.3778981101987	0.0009980926703860437
1567.4756761262586	0.000998084787024861
1570.5734541423183	0.0009980769063471318
1573.6712321583782	0.0009980690283010528
1576.7690101744379	0.000998061152835823
1579.8667881904978	0.0009980532799016184
1582.9645662065575	0.0009980454094495781
1586.0623442226174	0.000998037541431783
1589.160122238677	0.0009980296758012393
1592.2579002547366	0.0009980218125118581
1595.3556782707967	0.0009980139515184411
1598.4534562868566	0.0009980060927766616
1601.5512343029163	0.0009979982362430479
1604.6490123189758	0.0009979903818749668
1607.746790335036	0.0009979825296306084
1610.8445683510959	0.0009979746794689685
1613.9423463671553	0.000997966831349835
1617.040124383215	0.0009979589852337704
1620.1379023992752	0.0009979511410820995
1623.2356804153349	0.000997943298856893
1626.3334584313945	0.0009979354585209523
1629.4312364474542	0.0009979276200377978
1632.5290144635144	0.0009979197833716532
1635.626792479574	0.000997911948487433
1638.7245704956338	0.0009979041153507283
1641.8223485116935	0.000997896283927794
1644.9201265277534	0.0009978884541855374
1648.0179045438133	0.0009978806260915025
1651.115682559873	0.000997872799613861
1654.2134605759327	0.0009978649747213982
1657.3112385919926	0.0009978571513835023
1660.4090166080525	0.0009978493295701516
1663.5067946241122	0.0009978415092519043
1666.604572640172	0.000997833690399886
1669.7023506562316	0.0009978258729857808
1672.8001286722917	0.0009978180569818185
1675.8979066883514	0.0009978102423607647
1678.9956847044111	0.0009978024290959113
1682.0934627204708	0.0009977946171610649
1685.191240736531	0.000997786806530538
1688.2890187525907	0.0009977789971791387
1691.3867967686504	0.0009977711890821622
1694.48457478471	0.0009977633822153794
1697.5823528007702	0.0009977555765550293
1700.68013081683	0.0009977477720778092
1703.7779088328896	0.0009977399687608674
1706.8756868489493	0.0009977321665817914
1709.9734648650094	0.0009977243655186032
1713.071242881069	0.000997716565549748
1716.1690208971288	0.000997708766654087
1719.2667989131885	0.0009977009688108894
1722.3645769292486	0.0009976931719998259
1725.4623549453083	0.0009976853762009576
1728.560132961368	0.0009976775813947325
1731.6579109774277	0.0009976697875619745
1734.7556889934879	0.0009976619946838784
1737.8534670095476	0.0009976542027420015
1740.9512450256072	0.000997646411718259
1744.049023041667	0.000997638621594912
1747.1468010577269	0.0009976308323545666
1750.2445790737868	0.0009976230439801641
1753.3423570898465	0.0009976152564549754
1756.4401351059062	0.0009976074697625932
1759.537913121966	0.0009975996838869283
1762.635691138026	0.0009975918988122017
1765.7334691540857	0.0009975841145229388
1768.8312471701454	0.0009975763310039636
1771.929025186205	0.0009975685482403944
1775.0268032022652	0.000997560766217635
1778.124581218325	0.0009975529849213728
1781.2223592343844	0.00099754520433757
1784.3201372504443	0.0009975374244524608
1787.4179152665045	0.000997529645252545
1790.5156932825641	0.000997521866724583
1793.6134712986236	0.0009975140888555916
1796.7112493146835	0.0009975063116328367
1799.8090273307437	0.0009974985350438316
1802.9068053468031	0.0009974907590763302
1806.0045833628628	0.0009974829837183226
1809.1023613789228	0.000997475208958031
1812.2001393949827	0.0009974674347839054
1815.2979174110424	0.0009974596611846184
1818.395695427102	0.0009974518881490618
1821.493473443162	0.0009974441156663414
1824.5912514592217	0.000997436343725774
1827.6890294752816	0.000997428572316882
1830.7868074913413	0.0009974208014293902
1833.8845855074012	0.0009974130310532233
1836.982363523461	0.0009974052611784988
1840.0801415395208	0.0009973974917955254
1843.1779195555805	0.0009973897228948002
1846.2756975716404	0.0009973819544670023
1849.3734755877	0.0009973741865029913
1852.47125360376	0.0009973664189938042
1855.5690316198197	0.0009973586519306501
1858.6668096358796	0.0009973508853049085
1861.7645876519393	0.0009973431191081252
1864.8623656679993	0.0009973353533320089
1867.960143684059	0.000997327587968429
1871.0579217001189	0.0009973198230094117
1874.1556997161786	0.0009973120584471375
1877.2534777322385	0.000997304294273938
1880.3512557482982	0.0009972965304822917
1883.449033764358	0.0009972887670648247
1886.5468117804178	0.0009972810040143035
1889.6445897964777	0.0009972732413236348
1892.7423678125374	0.0009972654789858636
1895.8401458285973	0.000997257716994167
1898.937923844657	0.0009972499553418564
1902.035701860717	0.0009972421940223702
1905.1334798767766	0.000997234433029275
1908.2312578928363	0.0009972266723562609
1911.3290359088962	0.000997218911997141
1914.4268139249557	0.0009972111519458468
1917.5245919410156	0.000997203392196427
1920.6223699570758	0.000997195632743046
1923.7201479731352	0.0009971878735799806
1926.8179259891951	0.0009971801147016185
1929.915704005255	0.0009971723561024552
1933.0134820213148	0.000997164597777093
1936.1112600373747	0.0009971568397202388
1939.2090380534341	0.0009971490819267008
1942.306816069494	0.000997141324391388
1945.4045940855542	0.0009971335671093088
1948.5023721016137	0.0009971258100755663
1951.6001501176736	0.000997118053285359
1954.6979281337335	0.0009971102967339786
1957.7957061497932	0.0009971025404168076
1960.8934841658531	0.0009970947843293168
1963.9912621819126	0.0009970870284670657
1967.0890401979725	0.0009970792728256992
1970.1868182140327	0.000997071517400946
1973.2845962300921	0.0009970637621886178
1976.382374246152	0.0009970560071846074
1979.480152262212	0.0009970482523848864
1982.5779302782717	0.0009970404977855043
1985.6757082943316	0.0009970327433825874
1988.773486310391	0.0009970249891723367
1991.871264326451	0.0009970172351510263
1994.969042342511	0.0009970094813150023
1998.0668203585706	0.0009970017276606825
2001.1645983746305	0.0009969939741845523
2004.26237639069	0.0009969862208831662
2007.36015440675	0.000996978467753145
2010.45793242281	0.0009969707147911742
2013.5557104388695	0.0009969629619940045
2016.6534884549294	0.0009969552093584484
2019.7512664709895	0.0009969474568813806
2022.849044487049	0.0009969397045597357
2025.946822503109	0.0009969319523905078
2029.0446005191684	0.00099692420037075
2032.1423785352285	0.0009969164484975703
2035.2401565512885	0.0009969086967681344
2038.337934567348	0.0009969009451796626
2041.4357125834074	0.0009968931937294281
2044.533490599468	0.000996885442414757
2047.6312686155275	0.0009968776912330276
2050.729046631587	0.0009968699401816685
2053.826824647647	0.0009968621892581582
2056.924602663707	0.0009968544384600239
2060.0223806797662	0.0009968466877848402
2063.1201586958264	0.000996838937230229
2066.217936711886	0.0009968311867938591
2069.3157147279458	0.0009968234364734418
2072.413492744006	0.0009968156862667351
2075.5112707600656	0.0009968079361715393
2078.6090487761253	0.0009968001861856977
2081.706826792185	0.0009967924363070947
2084.8046048082447	0.0009967846865336556
2087.902382824305	0.0009967769368633462
2091.0001608403645	0.000996769187294172
2094.097938856424	0.000996761437824176
2097.1957168724844	0.0009967536884514401
2100.293494888544	0.0009967459391740825
2103.3912729046037	0.0009967381899902582
2106.4890509206634	0.0009967304408981575
2109.586828936723	0.0009967226918960062
2112.6846069527833	0.0009967149429820643
2115.782384968843	0.000996707194154625
2118.8801629849027	0.000996699445412015
2121.977941000963	0.0009966916967525928
2125.0757190170225	0.000996683948174749
2128.173497033082	0.0009966761996769058
2131.271275049142	0.0009966684512575151
2134.3690530652016	0.0009966607029150592
2137.4668310812617	0.0009966529546480492
2140.5646090973214	0.0009966452064550258
2143.662387113381	0.0009966374583345575
2146.760165129441	0.00099662971028524
2149.857943145501	0.0009966219623056976
2152.9557211615606	0.000996614214394579
2156.0534991776203	0.0009966064665505613
2159.15127719368	0.0009965987187723455
2162.24905520974	0.000996590971058659
2165.3468332258	0.0009965832234082527
2168.4446112418595	0.0009965754758199021
2171.5423892579192	0.0009965677282924067
2174.6401672739794	0.0009965599808245888
2177.737945290039	0.0009965522334152942
2180.8357233060988	0.0009965444860633897
2183.9335013221585	0.0009965367387677648
2187.0312793382186	0.0009965289915273305
2190.1290573542783	0.0009965212443410192
2193.226835370338	0.000996513497207783
2196.3246133863977	0.0009965057501265953
2199.422391402458	0.0009964980030964488
2202.5201694185175	0.0009964902561163554
2205.617947434577	0.0009964825091853466
2208.7157254506365	0.0009964747623024727
2211.813503466697	0.000996467015466802
2214.9112814827567	0.0009964592686774211
2218.009059498816	0.0009964515219334337
2221.106837514876	0.0009964437752339622
2224.204615530936	0.000996436028578144
2227.3023935469955	0.000996428281965135
2230.4001715630557	0.0009964205353941065
2233.497949579115	0.0009964127888642458
2236.595727595175	0.0009964050423747564
2239.693505611235	0.0009963972959248564
2242.7912836272944	0.0009963895495137807
2245.8890616433546	0.0009963818031407765
2248.9868396594143	0.0009963740568051079
2252.084617675474	0.000996366310506052
2255.182395691534	0.0009963585642428997
2258.2801737075933	0.0009963508180149566
2261.3779517236535	0.000996343071821541
2264.4757297397136	0.0009963353256619847
2267.573507755773	0.0009963275795356321
2270.671285771833	0.0009963198334418406
2273.7690637878927	0.00099631208737998
2276.8668418039524	0.0009963043413494324
2279.9646198200126	0.0009962965953495906
2283.062397836072	0.0009962888493798617
2286.160175852132	0.000996281103439662
2289.257953868192	0.00099627335752842
2292.3557318842513	0.0009962656116455752
2295.4535099003115	0.0009962578657905776
2298.551287916371	0.0009962501199628888
2301.649065932431	0.000996242374161979
2304.746843948491	0.000996234628387331
2307.8446219645502	0.0009962268826384359
2310.9423999806104	0.0009962191369147948
2314.04017799667	0.0009962113912159196
2317.13795601273	0.0009962036455413302
2320.23573402879	0.0009961958998905562
2323.3335120448496	0.0009961881542631375
2326.4312900609093	0.0009961804086586212
2329.5290680769695	0.000996172663076564
2332.6268460930287	0.000996164917516531
2335.724624109089	0.0009961571719780964
2338.8224021251485	0.0009961494264608415
2341.920180141208	0.0009961416809643562
2345.0179581572684	0.0009961339354882383
2348.115736173328	0.0009961261900320942
2351.2135141893878	0.000996118444595536
2354.311292205448	0.0009961106991781858
2357.409070221507	0.0009961029537796707
2360.5068482375673	0.000996095208399626
2363.604626253627	0.0009960874630376949
2366.7024042696867	0.0009960797176935261
2369.800182285747	0.0009960719723667755
2372.8979603018065	0.0009960642270571063
2375.9957383178657	0.0009960564817641873
2379.093516333926	0.0009960487364876944
2382.1912943499856	0.0009960409912273098
2385.2890723660453	0.0009960332459827209
2388.3868503821054	0.0009960255007536224
2391.4846283981647	0.000996017755539714
2394.5824064142253	0.000996010010340702
2397.680184430285	0.0009960022651562975
2400.777962446344	0.0009959945199862175
2403.8757404624043	0.0009959867748301854
2406.973518478464	0.000995979029687928
2410.0712964945237	0.0009959712845591796
2413.169074510584	0.0009959635394436782
2416.266852526643	0.000995955794341167
2419.3646305427033	0.0009959480492513948
2422.4624085587634	0.000995940304174115
2425.5601865748226	0.0009959325591090851
2428.657964590883	0.0009959248140560682
2431.7557426069425	0.000995917069014832
2434.853520623002	0.0009959093239851479
2437.9512986390623	0.0009959015789667918
2441.0490766551216	0.0009958938339595452
2444.1468546711817	0.000995886088963192
2447.244632687242	0.000995878343977522
2450.342410703301	0.0009958705990023278
2453.4401887193612	0.0009958628540374073
2456.537966735421	0.0009958551090825604
2459.6357447514806	0.0009958473641375925
2462.7335227675408	0.0009958396192023126
2465.8313007836	0.0009958318742765327
2468.92907879966	0.0009958241293600684
2472.02685681572	0.0009958163844527399
2475.1246348317795	0.0009958086395543701
2478.2224128478397	0.0009958008946647852
2481.320190863899	0.0009957931497838156
2484.417968879959	0.0009957854049112938
2487.5157468960188	0.0009957776600470565
2490.613524912079	0.000995769915190943
2493.7113029281386	0.0009957621703427962
2496.8090809441983	0.0009957544255024616
2499.906858960258	0.000995746680669788
2503.004636976318	0.0009957389358446268
2506.1024149923774	0.0009957311910268327
2509.2001930084375	0.0009957234462162627
2512.297971024497	0.0009957157014127774
2515.3957490405573	0.000995707956616239
2518.493527056617	0.0009957002118265133
2521.5913050726767	0.000995692467043468
2524.6890830887364	0.0009956847222669736
2527.7868611047966	0.000995676977496904
2530.884639120856	0.0009956692327331336
2533.9824171369155	0.0009956614879755412
2537.0801951529756	0.0009956537432240066
2540.177973169035	0.000995645998478413
2543.2757511850955	0.0009956382537386448
2546.373529201155	0.0009956305090045893
2549.471307217215	0.0009956227642761357
2552.569085233275	0.000995615019553176
2555.6668632493343	0.0009956072748356032
2558.764641265394	0.0009955995301233129
2561.862419281454	0.000995591785416203
2564.9601972975133	0.0009955840407141734
2568.057975313574	0.0009955762960171253
2571.1557533296336	0.0009955685513249619
2574.2535313456933	0.0009955608066375891
2577.351309361753	0.0009955530619549138
2580.4490873778127	0.000995545317276845
2583.5468653938724	0.0009955375726032935
2586.6446434099325	0.000995529827934172
2589.742421425992	0.0009955220832693942
2592.8401994420524	0.0009955143386088763
2595.937977458112	0.0009955065939525355
2599.0357554741718	0.000995498849300291
2602.1335334902315	0.0009954911046520633
2605.231311506291	0.0009954833600077748
2608.329089522351	0.000995475615367349
2611.426867538411	0.0009954678707307112
2614.52464555447	0.000995460126097788
2617.6224235705304	0.000995452381468507
2620.7202015865905	0.000995444636842798
2623.81797960265	0.0009954368922205918
2626.91575761871	0.0009954291476018202
2630.0135356347696	0.0009954214029864173
2633.1113136508293	0.000995413658374317
2636.2090916668894	0.0009954059137654557
2639.3068696829487	0.0009953981691597706
2642.404647699009	0.0009953904245572002
2645.5024257150685	0.0009953826799576843
2648.6002037311287	0.0009953749353611633
2651.6979817471884	0.0009953671907675797
2654.795759763248	0.0009953594461768757
2657.8935377793077	0.0009953517015889963
2660.991315795368	0.0009953439570038866
2664.089093811427	0.0009953362124214926
2667.1868718274873	0.000995328467841762
2670.284649843547	0.000995320723264643
2673.382427859607	0.000995312978690085
2676.480205875667	0.0009953052341180385
2679.5779838917265	0.0009952974895484545
2682.675761907786	0.0009952897449812858
2685.7735399238463	0.000995282000416485
2688.8713179399056	0.0009952742558540066
2691.9690959559653	0.0009952665112938055
2695.0668739720254	0.0009952587667358375
2698.1646519880856	0.0009952510221800596
2701.2624300041452	0.0009952432776264288
2704.360208020205	0.0009952355330749038
2707.4579860362646	0.000995227788525444
2710.555764052325	0.0009952200439780087
2713.653542068384	0.0009952122994325596
2716.7513200844437	0.0009952045548890572
2719.849098100504	0.0009951968103474648
2722.946876116564	0.0009951890658077443
2726.0446541326237	0.0009951813212698603
2729.1424321486834	0.0009951735767337769
2732.240210164743	0.0009951658321994585
2735.3379881808028	0.0009951580876668721
2738.4357661968625	0.0009951503431359836
2741.533544212922	0.00099514259860676
2744.6313222289823	0.0009951348540791687
2747.7291002450424	0.0009951271095531788
2750.826878261102	0.0009951193650287588
2753.9246562771614	0.0009951116205058781
2757.0224342932215	0.0009951038759845074
2760.120212309281	0.000995096131464617
2763.217990325341	0.0009950883869461783
2766.3157683414006	0.0009950806424291632
2769.4135463574607	0.0009950728979135444
2772.511324373521	0.000995065153399294
2775.6091023895806	0.0009950574088863863
2778.70688040564	0.0009950496643747948
2781.8046584217	0.0009950419198644944
2784.9024364377597	0.0009950341753554596
2788.0002144538194	0.0009950264308476661
2791.097992469879	0.00099501868634109
2794.195770485939	0.0009950109418357072
2797.2935485019984	0.0009950031973314948
2800.391326518059	0.0009949954528284306
2803.4891045341183	0.0009949877083264918
2806.5868825501784	0.0009949799638256562
2809.684660566238	0.0009949722193259036
2812.782438582298	0.000994964474827212
2815.8802165983575	0.0009949567303295611
2818.977994614417	0.0009949489858329308
2822.075772630477	0.0009949412413373011
2825.1735506465375	0.0009949334968426529
2828.2713286625967	0.000994925752348967
2831.369106678657	0.0009949180078562248
2834.4668846947166	0.0009949102633644079
2837.5646627107762	0.0009949025188734984
2840.662440726836	0.0009948947743834789
2843.7602187428956	0.0009948870298943319
2846.8579967589553	0.0009948792854060405
2849.955774775016	0.0009948715409185884
2853.053552791075	0.0009948637964319587
2856.1513308071353	0.0009948560519461359
2859.249108823195	0.0009948483074611045
2862.3468868392547	0.0009948405629768488
2865.4446648553144	0.0009948328184933542
2868.542442871374	0.0009948250740106053
2871.6402208874338	0.0009948173295285883
2874.7379989034935	0.0009948095850472885
2877.8357769195536	0.0009948018405666922
2880.9335549356138	0.0009947940960867857
2884.0313329516734	0.000994786351607556
2887.129110967733	0.000994778607128989
2890.226888983793	0.000994770862651073
2893.3246669998525	0.0009947631181737948
2896.422445015912	0.0009947553736971418
2899.520223031972	0.0009947476292211023
2902.618001048032	0.0009947398847456644
2905.715779064092	0.0009947321402708164
2908.813557080152	0.0009947243957965464
2911.911335096211	0.0009947166513228436
2915.0091131122713	0.000994708906849697
2918.106891128331	0.0009947011623770957
2921.2046691443907	0.0009946934179050296
2924.3024471604504	0.0009946856734334875
2927.4002251765105	0.0009946779289624597
2930.49800319257	0.0009946701844919363
2933.5957812086303	0.0009946624400219075
2936.6935592246896	0.0009946546955523633
2939.7913372407497	0.0009946469510832947
2942.8891152568094	0.0009946392066146922
2945.986893272869	0.0009946314621465469
2949.084671288929	0.0009946237176788504
2952.1824493049885	0.0009946159732115935
2955.2802273210486	0.0009946082287447674
2958.378005337109	0.000994600484278364
2961.475783353168	0.0009945927398123753
2964.573561369228	0.0009945849953467934
2967.6713393852874	0.0009945772508816097
2970.7691174013476	0.0009945695064168172
2973.8668954174072	0.000994561761952408
2976.964673433467	0.0009945540174883746
2980.062451449527	0.0009945462730247096
2983.1602294655872	0.0009945385285614063
2986.2580074816465	0.0009945307840984574
2989.3557854977066	0.000994523039635856
2992.453563513766	0.0009945152951735955
2995.551341529826	0.0009945075507116691
2998.6491195458857	0.0009944998062500706
3001.7468975619454	0.000994492061788793
3004.8446755780055	0.000994484317327831
3007.9424535940657	0.000994476572867178
3011.040231610125	0.000994468828406828
3014.138009626185	0.000994461083946775
3017.2357876422443	0.0009944533394870133
3020.3335656583045	0.0009944455950275373
3023.431343674364	0.0009944378505683418
3026.5291216904234	0.0009944301061094209
3029.6268997064835	0.0009944223616507692
3032.724677722544	0.000994414617192382
3035.8224557386034	0.0009944068727342538
3038.9202337546635	0.0009943991282763795
3042.0180117707228	0.0009943913838187544
3045.115789786783	0.0009943836393613735
3048.2135678028426	0.0009943758949042321
3051.311345818902	0.0009943681504473259
3054.409123834962	0.0009943604059906496
3057.5069018510226	0.0009943526615341994
3060.604679867082	0.0009943449170779705
3063.702457883142	0.000994337172621959
3066.800235899201	0.0009943294281661603
3069.898013915261	0.0009943216837105704
3072.995791931321	0.0009943139392551853
3076.0935699473803	0.0009943061948000011
3079.1913479634404	0.000994298450345014
3082.289125979501	0.0009942907058902199
3085.3869039955603	0.000994282961435615
3088.48468201162	0.0009942752169811958
3091.5824600276796	0.0009942674725269586
3094.6802380437393	0.0009942597280728999
