0.0	0.0011618342330356132
3.0915948264069852	0.0011583921475646515
6.1831896528139705	0.001155028164104097
9.274784479220957	0.0011517403121720305
12.366379305627941	0.001148526678954202
15.457974132034927	0.0011453854073045383
18.549568958441913	0.0011423146938269993
21.6411637848489	0.0011393127870350005
24.732758611255882	0.001136377985584811
27.824353437662868	0.0011335086365795175
30.915948264069854	0.0011307031339403304
34.00754309047684	0.0011279599168421686
37.09913791688383	0.0011252774682106077
40.19073274329081	0.0011226543132774448
43.2823275696978	0.0011200890181922432
46.37392239610478	0.0011175801886873808
49.465517222511764	0.0011151264687942278
52.557112048918746	0.001112726539608211
55.648706875325736	0.0011103791181006203
58.740301701732726	0.001108082955975134
61.83189652813971	0.0011058368385671188
64.92349135454668	0.0011036395837838745
68.01508618095367	0.001101490041084067
71.10668100736066	0.0010993870904946804
74.19827583376765	0.0010973296416639093
77.28987066017463	0.00109531663294847
80.38146548658162	0.0010933470305338974
83.47306031298861	0.0010914198275864503
86.5646551393956	0.001089534043435319
89.65624996580257	0.0010876887227838853
92.74784479220956	0.0010858829349488493
95.83943961861654	0.0010841157731260828
98.93103444502353	0.0010823863536821299
102.0226292714305	0.0010806938154703193
105.11422409783749	0.0010790373191705035
108.20581892424448	0.0010774160466514799
111.29741375065147	0.001075829200355197
114.38900857705845	0.001074276002701884
117.48060340346545	0.0010727556955152828
120.57219822987244	0.0010712675394672006
123.66379305627942	0.0010698108135406225
126.75538788268639	0.0010683848145106852
129.84698270909337	0.0010669888564428021
132.93857753550037	0.001065622270207305
136.03017236190735	0.0010642844030099594
139.12176718831435	0.0010629746179377602
142.21336201472133	0.001061692293519429
145.30495684112833	0.001060436823300065
148.3965516675353	0.0010592076154294164
151.48814649394228	0.001058004092263276
154.57974132034926	0.0010568256899775076
157.67133614675626	0.0010556718581942457
160.76293097316324	0.0010545420596198213
163.85452579957024	0.0010534357696939903
166.94612062597722	0.0010523524762500501
170.0377154523842	0.00105129167918546
173.1293102787912	0.0010502528901425853
176.22090510519817	0.0010492356321992048
179.31249993160515	0.0010482394395684362
182.40409475801212	0.0010472638573077483
185.49568958441913	0.0010463084410367411
188.5872844108261	0.0010453727566633842
191.67887923723308	0.0010444563801184272
194.77047406364005	0.0010435588970976921
197.86206889004706	0.0010426799028119796
200.95366371645406	0.0010418190017443317
204.045258542861	0.0010409758074143942
207.136853369268	0.0010401499421496454
210.22844819567499	0.001039341036863252
213.320043022082	0.0010385487308383365
216.41163784848897	0.001037772671518439
219.50323267489594	0.0010370125143039663
222.59482750130294	0.0010362679223544357
225.68642232770995	0.0010355385663963143
228.7780171541169	0.00103482412453628
231.8696119805239	0.0010341242820797194
234.9612068069309	0.0010334387313543014
238.05280163333788	0.0010327671715384494
241.14439645974488	0.001032109308494575
244.23599128615186	0.0010314648546068974
247.32758611255883	0.0010308335286237232
250.4191809389658	0.0010302150555040314
253.51077576537278	0.0010296091662682367
256.6023705917798	0.0010290155978529936
259.69396541818674	0.0010284340929699206
262.78556024459374	0.0010278643999681206
265.87715507100074	0.0010273062727003768
268.9687498974077	0.0010267594703929183
272.0603447238147	0.0010262237575186385
275.1519395502217	0.0010256989036736667
278.2435343766287	0.0010251846834571868
281.33512920303565	0.0010246808763544107
284.42672402944265	0.0010241872666226022
287.5183188558496	0.0010237036431800725
290.60991368225666	0.0010232297994980473
293.70150850866355	0.001022765533495327
296.7931033350706	0.0010223106474356555
299.88469816147756	0.0010218649478277186
302.97629298788456	0.0010214282453276952
306.06788781429157	0.0010210003546442835
309.1594826406985	0.001020581094446137
312.2510774671055	0.0010201702872716359
315.3426722935125	0.0010197677594409264
318.4342671199195	0.0010193733409701669
321.5258619463265	0.0010189868654879146
324.6174567727334	0.0010186081701535927
327.7090515991405	0.0010182370955779813
330.8006464255474	0.0010178734857456719
333.89224125195443	0.0010175171879394339
336.98383607836143	0.001017168052666437
340.0754309047684	0.0010168259335862771
343.16702573117533	0.001016490687440764
346.2586205575824	0.0010161621739854085
349.35021538398934	0.0010158402559225746
352.44181021039634	0.0010155247988362468
355.5334050368033	0.0010152156711283648
358.6249998632103	0.0010149127439566914
361.7165946896173	0.001014615891174165
364.80818951602424	0.001014324989269698
367.8997843424313	0.0010140399173103889
370.99137916883825	0.0010137605568850993
374.0829739952452	0.0010134867920493697
377.1745688216522	0.001013218509271634
380.2661636480592	0.0010129555973806966
383.35775847446615	0.0010126979475144448
386.4493533008732	0.0010124454530697588
389.5409481272801	0.0010121980096535908
392.6325429536871	0.0010119555150351815
395.7241377800941	0.0010117178690993854
398.8157326065011	0.0010114849738010795
401.9073274329081	0.0010112567331206173
404.99892225931507	0.0010110330530203153
408.090517085722	0.0010108138414019355
411.1821119121291	0.001010599008065142
414.273706738536	0.001010388464666908
417.3653015649431	0.0010101821246818476
420.45689639134997	0.0010099799033634488
423.548491217757	0.0010097817177061878
426.640086044164	0.0010095874864085009
429.731680870571	0.0010093971298365898
432.82327569697793	0.0010092105699890472
435.914870523385	0.0010090277304622734
439.0064653497919	0.0010088485364166712
442.0980601761989	0.0010086729145435975
445.1896550026059	0.001008500793033051
448.2812498290129	0.001008332101542084
451.3728446554199	0.0010081667711639133
454.46443948182684	0.0010080047343977193
457.5560343082338	0.0010078459251191127
460.64762913464085	0.0010076902785512542
463.7392239610478	0.0010075377312366138
466.8308187874548	0.0010073882210093496
469.9224136138618	0.0010072416869682953
473.01400844026875	0.0010070980694505396
476.10560326667576	0.0010069573100055852
479.19719809308276	0.001006819351370073
482.28879291948977	0.0010066841374430557
485.3803877458967	0.0010065516132618144
488.4719825723037	0.0010064217249781966
491.56357739871066	0.0010062944198354709
494.65517222511767	0.0010061696461456826
497.7467670515246	0.0010060473532675
500.8383618779316	0.0010059274915845383
503.92995670433857	0.0010058100124841513
507.02155153074557	0.0010056948683366813
510.1131463571525	0.0010055820124751536
513.2047411835596	0.001005471399175408
516.2963360099666	0.0010053629836366549
519.3879308363735	0.0010052567219624507
522.4795256627806	0.0010051525711420775
525.5711204891875	0.0010050504890323196
528.6627153155945	0.0010049504343396312
531.7543101420015	0.0010048523666026823
534.8459049684085	0.0010047562461752745
537.9374997948154	0.0010046620342096231
541.0290946212224	0.0010045696926399895
544.1206894476294	0.0010044791841666626
547.2122842740365	0.0010043904722402788
550.3038791004434	0.0010043035210464749
553.3954739268503	0.0010042182954908589
556.4870687532574	0.0010041347611843058
559.5786635796644	0.0010040528844285563
562.6702584060713	0.0010039726322021215
565.7618532324783	0.001003893972146483
568.8534480588853	0.001003816872552582
571.9450428852923	0.0010037413023475925
575.0366377116992	0.0010036672310819702
578.1282325381062	0.0010035946289167726
581.2198273645133	0.0010035234666112454
584.3114221909202	0.0010034537155106647
587.4030170173271	0.001003385347534436
590.4946118437342	0.0010033183351644396
593.5862066701412	0.0010032526514336176
596.6778014965481	0.0010031882699148003
599.7693963229551	0.0010031251647097618
602.8609911493621	0.001003063310438506
605.9525859757691	0.0010030026822287709
609.044180802176	0.001002943255705754
612.1357756285831	0.0010028850069820476
615.2273704549901	0.0010028279126477826
618.318965281397	0.001002771949760978
621.410560107804	0.0010027170958380861
624.502154934211	0.0010026633288447362
627.593749760618	0.0010026106271866647
630.685344587025	0.0010025589697008387
633.7769394134319	0.0010025083356467544
636.868534239839	0.0010024587046979195
639.960129066246	0.0010024100569335087
643.051723892653	0.0010023623728301918
646.1433187190598	0.0010023156332541275
649.2349135454668	0.001002269819453123
652.3265083718738	0.0010022249130489543
655.418103198281	0.00100218089602984
658.5096980246879	0.0010021377507430757
661.6012928510949	0.001002095459887813
664.6928876775019	0.001002054006507989
667.7844825039089	0.0010020133739853995
670.8760773303159	0.0010019735460329122
673.9676721567229	0.0010019345066878229
677.0592669831298	0.0010018962403053396
680.1508618095368	0.0010018587315522064
683.2424566359437	0.0010018219654004533
686.3340514623507	0.0010017859271212737
689.4256462887578	0.0010017506022790283
692.5172411151648	0.0010017159767253675
695.6088359415717	0.001001682036593476
698.7004307679787	0.0010016487682924337
701.7920255943858	0.0010016161585016895
704.8836204207927	0.0010015841941656493
707.9752152471997	0.0010015528624883728
711.0668100736066	0.0010015221509283752
714.1584049000136	0.0010014920471935406
717.2499997264206	0.001001462539236131
720.3415945528276	0.0010014336152479007
723.4331893792346	0.001001405263655309
726.5247842056416	0.0010013774731148283
729.6163790320485	0.0010013502325083477
732.7079738584555	0.0010013235309386701
735.7995686848626	0.0010012973577250995
738.8911635112696	0.001001271702399117
741.9827583376765	0.001001246554700144
745.0743531640834	0.001001221904571393
748.1659479904904	0.001001197742155799
751.2575428168974	0.0010011740577920338
754.3491376433044	0.0010011508420106022
757.4407324697114	0.001001128085530015
760.5323272961184	0.0010011057792530386
763.6239221225254	0.001001083914263023
766.7155169489323	0.0010010624818203
769.8071117753394	0.001001041473358656
772.8987066017464	0.0010010208804818758
775.9903014281533	0.0010010006949603535
779.0818962545602	0.0010009809087277752
782.1734910809672	0.0010009615138778648
785.2650859073742	0.0010009425026611977
788.3566807337813	0.0010009238674820765
791.4482755601882	0.0010009056008954702
794.5398703865952	0.0010008876956040158
797.6314652130022	0.0010008701444550766
800.7230600394092	0.001000852940437866
803.8146548658162	0.0010008360766806208
806.9062496922232	0.0010008195464478366
809.9978445186301	0.001000803343137558
813.0894393450371	0.0010007874602787202
816.181034171444	0.0010007718915285473
819.2726289978511	0.0010007566306700017
822.3642238242581	0.0010007416716092809
825.455818650665	0.001000727008373371
828.547413477072	0.0010007126351076435
831.639008303479	0.0010006985460735023
834.7306031298862	0.0010006847356460783
837.822197956293	0.0010006711983119691
840.9137927826999	0.001000657928667024
844.005387609107	0.0010006449214141734
847.096982435514	0.0010006321713613017
850.1885772619208	0.0010006196734191623
853.280172088328	0.0010006074225993348
856.371766914735	0.0010005954140122222
859.463361741142	0.0010005836428650888
862.5549565675489	0.0010005721044601364
865.6465513939559	0.0010005607941926207
868.738146220363	0.0010005497075490015
871.82974104677	0.0010005388401051348
874.9213358731768	0.0010005281875244975
878.0129306995838	0.0010005177455564478
881.1045255259908	0.0010005075100345208
884.1961203523978	0.0010004974768747599
887.2877151788048	0.0010004876420740766
890.3793100052118	0.0010004780017086497
893.4709048316188	0.0010004685519323486
896.5624996580258	0.0010004592889751962
899.6540944844328	0.0010004502091418553
902.7456893108398	0.0010004413088101492
905.8372841372468	0.0010004325844296116
908.9288789636537	0.0010004240325200628
912.0204737900606	0.0010004156496702167
915.1120686164676	0.0010004074325363143
918.2036634428747	0.0010003993778407866
921.2952582692817	0.0010003914823709394
924.3868530956886	0.001000383742977669
927.4784479220956	0.0010003761565742016
930.5700427485026	0.0010003687201348562
933.6616375749096	0.0010003614306938365
936.7532324013166	0.001000354285344041
939.8448272277236	0.0010003472812359006
942.9364220541305	0.00100034041557624
946.0280168805375	0.0010003336856271583
949.1196117069444	0.0010003270887049339
952.2112065333515	0.0010003206221789517
955.3028013597585	0.001000314283470651
958.3943961861655	0.0010003080700524928
961.4859910125724	0.0010003019794469505
964.5775858389795	0.001000296009225518
967.6691806653864	0.0010002901570077395
970.7607754917934	0.0010002844204602562
973.8523703182003	0.001000278797295876
976.9439651446074	0.0010002732852726563
980.0355599710143	0.0010002678821930096
983.1271547974213	0.0010002625859028245
986.2187496238282	0.0010002573942906037
989.3103444502353	0.001000252305286622
992.4019392766425	0.0010002473168620977
995.4935341030492	0.0010002424270283822
998.5851289294563	0.0010002376338361652
1001.6767237558632	0.0010002329353746963
1004.7683185822704	0.0010002283297710216
1007.8599134086771	0.001000223815189233
1010.9515082350842	0.0010002193898297385
1014.0431030614911	0.001000215051928541
1017.1346978878983	0.0010002107997565336
1020.226292714305	0.0010002066316188102
1023.3178875407121	0.0010002025458539867
1026.4094823671192	0.0010001985408335386
1029.501077193526	0.001000194614961151
1032.5926720199332	0.00100019076667208
1035.68426684634	0.001000186994432527
1038.775861672747	0.00100018329673903
1041.867456499154	0.0010001796721178582
1044.9590513255612	0.0010001761191244277
1048.050646151968	0.0010001726363427215
1051.142240978375	0.0010001692223847276
1054.2338358047818	0.0010001658758898807
1057.325430631189	0.0010001625955245225
1060.417025457596	0.0010001593799813678
1063.508620284003	0.001000156227978983
1066.60021511041	0.0010001531382612732
1069.691809936817	0.0010001501095969836
1072.7834047632239	0.0010001471407792052
1075.8749995896308	0.001000144230624894
1078.9665944160379	0.001000141377974401
1082.0581892424448	0.0010001385816910057
1085.149784068852	0.001000135840660465
1088.2413788952588	0.0010001331537905667
1091.332973721666	0.0010001305200106965
1094.424568548073	0.0010001279382714067
1097.5161633744797	0.001000125407544002
1100.6077582008868	0.0010001229268201241
1103.6993530272937	0.001000120495111354
1106.7909478537006	0.0010001181114488147
1109.8825426801077	0.0010001157748827849
1112.9741375065148	0.0010001134844823218
1116.0657323329217	0.0010001112393348876
1119.1573271593288	0.001000109038545986
1122.2489219857355	0.0010001068812388067
1125.3405168121426	0.001000104766553874
1128.4321116385497	0.0010001026936487043
1131.5237064649566	0.0010001006616974701
1134.6153012913637	0.0010000986698906712
1137.7068961177706	0.0010000967174348112
1140.7984909441775	0.0010000948035520805
1143.8900857705846	0.001000092927480047
1146.9816805969915	0.001000091088471351
1150.0732754233984	0.0010000892857934085
1153.1648702498055	0.0010000875187281177
1156.2564650762124	0.0010000857865715728
1159.3480599026195	0.001000084088633784
1162.4396547290266	0.0010000824242384011
1165.5312495554335	0.0010000807927224458
1168.6228443818404	0.001000079193436045
1171.7144392082473	0.001000077625742172
1174.8060340346542	0.0010000760890163946
1177.8976288610613	0.001000074582646623
1180.9892236874684	0.0010000731060328687
1184.0808185138753	0.0010000716585870024
1187.1724133402824	0.0010000702397325219
1190.2640081666896	0.0010000688489043205
1193.3556029930962	0.0010000674855484624
1196.4471978195033	0.0010000661491219626
1199.5387926459102	0.001000064839092568
1202.6303874723174	0.001000063554938548
1205.7219822987242	0.0010000622961484848
1208.8135771251314	0.0010000610622210694
1211.9051719515383	0.001000059852664903
1214.9967667779454	0.0010000586669982995
1218.088361604352	0.001000057504749095
1221.1799564307591	0.0010000563654544573
1224.2715512571663	0.0010000552486607046
1227.3631460835732	0.0010000541539231216
1230.4547409099803	0.0010000530808057838
1233.5463357363872	0.001000052028881384
1236.637930562794	0.0010000509977310605
1239.7295253892012	0.0010000499869442308
1242.821120215608	0.0010000489961184285
1245.9127150420152	0.0010000480248591429
1249.004309868422	0.0010000470727796593
1252.0959046948292	0.0010000461395009087
1255.187499521236	0.0010000452246513138
1258.279094347643	0.001000044327866642
1261.37068917405	0.0010000434487898607
1264.462284000457	0.0010000425870709925
1267.5538788268639	0.0010000417423669794
1270.6454736532708	0.0010000409143415428
1273.737068479678	0.0010000401026650518
1276.828663306085	0.0010000393070143897
1279.920258132492	0.0010000385270728272
1283.011852958899	0.0010000377625298945
1286.103447785306	0.001000037013081259
1289.1950426117128	0.0010000362784286028
1292.2866374381197	0.0010000355582795045
1295.3782322645268	0.0010000348523473222
1298.4698270909337	0.0010000341603510795
1301.5614219173408	0.0010000334820153536
1304.6530167437477	0.0010000328170701653
1307.744611570155	0.0010000321652508715
1310.836206396562	0.0010000315262980596
1313.9278012229688	0.0010000308999574441
1317.0193960493757	0.001000030285979766
1320.1109908757826	0.0010000296841206919
1323.2025857021897	0.0010000290941407182
1326.2941805285966	0.0010000285158050745
1329.3857753550037	0.001000027948883631
1332.4773701814106	0.001000027393150806
1335.5689650078177	0.0010000268483854762
1338.6605598342244	0.0010000263143708885
1341.7521546606317	0.001000025790894574
1344.8437494870386	0.0010000252777482635
1347.9353443134457	0.0010000247747278034
1351.0269391398526	0.0010000242816330751
1354.1185339662595	0.0010000237982679154
1357.2101287926666	0.001000023324440038
1360.3017236190735	0.001000022859960957
1363.3933184454804	0.0010000224046459118
1366.4849132718873	0.0010000219583137927
1369.5765080982947	0.0010000215207870706
1372.6681029247013	0.001000021091891724
1375.7596977511087	0.0010000206714571719
1378.8512925775156	0.0010000202593162032
1381.9428874039227	0.0010000198553049124
1385.0344822303296	0.0010000194592626336
1388.1260770567362	0.0010000190710318757
1391.2176718831433	0.0010000186904582603
1394.3092667095502	0.0010000183173904601
1397.4008615359573	0.0010000179516801387
1400.4924563623642	0.0010000175931818916
1403.5840511887716	0.0010000172417531873
1406.6756460151785	0.001000016897254312
1409.7672408415854	0.0010000165595483123
1412.8588356679923	0.001000016228500942
1415.9504304943994	0.0010000159039806088
1419.0420253208063	0.0010000155858583193
1422.1336201472132	0.0010000152740076314
1425.2252149736203	0.0010000149683046006
1428.3168098000272	0.001000014668627732
1431.4084046264343	0.0010000143748579325
1434.4999994528412	0.0010000140868784626
1437.5915942792483	0.0010000138045748893
1440.6831891056552	0.001000013527835042
1443.7747839320623	0.0010000132565489664
1446.8663787584692	0.0010000129906088814
1449.9579735848763	0.0010000127299091355
1453.0495684112832	0.0010000124743461672
1456.14116323769	0.0010000122238184581
1459.232758064097	0.0010000119782264999
1462.3243528905039	0.0010000117374727488
1465.415947716911	0.0010000115014615887
1468.5075425433179	0.0010000112700992944
1471.5991373697252	0.0010000110432939913
1474.690732196132	0.0010000108209556227
1477.7823270225392	0.0010000106029959092
1480.873921848946	0.0010000103893283187
1483.965516675353	0.0010000101798680267
1487.05711150176	0.0010000099745318867
1490.1487063281668	0.0010000097732383946
1493.240301154574	0.0010000095759076582
1496.3318959809808	0.001000009382461363
1499.423490807388	0.0010000091928227426
1502.5150856337948	0.001000009006916548
1505.606680460202	0.0010000088246690168
1508.6982752866088	0.0010000086460078446
1511.789870113016	0.0010000084708621567
1514.8814649394228	0.001000008299162478
1517.9730597658297	0.001000008130840707
1521.0646545922368	0.001000007965830087
1524.1562494186437	0.0010000078040651827
1527.2478442450508	0.00100000764548185
1530.3394390714577	0.001000007490017214
1533.4310338978646	0.0010000073376096408
1536.5226287242715	0.0010000071881987157
1539.6142235506788	0.0010000070417252177
1542.7058183770857	0.0010000068981310963
1545.7974132034929	0.0010000067573594478
1548.8890080298997	0.0010000066193544934
1551.9806028563066	0.0010000064840615564
1555.0721976827135	0.0010000063514270412
1558.1637925091204	0.0010000062213984106
1561.2553873355275	0.0010000060939241663
1564.3469821619344	0.001000005968953827
1567.4385769883418	0.0010000058464379106
1570.5301718147484	0.0010000057263279112
1573.6217666411558	0.001000005608576282
1576.7133614675627	0.0010000054931364165
1579.8049562939696	0.0010000053799626286
1582.8965511203764	0.0010000052690101353
1585.9881459467833	0.0010000051602350381
1589.0797407731905	0.0010000050535943072
1592.1713355995973	0.001000004949045762
1595.2629304260045	0.0010000048465480566
1598.3545252524113	0.0010000047460606604
1601.4461200788185	0.0010000046475438465
1604.5377149052251	0.001000004550958671
1607.6293097316325	0.0010000044562669598
1610.7209045580394	0.0010000043634312943
1613.8124993844465	0.0010000042724149943
1616.9040942108534	0.001000004183182105
1619.9956890372603	0.001000004095697382
1623.0872838636674	0.0010000040099262778
1626.1788786900743	0.001000003925834927
1629.2704735164812	0.0010000038433901344
1632.362068342888	0.0010000037625593592
1635.4536631692954	0.001000003683310705
1638.5452579957023	0.0010000036056129068
1641.6368528221094	0.0010000035294353143
1644.7284476485163	0.001000003454747886
1647.8200424749234	0.0010000033815211718
1650.91163730133	0.0010000033097263055
1654.003232127737	0.0010000032393349904
1657.094826954144	0.001000003170319489
1660.186421780551	0.0010000031026526118
1663.278016606958	0.0010000030363077072
1666.369611433365	0.0010000029712586502
1669.4612062597723	0.0010000029074798316
1672.5528010861792	0.0010000028449461487
1675.644395912586	0.001000002783632995
1678.735990738993	0.00100000272351625
1681.8275855653999	0.0010000026645722699
1684.919180391807	0.0010000026067778778
1688.010775218214	0.001000002550110356
1691.102370044621	0.0010000024945474345
1694.193964871028	0.001000002440067284
1697.285559697435	0.001000002386648507
1700.3771545238417	0.0010000023342701275
1703.468749350249	0.0010000022829115857
1706.560344176656	0.001000002232552727
1709.651939003063	0.0010000021831737954
1712.74353382947	0.0010000021347554252
1715.8351286558768	0.001000002087278634
1718.926723482284	0.0010000020407248138
1722.0183183086908	0.0010000019950757244
1725.1099131350977	0.0010000019503134867
1728.2015079615046	0.0010000019064205746
1731.2931027879117	0.001000001863379808
1734.3846976143186	0.0010000018211743465
1737.476292440726	0.001000001779787683
1740.5678872671328	0.0010000017392036362
1743.65948209354	0.0010000016994063444
1746.7510769199469	0.0010000016603802593
1749.8426717463535	0.0010000016221101407
1752.9342665727606	0.001000001584581049
1756.0258613991675	0.0010000015477783398
1759.1174562255746	0.0010000015116876575
1762.2090510519815	0.001000001476294932
1765.3006458783887	0.0010000014415863694
1768.3922407047955	0.001000001407548449
1771.4838355312027	0.0010000013741679181
1774.5754303576095	0.001000001341431785
1777.6670251840167	0.0010000013093273143
1780.7586200104236	0.0010000012778420236
1783.8502148368304	0.0010000012469636767
1786.9418096632376	0.0010000012166802787
1790.0334044896445	0.0010000011869800724
1793.1249993160516	0.0010000011578515321
1796.2165941424585	0.001000001129283361
1799.3081889688656	0.0010000011012644848
1802.3997837952722	0.0010000010737840478
1805.4913786216796	0.00100000104683141
1808.5829734480865	0.0010000010203961407
1811.6745682744936	0.001000000994468015
1814.7661631009005	0.0010000009690370115
1817.8577579273074	0.0010000009440933053
1820.9493527537143	0.0010000009196272665
1824.0409475801212	0.0010000008956294554
1827.1325424065283	0.0010000008720906191
1830.2241372329352	0.0010000008490016867
1833.3157320593425	0.0010000008263537673
1836.4073268857494	0.0010000008041381458
1839.4989217121565	0.0010000007823462791
1842.5905165385634	0.0010000007609697924
1845.6821113649703	0.0010000007400004771
1848.7737061913772	0.0010000007194302868
1851.865301017784	0.0010000006992513335
1854.9568958441912	0.0010000006794558859
1858.048490670598	0.001000000660036365
1861.1400854970052	0.0010000006409853414
1864.231680323412	0.0010000006222955333
1867.3232751498192	0.001000000603959802
1870.414869976226	0.00100000058597115
1873.5064648026332	0.0010000005683227186
1876.59805962904	0.001000000551007784
1879.6896544554472	0.0010000005340197557
1882.7812492818541	0.0010000005173521733
1885.872844108261	0.0010000005009987043
1888.9644389346681	0.0010000004849531408
1892.056033761075	0.0010000004692093984
1895.147628587482	0.001000000453761512
1898.2392234138888	0.0010000004386036348
1901.3308182402961	0.0010000004237300357
1904.422413066703	0.0010000004091350973
1907.51400789311	0.0010000003948133116
1910.605602719517	0.0010000003807592815
1913.6971975459237	0.0010000003669677151
1916.788792372331	0.0010000003534334256
1919.8803871987377	0.0010000003401513286
1922.9719820251448	0.0010000003271164403
1926.063576851552	0.0010000003143238753
1929.155171677959	0.001000000301768845
1932.2467665043657	0.0010000002894466546
1935.3383613307728	0.0010000002773527033
1938.42995615718	0.0010000002654824802
1941.5215509835868	0.0010000002538315645
1944.6131458099935	0.0010000002423956216
1947.7047406364006	0.0010000002311704036
1950.7963354628077	0.0010000002201517454
1953.8879302892149	0.0010000002093355656
1956.979525115622	0.001000000198717863
1960.0711199420286	0.0010000001882947147
1963.1627147684358	0.001000000178062276
1966.2543095948427	0.001000000168016778
1969.3459044212498	0.0010000001581545273
1972.4374992476564	0.0010000001484719008
1975.5290940740636	0.00100000013896535
1978.6206889004707	0.001000000129631395
1981.7122837268773	0.0010000001204666248
1984.803878553285	0.0010000001114676962
1987.8954733796916	0.0010000001026313314
1990.9870682060985	0.001000000093954318
1994.0786630325056	0.001000000085433507
1997.1702578589127	0.0010000000770658114
2000.2618526853194	0.0010000000688482056
2003.3534475117265	0.001000000060777723
2006.4450423381336	0.0010000000528514559
2009.5366371645407	0.0010000000450665553
2012.6282319909474	0.0010000000374202267
2015.7198268173543	0.0010000000299097318
2018.8114216437614	0.0010000000225323861
2021.9030164701685	0.0010000000152855586
2024.9946112965756	0.0010000000081666703
2028.0862061229823	0.001000000001173192
2031.1778009493894	0.0009999999943026455
2034.2693957757965	0.0009999999875526019
2037.3609906022034	0.0009999999809206794
2040.45258542861	0.0009999999744045437
2043.5441802550172	0.0009999999680019066
2046.6357750814243	0.0009999999617105256
2049.727369907831	0.0009999999555282016
2052.8189647342383	0.000999999949452779
2055.910559560645	0.0009999999434821463
2059.002154387052	0.0009999999376142318
2062.0937492134594	0.0009999999318470053
2065.1853440398663	0.0009999999261784778
2068.276938866273	0.0009999999206066984
2071.36853369268	0.0009999999151297553
2074.460128519087	0.0009999999097457738
2077.551723345494	0.0009999999044529176
2080.643318171901	0.0009999998992493854
2083.734912998308	0.000999999894133412
2086.826507824715	0.0009999998891032673
2089.9181026511224	0.0009999998841572543
2093.0096974775292	0.0009999998792937113
2096.101292303936	0.0009999998745110082
2099.192887130343	0.0009999998698075473
2102.28448195675	0.0009999998651817632
2105.3760767831573	0.0009999998606321202
2108.4676716095637	0.0009999998561571134
2111.559266435971	0.0009999998517552682
2114.650861262378	0.0009999998474251393
2117.742456088785	0.0009999998431653085
2120.834050915192	0.000999999838974387
2123.9256457415986	0.000999999834851013
2127.017240568006	0.000999999830793852
2130.108835394413	0.0009999998268015945
2133.20043022082	0.0009999998228729587
2136.2920250472266	0.000999999819006687
2139.383619873634	0.0009999998152015466
2142.475214700041	0.0009999998114563302
2145.5668095264477	0.0009999998077698533
2148.658404352855	0.0009999998041409547
2151.7499991792615	0.0009999998005684968
2154.841594005669	0.0009999997970513643
2157.9331888320758	0.0009999997935884635
2161.024783658483	0.0009999997901787231
2164.1163784848895	0.0009999997868210923
2167.207973311297	0.0009999997835145411
2170.299568137704	0.0009999997802580607
2173.3911629641107	0.0009999997770506611
2176.4827577905176	0.0009999997738913723
2179.5743526169244	0.000999999770779244
2182.665947443332	0.0009999997677133437
2185.7575422697387	0.0009999997646927582
2188.849137096146	0.0009999997617165914
2191.9407319225525	0.0009999997587839661
2195.0323267489593	0.0009999997558940218
2198.1239215753667	0.0009999997530459146
2201.2155164017736	0.000999999750238818
2204.3071112281805	0.0009999997474719217
2207.3987060545874	0.0009999997447444312
2210.4903008809947	0.0009999997420555673
2213.581895707401	0.0009999997394045668
2216.6734905338085	0.000999999736790682
2219.7650853602154	0.0009999997342131789
2222.8566801866223	0.0009999997316713386
2225.9482750130296	0.0009999997291644566
2229.0398698394365	0.0009999997266918416
2232.1314646658434	0.0009999997242528165
2235.2230594922503	0.000999999721846718
2238.3146543186576	0.000999999719472895
2241.4062491450645	0.0009999997171307093
2244.497843971471	0.0009999997148195364
2247.5894387978783	0.0009999997125387631
2250.681033624285	0.0009999997102877883
2253.7726284506925	0.000999999708066024
2256.8642232770994	0.000999999705872892
2259.9558181035063	0.000999999703707827
2263.047412929913	0.000999999701570274
2266.13900775632	0.0009999996994596897
2269.2306025827274	0.000999999697375541
2272.322197409134	0.0009999996953173051
2275.413792235541	0.0009999996932844705
2278.505387061948	0.0009999996912765348
2281.596981888355	0.0009999996892930058
2284.6885767147623	0.000999999687333402
2287.7801715411692	0.0009999996853972497
2290.871766367576	0.0009999996834840858
2293.963361193983	0.000999999681593456
2297.0549560203904	0.0009999996797249151
2300.146550846797	0.0009999996778780264
2303.238145673204	0.000999999676052362
2306.329740499611	0.0009999996742475026
2309.421335326018	0.0009999996724630368
2312.512930152425	0.0009999996706985615
2315.6045249788317	0.0009999996689536823
2318.696119805239	0.0009999996672280115
2321.787714631646	0.0009999996655211693
2324.8793094580533	0.000999999663832784
2327.9709042844597	0.0009999996621624903
2331.062499110867	0.0009999996605099314
2334.154093937274	0.0009999996588747565
2337.245688763681	0.0009999996572566219
2340.3372835900877	0.000999999655655191
2343.4288784164946	0.0009999996540701335
2346.520473242902	0.0009999996525011262
2349.6120680693084	0.000999999650947852
2352.703662895716	0.0009999996494099992
2355.7952577221226	0.000999999647887264
2358.88685254853	0.0009999996463793466
2361.978447374937	0.0009999996448859549
2365.0700422013438	0.000999999643406802
2368.1616370277507	0.000999999641941606
2371.2532318541575	0.0009999996404900912
2374.344826680565	0.0009999996390519874
2377.4364215069713	0.0009999996376270296
2380.528016333379	0.0009999996362149573
2383.6196111597856	0.000999999634815517
2386.7112059861925	0.0009999996334284585
2389.8028008126	0.0009999996320535372
2392.8943956390067	0.0009999996306905127
2395.9859904654136	0.0009999996293391508
2399.0775852918205	0.0009999996279992204
2402.169180118228	0.000999999626670496
2405.2607749446347	0.0009999996253527552
2408.3523697710416	0.0009999996240457822
2411.4439645974485	0.0009999996227493635
2414.5355594238554	0.0009999996214632909
2417.6271542502627	0.0009999996201873595
2420.7187490766696	0.000999999618921369
2423.8103439030765	0.0009999996176651232
2426.9019387294834	0.0009999996164184294
2429.9935335558907	0.0009999996151810989
2433.0851283822976	0.0009999996139529465
2436.176723208704	0.000999999612733791
2439.2683180351114	0.0009999996115234542
2442.3599128615183	0.0009999996103217622
2445.451507687925	0.000999999609128544
2448.5431025143325	0.0009999996079436324
2451.6346973407394	0.0009999996067668628
2454.7262921671463	0.0009999996055980748
2457.817886993553	0.0009999996044371103
2460.9094818199605	0.0009999996032838147
2464.001076646367	0.0009999996021380368
2467.0926714727743	0.0009999996009996278
2470.184266299181	0.000999999599868442
2473.275861125588	0.0009999995987443366
2476.367455951995	0.000999999597627172
2479.4590507784023	0.0009999995965168107
2482.550645604809	0.0009999995954131184
2485.642240431216	0.0009999995943159633
2488.7338352576235	0.0009999995932252162
2491.8254300840304	0.0009999995921407504
2494.9170249104372	0.000999999591062442
2498.008619736844	0.0009999995899901688
2501.1002145632515	0.0009999995889238122
2504.1918093896584	0.000999999587863255
2507.283404216065	0.0009999995868083826
2510.374999042472	0.0009999995857590822
2513.466593868879	0.0009999995847152444
2516.558188695286	0.000999999583676761
2519.649783521693	0.0009999995826435258
2522.7413783481	0.0009999995816154354
2525.832973174507	0.0009999995805923887
2528.924568000914	0.0009999995795742847
2532.016162827321	0.000999999578561027
2535.1077576537277	0.000999999577552519
2538.1993524801355	0.0009999995765486674
2541.2909473065415	0.0009999995755493798
2544.3825421329493	0.0009999995745545664
2547.474136959356	0.0009999995735641381
2550.5657317857626	0.000999999572578009
2553.65732661217	0.0009999995715960935
2556.748921438577	0.0009999995706183088
2559.840516264984	0.000999999569644573
2562.9321110913907	0.0009999995686748061
2566.023705917798	0.00099999956770893
2569.115300744205	0.0009999995667468672
2572.206895570612	0.0009999995657885429
2575.2984903970187	0.0009999995648338831
2578.3900852234256	0.0009999995638828153
2581.481680049833	0.0009999995629352682
2584.5732748762393	0.000999999561991173
2587.6648697026467	0.0009999995610504603
2590.7564645290536	0.0009999995601130645
2593.848059355461	0.0009999995591789194
2596.9396541818674	0.0009999995582479608
2600.0312490082747	0.000999999557320126
2603.1228438346816	0.0009999995563953529
2606.214438661088	0.0009999995554735809
2609.3060334874954	0.0009999995545547514
2612.3976283139027	0.0009999995536388057
2615.48922314031	0.0009999995527256867
2618.580817966716	0.0009999995518153392
2621.672412793124	0.0009999995509077076
2624.7640076195307	0.0009999995500027388
2627.8556024459376	0.0009999995491003796
2630.9471972723445	0.0009999995482005792
2634.0387920987514	0.0009999995473032868
2637.1303869251587	0.0009999995464084522
2640.221981751565	0.0009999995455160276
2643.3135765779725	0.0009999995446259649
2646.4051714043794	0.0009999995437382178
2649.4967662307868	0.0009999995428527405
2652.588361057193	0.0009999995419694878
2655.6799558836	0.000999999541088416
2658.7715507100074	0.0009999995402094819
2661.8631455364143	0.0009999995393326433
2664.954740362821	0.0009999995384578587
2668.046335189228	0.0009999995375850875
2671.1379300156354	0.00099999953671429
2674.229524842042	0.0009999995358454274
2677.321119668449	0.0009999995349784612
2680.4127144948566	0.0009999995341133541
2683.5043093212635	0.0009999995332500688
2686.5959041476704	0.00099999953238857
2689.6874989740772	0.000999999531528822
2692.7790938004846	0.0009999995306707906
2695.8706886268915	0.0009999995298144416
2698.9622834532984	0.0009999995289597414
2702.0538782797053	0.0009999995281066581
2705.145473106112	0.0009999995272551591
2708.237067932519	0.0009999995264052138
2711.328662758926	0.000999999525556791
2714.4202575853333	0.0009999995247098607
2717.51185241174	0.0009999995238643932
2720.603447238147	0.00099999952302036
2723.695042064554	0.0009999995221777324
2726.786636890961	0.0009999995213364832
2729.878231717368	0.0009999995204965843
2732.9698265437746	0.0009999995196580097
2736.061421370182	0.0009999995188207332
2739.1530161965893	0.0009999995179847284
2742.2446110229957	0.000999999517149971
2745.3362058494026	0.0009999995163164361
2748.42780067581	0.0009999995154840995
2751.5193955022173	0.0009999995146529374
2754.6109903286238	0.0009999995138229268
2757.702585155031	0.000999999512994045
2760.794179981438	0.0009999995121662691
2763.8857748078453	0.000999999511339578
2766.9773696342518	0.0009999995105139502
2770.068964460659	0.000999999509689364
2773.160559287066	0.0009999995088657994
2776.2521541134724	0.000999999508043236
2779.34374893988	0.0009999995072216545
2782.4353437662867	0.0009999995064010347
2785.526938592694	0.0009999995055813581
2788.6185334191005	0.0009999995047626057
2791.710128245508	0.0009999995039447595
2794.8017230719147	0.000999999503127802
2797.8933178983216	0.000999999502311715
2800.9849127247285	0.000999999501496481
2804.0765075511354	0.000999999500682084
2807.168102377543	0.0009999994998685074
2810.259697203949	0.0009999994990557341
2813.351292030357	0.0009999994982437493
2816.442886856764	0.0009999994974325367
2819.5344816831707	0.0009999994966220812
2822.6260765095776	0.000999999495812368
2825.7176713359845	0.0009999994950033824
2828.809266162392	0.0009999994941951099
2831.9008609887987	0.0009999994933875365
2834.9924558152056	0.0009999994925806483
2838.0840506416125	0.0009999994917744316
2841.17564546802	0.0009999994909688735
2844.2672402944263	0.0009999994901639607
2847.358835120833	0.000999999489359681
2850.4504299472405	0.000999999488556021
2853.5420247736474	0.000999999487752969
2856.6336196000543	0.0009999994869505132
2859.725214426461	0.0009999994861486412
2862.8168092528686	0.000999999485347342
2865.908404079276	0.000999999484546604
2868.9999989056823	0.0009999994837464159
2872.091593732089	0.0009999994829467671
2875.1831885584966	0.0009999994821476472
2878.274783384903	0.0009999994813490456
2881.3663782113103	0.0009999994805509516
2884.4579730377177	0.0009999994797533556
2887.5495678641246	0.0009999994789562478
2890.6411626905315	0.0009999994781596184
2893.7327575169384	0.000999999477363458
2896.8243523433453	0.0009999994765677572
2899.9159471697526	0.0009999994757725068
2903.007541996159	0.0009999994749776983
2906.0991368225664	0.000999999474183323
2909.1907316489733	0.000999999473389372
2912.28232647538	0.000999999472595837
2915.373921301787	0.0009999994718027096
2918.465516128194	0.0009999994710099824
2921.5571109546013	0.0009999994702176468
2924.6487057810077	0.0009999994694256953
2927.740300607415	0.0009999994686341203
2930.831895433822	0.0009999994678429147
2933.9234902602298	0.0009999994670520705
2937.0150850866357	0.000999999466261581
2940.106679913043	0.0009999994654714393
2943.1982747394504	0.0009999994646816381
2946.2898695658564	0.0009999994638921713
2949.381464392264	0.0009999994631030315
2952.473059218671	0.000999999462314213
2955.5646540450784	0.000999999461525709
2958.656248871485	0.0009999994607375134
2961.747843697892	0.00099999945994962
2964.839438524299	0.0009999994591620232
2967.931033350706	0.0009999994583747166
2971.022628177113	0.0009999994575876948
2974.11422300352	0.000999999456800952
2977.205817829927	0.0009999994560144832
2980.2974126563336	0.000999999455228282
2983.389007482741	0.0009999994544423441
2986.480602309148	0.0009999994536566636
2989.5721971355547	0.000999999452871236
2992.6637919619616	0.0009999994520860558
2995.7553867883685	0.0009999994513011183
2998.846981614776	0.0009999994505164188
3001.9385764411822	0.0009999994497319525
3005.0301712675896	0.0009999994489477146
3008.121766093997	0.0009999994481637011
3011.213360920404	0.000999999447379907
3014.3049557468103	0.0009999994465963284
3017.3965505732176	0.0009999994458129604
3020.488145399625	0.0009999994450297998
3023.579740226032	0.000999999444246842
3026.6713350524387	0.0009999994434640828
3029.7629298788456	0.0009999994426815187
3032.854524705253	0.0009999994418991456
3035.9461195316594	0.0009999994411169595
3039.0377143580663	0.000999999440334957
3042.1293091844736	0.0009999994395531342
3045.2209040108805	0.000999999438771488
3048.3124988372874	0.0009999994379900146
3051.4040936636943	0.000999999437208711
3054.4956884901017	0.000999999436427573
3057.5872833165085	0.000999999435646598
3060.6788781429154	0.0009999994348657828
3063.7704729693223	0.0009999994340851239
3066.862067795729	0.0009999994333046182
3069.953662622136	0.000999999432524263
3073.045257448543	0.0009999994317440551
3076.136852274951	0.0009999994309639916
3079.2284471013577	0.0009999994301840697
3082.3200419277646	0.0009999994294042868
3085.4116367541715	0.0009999994286246396
3088.5032315805784	0.0009999994278451262
3091.5948264069857	0.0009999994270657431
3094.686421233392	0.0009999994262864884
