0.0	0.0011618342407897493
3.0915948264069852	0.0011583921556641878
6.1831896528139705	0.0011550281725298348
9.274784479220957	0.0011517403209045398
12.366379305627941	0.0011485266879738324
15.457974132034927	0.0011453854165914287
18.549568958441913	0.0011423147033610894
21.6411637848489	0.001139312796796041
24.732758611255882	0.0011363779955523765
27.824353437662868	0.0011335086467330177
30.915948264069854	0.0011307031442590238
34.00754309047684	0.0011279599273051745
37.09913791688383	0.00112527747879692
40.19073274329081	0.001122654323965946
43.2823275696978	0.0011200890289617181
46.37392239610478	0.001117580199516532
49.465517222511764	0.0011151264796616896
52.557112048918746	0.0011127265504925652
55.648706875325736	0.0011103791289804117
58.740301701732726	0.0011080829668288859
61.83189652813971	0.0011058368493733499
64.92349135454668	0.0011036395945211144
68.01508618095367	0.0011014900517308734
71.10668100736066	0.0010993871010296556
74.19827583376765	0.0010973296520657174
77.28987066017463	0.0010953166431958536
80.38146548658162	0.0010933470406056958
83.47306031298861	0.0010914198374616158
86.5646551393956	0.0010895340530929353
89.65624996580257	0.001087688732203184
92.74784479220956	0.0010858829441092281
95.83943961861654	0.0010841157820071232
98.93103444502353	0.0010823863622636141
102.0226292714305	0.001080693823732248
105.11422409783749	0.0010790373270931127
108.20581892424448	0.0010774160542152582
111.29741375065147	0.0010758292075409037
114.38900857705845	0.0010742760094905642
117.48060340346545	0.0010727557018882852
120.57219822987244	0.0010712675454061934
123.66379305627942	0.0010698108190276094
126.75538788268639	0.0010683848195280213
129.84698270909337	0.0010669888609732097
132.93857753550037	0.0010656222742338876
136.03017236190735	0.0010642844065162176
139.12176718831435	0.0010629746209076052
142.21336201472133	0.0010616922959371968
145.30495684112833	0.0010604368251505292
148.3965516675353	0.0010592076166978015
151.48814649394228	0.00105800409293527
154.57974132034926	0.0010568256900392729
157.67133614675626	0.001055671857632431
160.76293097316324	0.0010545420584215724
163.85452579957024	0.0010534357678469595
166.94612062597722	0.001052352473742406
170.0377154523842	0.0010512916760058966
173.1293102787912	0.0010502528862803297
176.22090510519817	0.001049235627644025
179.31249993160515	0.0010482394343106478
182.40409475801212	0.001047263851338221
185.49568958441913	0.0010463084343469036
188.5872844108261	0.00104537274924523
191.67887923723308	0.0010444563719645176
194.77047406364005	0.0010435588882011602
197.86206889004706	0.001042679893166533
200.95366371645406	0.0010418189913442546
204.045258542861	0.0010409757962545486
207.136853369268	0.001040149930225472
210.22844819567499	0.0010393410241707694
213.320043022082	0.0010385487173741415
216.41163784848897	0.0010377726572797041
219.50323267489594	0.0010370124992884393
222.59482750130294	0.0010362679065604348
225.68642232770995	0.0010355385498227265
228.7780171541169	0.0010348241071825562
231.8696119805239	0.0010341242639458701
234.9612068069309	0.0010334387124408912
238.05280163333788	0.0010327671518465921
241.14439645974488	0.0010321092880259258
244.23599128615186	0.0010314648333636474
247.32758611255883	0.001030833506608591
250.4191809389658	0.0010302150327202552
253.51077576537278	0.0010296091427195663
256.6023705917798	0.0010290155735436816
259.69396541818674	0.0010284340679047128
262.78556024459374	0.0010278643741522462
265.87715507100074	0.0010273062461395378
268.9687498974077	0.0010267594430932797
272.0603447238147	0.0010262237294868172
275.1519395502217	0.00102569887491672
278.2435343766287	0.0010251846539826013
281.33512920303565	0.00102468084617009
284.42672402944265	0.0010241872357368554
287.5183188558496	0.0010237036116016013
290.60991368225666	0.0010232297672359337
293.70150850866355	0.0010227655005590214
296.7931033350706	0.0010223106138349627
299.88469816147756	0.0010218649135727857
302.97629298788456	0.0010214282104289978
306.06788781429157	0.001021000319112613
309.1594826406985	0.0010205810582925876
312.2510774671055	0.0010201702505075905
315.3426722935125	0.001019767722078044
318.4342671199195	0.0010193733030203695
321.5258619463265	0.001018986826963373
324.6174567727334	0.0010186081310667137
327.7090515991405	0.0010182370559413951
330.8006464255474	0.001017873445572218
333.89224125195443	0.0010175171472421487
336.98383607836143	0.0010171680114585406
340.0754309047684	0.001016825891881161
343.16702573117533	0.0010164906452519776
346.2586205575824	0.0010161621313266472
349.35021538398934	0.0010158402128076676
352.44181021039634	0.0010155247552791442
355.5334050368033	0.0010152156271431266
358.6249998632103	0.001014912699557475
361.7165946896173	0.0010146158463752142
364.80818951602424	0.0010143249440853312
367.8997843424313	0.0010140398717549885
370.99137916883825	0.0010137605109731003
374.0829739952452	0.0010134867457952496
377.1745688216522	0.0010132184626899022
380.2661636480592	0.0010129555504858846
383.35775847446615	0.0010126979003210962
386.4493533008732	0.0010124454055924197
389.5409481272801	0.0010121979619068006
392.6325429536871	0.0010119554670334641
395.7241377800941	0.0010117178208572403
398.8157326065011	0.0010114849253329737
401.9073274329081	0.0010112566844409764
404.99892225931507	0.0010110330041435164
408.090517085722	0.0010108137923423
411.1821119121291	0.001010598958836927
414.273706738536	0.0010103884152843005
417.3653015649431	0.0010101820751589575
420.45689639134997	0.001009979853714302
423.548491217757	0.0010097816679447208
426.640086044164	0.0010095874365485544
429.731680870571	0.0010093970798919036
432.82327569697793	0.0010092105199732545
435.914870523385	0.0010090276803888956
439.0064653497919	0.001008848486299114
442.0980601761989	0.0010086728643951453
445.1896550026059	0.0010085007428668634
448.2812498290129	0.0010083320513711918
451.3728446554199	0.001008166721001214
454.46443948182684	0.0010080046842559746
457.5560343082338	0.0010078458750109444
460.64762913464085	0.0010076902284891416
463.7392239610478	0.0010075376812328908
466.8308187874548	0.0010073881710762022
469.9224136138618	0.0010072416371177588
473.01400844026875	0.0010070980196944972
476.10560326667576	0.0010069572603557655
479.19719809308276	0.0010068193018380482
482.28879291948977	0.0010066840880402401
485.3803877458967	0.0010065515639994633
488.4719825723037	0.0010064216758674048
491.56357739871066	0.0010062943708871715
494.65517222511767	0.001006169597370647
497.7467670515246	0.0010060473046763357
500.8383618779316	0.00100592744318769
503.92995670433857	0.0010058099642918997
507.02155153074557	0.0010056948203591427
510.1131463571525	0.00100558196472228
513.2047411835596	0.001005471351656987
516.2963360099666	0.0010053629363623103
519.3879308363735	0.0010052566749416425
522.4795256627806	0.001005152524384102
525.5711204891875	0.00100505044254631
528.6627153155945	0.001004950388134559
531.7543101420015	0.0010048523206873567
534.8459049684085	0.0010047562005583445
537.9374997948154	0.0010046619888995775
541.0290946212224	0.001004569647645158
544.1206894476294	0.0010044791394952174
547.2122842740365	0.0010043904279002354
550.3038791004434	0.0010043034770456929
553.3954739268503	0.0010042182518370441
556.4870687532574	0.001004134717885011
559.5786635796644	0.001004052841491183
562.6702584060713	0.0010039725896339212
565.7618532324783	0.0010038939299545583
568.8534480588853	0.0010038168307438895
571.9450428852923	0.0010037412609289428
575.0366377116992	0.0010036671900600304
578.1282325381062	0.001003594588298068
581.2198273645133	0.001003523426402161
584.3114221909202	0.0010034536757174471
587.4030170173271	0.0010033853081631953
590.4946118437342	0.0010033182962211507
593.5862066701412	0.0010032526129241227
596.6778014965481	0.00100318823184481
599.7693963229551	0.001003125127084858
602.8609911493621	0.0010030632732641424
605.9525859757691	0.0010030026455102763
609.044180802176	0.0010029432194483333
612.1357756285831	0.001002884971190784
615.2273704549901	0.0010028278773276395
618.318965281397	0.001002771914916801
621.410560107804	0.001002717061474605
624.502154934211	0.001002663294966566
627.593749760618	0.0010026105937983093
630.685344587025	0.0010025589368066912
633.7769394134319	0.0010025083032510998
636.868534239839	0.0010024586728049365
639.960129066246	0.0010024100255472713
643.051723892653	0.0010023623419546717
646.1433187190598	0.0010023156028931958
649.2349135454668	0.0010022697896105517
652.3265083718738	0.0010022248837284183
655.418103198281	0.0010021808672349196
658.5096980246879	0.0010021377224772577
661.6012928510949	0.0010020954321544925
664.6928876775019	0.0010020539793104714
667.7844825039089	0.0010020133473269024
670.8760773303159	0.0010019735199165675
673.9676721567229	0.0010019344811166776
677.0592669831298	0.0010018962152823585
680.1508618095368	0.0010018587070802728
683.2424566359437	0.0010018219414823718
686.3340514623507	0.0010017859037597708
689.4256462887578	0.001001750579476755
692.5172411151648	0.0010017159544849002
695.6088359415717	0.0010016820149173185
698.7004307679787	0.0010016487471830187
701.7920255943858	0.0010016161379613803
704.8836204207927	0.0010015841741967408
707.9752152471997	0.0010015528430930936
711.0668100736066	0.0010015221321088888
714.1584049000136	0.001001492028951947
717.2499997264206	0.0010014625215744686
720.3415945528276	0.0010014335981681462
723.4331893792346	0.0010014052471593808
726.5247842056416	0.0010013774572045864
729.6163790320485	0.0010013502171855957
732.7079738584555	0.0010013235162051567
735.7995686848626	0.0010012973435825187
738.8911635112696	0.001001271688849111
741.9827583376765	0.0010012465417443036
745.0743531640834	0.0010012218922112587
748.1659479904904	0.0010011977303928622
751.2575428168974	0.0010011740466277389
754.3491376433044	0.0010011508314463466
757.4407324697114	0.0010011280755671506
760.5323272961184	0.0010011057698928736
763.6239221225254	0.0010010839055068226
766.7155169489323	0.0010010624736692868
769.8071117753394	0.001001041465814012
772.8987066017464	0.001001020873544743
775.9903014281533	0.0010010006886318355
779.0818962545602	0.001000980903008937
782.1734910809672	0.0010009615087697352
785.2650859073742	0.001000942498164769
788.3566807337813	0.0010009238635983067
791.4482755601882	0.0010009055976252827
794.5398703865952	0.0010008876929483007
797.6314652130022	0.0010008701424146927
800.7230600394092	0.0010008529390136396
803.8146548658162	0.0010008360758733484
806.9062496922232	0.0010008195462582847
809.9978445186301	0.0010008033435664645
813.0894393450371	0.0010007874613267944
816.181034171444	0.0010007718931964716
819.2726289978511	0.0010007566329584318
822.3642238242581	0.0010007416745188462
825.455818650665	0.001000727011904677
828.547413477072	0.0010007126392612702
831.639008303479	0.0010006985508500062
834.7306031298862	0.0010006847410459932
837.822197956293	0.0010006712043358064
840.9137927826999	0.001000657935315273
844.005387609107	0.0010006449286873026
847.096982435514	0.0010006321792597592
850.1885772619208	0.0010006196819433762
853.280172088328	0.0010006074317497136
856.371766914735	0.0010005954237891563
859.463361741142	0.0010005836532689502
862.5549565675489	0.0010005721154912792
865.6465513939559	0.001000560805851382
868.738146220363	0.0010005497198357022
871.82974104677	0.0010005388530200795
874.9213358731768	0.0010005282010679753
878.0129306995838	0.0010005177597287324
881.1045255259908	0.001000507524835872
884.1961203523978	0.0010004974923054223
887.2877151788048	0.0010004876581342819
890.3793100052118	0.001000478018398616
893.4709048316188	0.0010004685692522812
896.5624996580258	0.001000459306925288
899.6540944844328	0.001000450227722287
902.7456893108398	0.00100044132802109
905.8372841372468	0.0010004326042712193
908.9288789636537	0.0010004240529924843
912.0204737900606	0.0010004156707735885
915.1120686164676	0.0010004074542707627
918.2036634428747	0.0010003994002064278
921.2952582692817	0.0010003915053678804
924.3868530956886	0.0010003837666060075
927.4784479220956	0.001000376180834026
930.5700427485026	0.0010003687450262468
933.6616375749096	0.0010003614562168655
936.7532324013166	0.0010003543114987723
939.8448272277236	0.0010003473080223903
942.9364220541305	0.001000340442994537
946.0280168805375	0.0010003337136773043
949.1196117069444	0.0010003271173869633
952.2112065333515	0.0010003206514928931
955.3028013597585	0.001000314313416526
958.3943961861655	0.001000308100630317
961.4859910125724	0.0010003020106567333
964.5775858389795	0.0010002960410672636
967.6691806653864	0.0010002901894814462
970.7607754917934	0.0010002844535659172
973.8523703182003	0.0010002788310334795
976.9439651446074	0.0010002733196421856
980.0355599710143	0.0010002679171944432
983.1271547974213	0.0010002626215361366
986.2187496238282	0.0010002574305557643
989.3103444502353	0.0010002523421835966
992.4019392766425	0.001000247354390848
995.4935341030492	0.0010002424651888663
998.5851289294563	0.0010002376726283373
1001.6767237558632	0.0010002329747985077
1004.7683185822704	0.0010002283698264196
1007.8599134086771	0.0010002238558761622
1010.9515082350842	0.0010002194311481405
1014.0431030614911	0.0010002150938783544
1017.1346978878983	0.0010002108423376942
1020.226292714305	0.0010002066748312512
1023.3178875407121	0.0010002025896976392
1026.4094823671192	0.001000198585308331
1029.501077193526	0.0010001946600670093
1032.5926720199332	0.0010001908124089283
1035.68426684634	0.0010001870408002877
1038.775861672747	0.0010001833437376232
1041.867456499154	0.0010001797197472023
1044.9590513255612	0.0010001761673844396
1048.050646151968	0.0010001726852333162
1051.142240978375	0.0010001692719058188
1054.2338358047818	0.0010001659260413809
1057.325430631189	0.0010001626463063424
1060.417025457596	0.0010001594313934173
1063.508620284003	0.0010001562800211708
1066.60021511041	0.0010001531909335068
1069.691809936817	0.0010001501628991694
1072.7834047632239	0.001000147194711249
1075.8749995896308	0.0010001442851867008
1078.9665944160379	0.0010001414331658744
1082.0581892424448	0.0010001386375120495
1085.149784068852	0.0010001358971109815
1088.2413788952588	0.0010001332108704585
1091.332973721666	0.0010001305777198651
1094.424568548073	0.0010001279966097535
1097.5161633744797	0.0010001254665114273
1100.6077582008868	0.0010001229864165287
1103.6993530272937	0.0010001205553366382
1106.7909478537006	0.0010001181723028783
1109.8825426801077	0.0010001158363655278
1112.9741375065148	0.0010001135465936436
1116.0657323329217	0.0010001113020746875
1119.1573271593288	0.0010001091019141639
1122.2489219857355	0.001000106945235262
1125.3405168121426	0.001000104831178506
1128.4321116385497	0.0010001027589014125
1131.5237064649566	0.0010001007275781545
1134.6153012913637	0.0010000987363992316
1137.7068961177706	0.0010000967845711472
1140.7984909441775	0.0010000948713160926
1143.8900857705846	0.0010000929958716355
1146.9816805969915	0.0010000911574904168
1150.0732754233984	0.0010000893554398525
1153.1648702498055	0.0010000875890018412
1156.2564650762124	0.0010000858574724773
1159.3480599026195	0.0010000841601617717
1162.4396547290266	0.0010000824963933745
1165.5312495554335	0.0010000808655043077
1168.6228443818404	0.0010000792668446988
1171.7144392082473	0.0010000776997775216
1174.8060340346542	0.0010000761636783438
1177.8976288610613	0.001000074657935077
1180.9892236874684	0.0010000731819477322
1184.0808185138753	0.0010000717351281816
1187.1724133402824	0.0010000703168999232
1190.2640081666896	0.0010000689266978508
1193.3556029930962	0.0010000675639680293
1196.4471978195033	0.001000066228167474
1199.5387926459102	0.0010000649187639327
1202.6303874723174	0.0010000636352356757
1205.7219822987242	0.001000062377071285
1208.8135771251314	0.001000061143769453
1211.9051719515383	0.0010000599348387812
1214.9967667779454	0.0010000587497975841
1218.088361604352	0.0010000575881736985
1221.1799564307591	0.0010000564495042934
1224.2715512571663	0.001000055333335687
1227.3631460835732	0.0010000542392231652
1230.4547409099803	0.0010000531667308037
1233.5463357363872	0.0010000521154312964
1236.637930562794	0.0010000510849057821
1239.7295253892012	0.0010000500747436793
1242.821120215608	0.0010000490845425219
1245.9127150420152	0.0010000481139078
1249.004309868422	0.0010000471624528001
1252.0959046948292	0.0010000462297984536
1255.187499521236	0.0010000453155731837
1258.279094347643	0.001000044419412759
1261.37068917405	0.0010000435409601473
1264.462284000457	0.001000042679865372
1267.5538788268639	0.001000041835785376
1270.6454736532708	0.0010000410083838812
1273.737068479678	0.0010000401973312577
1276.828663306085	0.0010000394023043891
1279.920258132492	0.0010000386229865473
1283.011852958899	0.0010000378590672634
1286.103447785306	0.0010000371102422047
1289.1950426117128	0.001000036376213055
1292.2866374381197	0.001000035656687393
1295.3782322645268	0.001000034951378578
1298.4698270909337	0.001000034260005634
1301.5614219173408	0.0010000335822931388
1304.6530167437477	0.0010000329179711144
1307.744611570155	0.001000032266774918
1310.836206396562	0.001000031628445138
1313.9278012229688	0.0010000310027274894
1317.0193960493757	0.001000030389372714
1320.1109908757826	0.0010000297881364794
1323.2025857021897	0.0010000291987792822
1326.2941805285966	0.0010000286210663533
1329.3857753550037	0.0010000280547675633
1332.4773701814106	0.001000027499657331
1335.5689650078177	0.001000026955514534
1338.6605598342244	0.00100002642212242
1341.7521546606317	0.0010000258992685206
1344.8437494870386	0.0010000253867445672
1347.9353443134457	0.0010000248843464075
1351.0269391398526	0.0010000243918739228
1354.1185339662595	0.0010000239091309511
1357.2101287926666	0.0010000234359252066
1360.3017236190735	0.0010000229720682039
1363.3933184454804	0.0010000225173751832
1366.4849132718873	0.0010000220716650356
1369.5765080982947	0.0010000216347602325
1372.6681029247013	0.001000021206486753
1375.7596977511087	0.0010000207866740168
1378.8512925775156	0.0010000203751548134
1381.9428874039227	0.0010000199717652382
1385.0344822303296	0.0010000195763446254
1388.1260770567362	0.0010000191887354851
1391.2176718831433	0.001000018808783439
1394.3092667095502	0.0010000184363371607
1397.4008615359573	0.0010000180712483144
1400.4924563623642	0.0010000177133714962
1403.5840511887716	0.001000017362564175
1406.6756460151785	0.0010000170186866377
1409.7672408415854	0.0010000166816019316
1412.8588356679923	0.0010000163511758111
1415.9504304943994	0.0010000160272766844
1419.0420253208063	0.0010000157097755586
1422.1336201472132	0.0010000153985459921
1425.2252149736203	0.0010000150934640411
1428.3168098000272	0.0010000147944082111
1431.4084046264343	0.0010000145012594099
1434.4999994528412	0.001000014213900898
1437.5915942792483	0.0010000139322182433
1440.6831891056552	0.0010000136560992757
1443.7747839320623	0.0010000133854340414
1446.8663787584692	0.0010000131201147596
1449.9579735848763	0.0010000128600357798
1453.0495684112832	0.0010000126050935406
1456.14116323769	0.0010000123551865243
1459.232758064097	0.0010000121102152228
1462.3243528905039	0.0010000118700820928
1465.415947716911	0.0010000116346915195
1468.5075425433179	0.0010000114039497771
1471.5991373697252	0.001000011177764992
1474.690732196132	0.001000010956047108
1477.7823270225392	0.0010000107387078462
1480.873921848946	0.0010000105256606747
1483.965516675353	0.0010000103168207697
1487.05711150176	0.0010000101121049848
1490.1487063281668	0.0010000099114318168
1493.240301154574	0.0010000097147213735
1496.3318959809808	0.0010000095218953412
1499.423490807388	0.001000009332876954
1502.5150856337948	0.0010000091475909625
1505.606680460202	0.001000008965963606
1508.6982752866088	0.0010000087879225793
1511.789870113016	0.001000008613397009
1514.8814649394228	0.0010000084423174198
1517.9730597658297	0.0010000082746157107
1521.0646545922368	0.0010000081102251258
1524.1562494186437	0.00100000794908023
1527.2478442450508	0.0010000077911168797
1530.3394390714577	0.0010000076362721997
1533.4310338978646	0.001000007484484557
1536.5226287242715	0.0010000073356935377
1539.6142235506788	0.0010000071898399203
1542.7058183770857	0.0010000070468656553
1545.7974132034929	0.001000006906713839
1548.8890080298997	0.0010000067693286927
1551.9806028563066	0.001000006634655541
1555.0721976827135	0.0010000065026407876
1558.1637925091204	0.0010000063732318962
1561.2553873355275	0.001000006246377369
1564.3469821619344	0.0010000061220267248
1567.4385769883418	0.0010000060001304812
1570.5301718147484	0.0010000058806401335
1573.6217666411558	0.0010000057635081352
1576.7133614675627	0.0010000056486878794
1579.8049562939696	0.0010000055361336808
1582.8965511203764	0.001000005425800757
1585.9881459467833	0.0010000053176452092
1589.0797407731905	0.001000005211624008
1592.1713355995973	0.0010000051076949734
1595.2629304260045	0.0010000050058167596
1598.3545252524113	0.0010000049059488364
1601.4461200788185	0.0010000048080514772
1604.5377149052251	0.001000004712085738
1607.6293097316325	0.0010000046180134454
1610.7209045580394	0.0010000045257971806
1613.8124993844465	0.001000004435400264
1616.9040942108534	0.0010000043467867413
1619.9956890372603	0.0010000042599213681
1623.0872838636674	0.001000004174769597
1626.1788786900743	0.0010000040912975631
1629.2704735164812	0.0010000040094720712
1632.362068342888	0.001000003929260581
1635.4536631692954	0.0010000038506311965
1638.5452579957023	0.0010000037735526522
1641.6368528221094	0.0010000036979942988
1644.7284476485163	0.0010000036239260946
1647.8200424749234	0.00100000355131859
1650.91163730133	0.0010000034801429189
1654.003232127737	0.0010000034103707846
1657.094826954144	0.00100000334197445
1660.186421780551	0.001000003274926726
1663.278016606958	0.0010000032092009612
1666.369611433365	0.0010000031447710304
1669.4612062597723	0.001000003081611325
1672.5528010861792	0.0010000030196967425
1675.644395912586	0.0010000029590026762
1678.735990738993	0.0010000028995050061
1681.8275855653999	0.001000002841180089
1684.919180391807	0.0010000027840047472
1688.010775218214	0.0010000027279562641
1691.102370044621	0.0010000026730123696
1694.193964871028	0.0010000026191512345
1697.285559697435	0.0010000025663514612
1700.3771545238417	0.0010000025145920743
1703.468749350249	0.0010000024638525142
1706.560344176656	0.001000002414112626
1709.651939003063	0.0010000023653526546
1712.74353382947	0.0010000023175532338
1715.8351286558768	0.0010000022706953817
1718.926723482284	0.0010000022247604904
1722.0183183086908	0.00100000217973032
1725.1099131350977	0.0010000021355869913
1728.2015079615046	0.0010000020923129785
1731.2931027879117	0.0010000020498911015
1734.3846976143186	0.0010000020083045203
1737.476292440726	0.001000001967536728
1740.5678872671328	0.001000001927571543
1743.65948209354	0.0010000018883931042
1746.7510769199469	0.0010000018499858633
1749.8426717463535	0.00100000181233458
1752.9342665727606	0.0010000017754243152
1756.0258613991675	0.0010000017392404242
1759.1174562255746	0.0010000017037685523
1762.2090510519815	0.0010000016689946287
1765.3006458783887	0.00100000163490486
1768.3922407047955	0.0010000016014857255
1771.4838355312027	0.001000001568723973
1774.5754303576095	0.0010000015366066104
1777.6670251840167	0.0010000015051209031
1780.7586200104236	0.0010000014742543681
1783.8502148368304	0.0010000014439947697
1786.9418096632376	0.0010000014143301131
1790.0334044896445	0.001000001385248641
1793.1249993160516	0.001000001356738828
1796.2165941424585	0.0010000013287893774
1799.3081889688656	0.001000001301389215
1802.3997837952722	0.001000001274527485
1805.4913786216796	0.0010000012481935479
1808.5829734480865	0.0010000012223769729
1811.6745682744936	0.001000001197067535
1814.7661631009005	0.0010000011722552135
1817.8577579273074	0.001000001147930183
1820.9493527537143	0.001000001124082814
1824.0409475801212	0.0010000011007036667
1827.1325424065283	0.0010000010777834886
1830.2241372329352	0.0010000010553132084
1833.3157320593425	0.0010000010332839359
1836.4073268857494	0.0010000010116869556
1839.4989217121565	0.0010000009905137247
1842.5905165385634	0.0010000009697558683
1845.6821113649703	0.0010000009494051784
1848.7737061913772	0.001000000929453608
1851.865301017784	0.0010000009098932697
1854.9568958441912	0.001000000890716432
1858.048490670598	0.0010000008719155162
1861.1400854970052	0.001000000853483093
1864.231680323412	0.0010000008354118803
1867.3232751498192	0.0010000008176947396
1870.414869976226	0.001000000800324674
1873.5064648026332	0.0010000007832948242
1876.59805962904	0.0010000007665984668
1879.6896544554472	0.0010000007502290115
1882.7812492818541	0.0010000007341799976
1885.872844108261	0.001000000718445093
1888.9644389346681	0.0010000007030180893
1892.056033761075	0.001000000687892903
1895.147628587482	0.0010000006730635687
1898.2392234138888	0.0010000006585242395
1901.3308182402961	0.0010000006442691847
1904.422413066703	0.0010000006302927865
1907.51400789311	0.0010000006165895375
1910.605602719517	0.0010000006031540402
1913.6971975459237	0.001000000589981003
1916.788792372331	0.0010000005770652391
1919.8803871987377	0.0010000005644016643
1922.9719820251448	0.0010000005519852945
1926.063576851552	0.001000000539811245
1929.155171677959	0.0010000005278747264
1932.2467665043657	0.0010000005161710447
1935.3383613307728	0.0010000005046955987
1938.42995615718	0.0010000004934438778
1941.5215509835868	0.0010000004824114613
1944.6131458099935	0.001000000471594014
1947.7047406364006	0.0010000004609872892
1950.7963354628077	0.0010000004505871208
1953.8879302892149	0.001000000440389428
1956.979525115622	0.0010000004303902096
1960.0711199420286	0.0010000004205855428
1963.1627147684358	0.0010000004109715827
1966.2543095948427	0.0010000004015445604
1969.3459044212498	0.0010000003923007826
1972.4374992476564	0.0010000003832366267
1975.5290940740636	0.0010000003743485437
1978.6206889004707	0.001000000365633054
1981.7122837268773	0.0010000003570867465
1984.803878553285	0.0010000003487062783
1987.8954733796916	0.0010000003404883715
1990.9870682060985	0.0010000003324298135
1994.0786630325056	0.0010000003245274557
1997.1702578589127	0.0010000003167782109
2000.2618526853194	0.0010000003091790535
2003.3534475117265	0.001000000301727017
2006.4450423381336	0.0010000002944191943
2009.5366371645407	0.0010000002872527357
2012.6282319909474	0.0010000002802248468
2015.7198268173543	0.0010000002733327898
2018.8114216437614	0.0010000002665738797
2021.9030164701685	0.001000000259945486
2024.9946112965756	0.0010000002534450293
2028.0862061229823	0.0010000002470699806
2031.1778009493894	0.0010000002408178622
2034.2693957757965	0.0010000002346862444
2037.3609906022034	0.0010000002286727461
2040.45258542861	0.0010000002227750326
2043.5441802550172	0.0010000002169908162
2046.6357750814243	0.0010000002113178539
2049.727369907831	0.0010000002057539467
2052.8189647342383	0.0010000002002969396
2055.910559560645	0.0010000001949447205
2059.002154387052	0.0010000001896952179
2062.0937492134594	0.0010000001845464018
2065.1853440398663	0.001000000179496283
2068.276938866273	0.001000000174542911
2071.36853369268	0.0010000001696843736
2074.460128519087	0.0010000001649187963
2077.551723345494	0.0010000001602443428
2080.643318171901	0.0010000001556592117
2083.734912998308	0.0010000001511616381
2086.826507824715	0.0010000001467498918
2089.9181026511224	0.001000000142422276
2093.0096974775292	0.0010000001381771286
2096.101292303936	0.00100000013401282
2099.192887130343	0.001000000129927752
2102.28448195675	0.0010000001259203594
2105.3760767831573	0.001000000121989107
2108.4676716095637	0.0010000001181324895
2111.559266435971	0.0010000001143490322
2114.650861262378	0.0010000001106372901
2117.742456088785	0.001000000106995845
2120.834050915192	0.001000000103423308
2123.9256457415986	0.0010000000999183173
2127.017240568006	0.0010000000964795384
2130.108835394413	0.0010000000931056619
2133.20043022082	0.001000000089795406
2136.2920250472266	0.0010000000865475133
2139.383619873634	0.0010000000833607508
2142.475214700041	0.0010000000802339113
2145.5668095264477	0.00100000007716581
2148.658404352855	0.0010000000741552863
2151.7499991792615	0.0010000000712012023
2154.841594005669	0.0010000000683024427
2157.9331888320758	0.0010000000654579138
2161.024783658483	0.0010000000626665445
2164.1163784848895	0.0010000000599272839
2167.207973311297	0.001000000057239102
2170.299568137704	0.0010000000546009898
2173.3911629641107	0.0010000000520119575
2176.4827577905176	0.0010000000494710354
2179.5743526169244	0.0010000000469772728
2182.665947443332	0.0010000000445297376
2185.7575422697387	0.0010000000421275161
2188.849137096146	0.0010000000397697125
2191.9407319225525	0.00100000003745545
2195.0323267489593	0.0010000000351838673
2198.1239215753667	0.0010000000329541212
2201.2155164017736	0.0010000000307653848
2204.3071112281805	0.001000000028616848
2207.3987060545874	0.0010000000265077164
2210.4903008809947	0.001000000024437211
2213.581895707401	0.0010000000224045678
2216.6734905338085	0.0010000000204090397
2219.7650853602154	0.0010000000184498927
2222.8566801866223	0.001000000016526408
2225.9482750130296	0.0010000000146378808
2229.0398698394365	0.0010000000127836199
2232.1314646658434	0.0010000000109629485
2235.2230594922503	0.001000000009175203
2238.3146543186576	0.0010000000074197322
2241.4062491450645	0.0010000000056958984
2244.497843971471	0.0010000000040030768
2247.5894387978783	0.001000000002340654
2250.681033624285	0.0010000000007080294
2253.7726284506925	0.0009999999991046143
2256.8642232770994	0.0009999999975298314
2259.9558181035063	0.0009999999959831147
2263.047412929913	0.0009999999944639098
2266.13900775632	0.0009999999929716729
2269.2306025827274	0.0009999999915058708
2272.322197409134	0.0009999999900659816
2275.413792235541	0.0009999999886514928
2278.505387061948	0.0009999999872619026
2281.596981888355	0.0009999999858967185
2284.6885767147623	0.0009999999845554592
2287.7801715411692	0.0009999999832376511
2290.871766367576	0.000999999981942831
2293.963361193983	0.0009999999806705442
2297.0549560203904	0.0009999999794203462
2300.146550846797	0.0009999999781917998
2303.238145673204	0.0009999999769844772
2306.329740499611	0.0009999999757979593
2309.421335326018	0.0009999999746318346
2312.512930152425	0.0009999999734857002
2315.6045249788317	0.0009999999723591612
2318.696119805239	0.0009999999712518302
2321.787714631646	0.0009999999701633276
2324.8793094580533	0.0009999999690932816
2327.9709042844597	0.000999999968041327
2331.062499110867	0.0009999999670071064
2334.154093937274	0.0009999999659902697
2337.245688763681	0.0009999999649904728
2340.3372835900877	0.0009999999640073795
2343.4288784164946	0.000999999963040659
2346.520473242902	0.0009999999620899885
2349.6120680693084	0.0009999999611550508
2352.703662895716	0.0009999999602355342
2355.7952577221226	0.0009999999593311348
2358.88685254853	0.000999999958441553
2361.978447374937	0.0009999999575664967
2365.0700422013438	0.0009999999567056788
2368.1616370277507	0.0009999999558588176
2371.2532318541575	0.000999999955025637
2374.344826680565	0.0009999999542058674
2377.4364215069713	0.0009999999533992436
2380.528016333379	0.000999999952605505
2383.6196111597856	0.000999999951824398
2386.7112059861925	0.0009999999510556725
2389.8028008126	0.0009999999502990841
2392.8943956390067	0.0009999999495543923
2395.9859904654136	0.0009999999488213627
2399.0775852918205	0.0009999999480997644
2402.169180118228	0.0009999999473893717
2405.2607749446347	0.0009999999466899626
2408.3523697710416	0.0009999999460013212
2411.4439645974485	0.0009999999453232334
2414.5355594238554	0.000999999944655492
2417.6271542502627	0.0009999999439978913
2420.7187490766696	0.0009999999433502314
2423.8103439030765	0.0009999999427123159
2426.9019387294834	0.0009999999420839522
2429.9935335558907	0.0009999999414649517
2433.0851283822976	0.0009999999408551292
2436.176723208704	0.000999999940254303
2439.2683180351114	0.0009999999396622956
2442.3599128615183	0.0009999999390789328
2445.451507687925	0.0009999999385040435
2448.5431025143325	0.0009999999379374609
2451.6346973407394	0.0009999999373790198
2454.7262921671463	0.0009999999368285604
2457.817886993553	0.0009999999362859241
2460.9094818199605	0.0009999999357509567
2464.001076646367	0.0009999999352235068
2467.0926714727743	0.0009999999347034254
2470.184266299181	0.0009999999341905675
2473.275861125588	0.0009999999336847895
2476.367455951995	0.0009999999331859522
2479.4590507784023	0.000999999932693918
2482.550645604809	0.0009999999322085529
2485.642240431216	0.0009999999317297247
2488.7338352576235	0.0009999999312573042
2491.8254300840304	0.0009999999307911652
2494.9170249104372	0.000999999930331183
2498.008619736844	0.0009999999298772365
2501.1002145632515	0.000999999929429206
2504.1918093896584	0.000999999928986975
2507.283404216065	0.0009999999285504283
2510.374999042472	0.0009999999281194538
2513.466593868879	0.0009999999276939417
2516.558188695286	0.0009999999272737837
2519.649783521693	0.0009999999268588743
2522.7413783481	0.0009999999264491092
2525.832973174507	0.0009999999260443878
2528.924568000914	0.0009999999256446086
2532.016162827321	0.0009999999252496758
2535.1077576537277	0.000999999924859493
2538.1993524801355	0.000999999924473966
2541.2909473065415	0.0009999999240930032
2544.3825421329493	0.0009999999237165144
2547.474136959356	0.0009999999233444106
2550.5657317857626	0.0009999999229766058
2553.65732661217	0.0009999999226130145
2556.748921438577	0.000999999922253554
2559.840516264984	0.0009999999218981424
2562.9321110913907	0.0009999999215466995
2566.023705917798	0.0009999999211991472
2569.115300744205	0.0009999999208554083
2572.206895570612	0.0009999999205154077
2575.2984903970187	0.0009999999201790717
2578.3900852234256	0.0009999999198463273
2581.481680049833	0.0009999999195171038
2584.5732748762393	0.0009999999191913317
2587.6648697026467	0.0009999999188689426
2590.7564645290536	0.00099999991854987
2593.848059355461	0.0009999999182340482
2596.9396541818674	0.0009999999179214126
2600.0312490082747	0.0009999999176119006
2603.1228438346816	0.0009999999173054505
2606.214438661088	0.0009999999170020014
2609.3060334874954	0.0009999999167014948
2612.3976283139027	0.0009999999164038717
2615.48922314031	0.0009999999161090754
2618.580817966716	0.0009999999158170503
2621.672412793124	0.0009999999155277414
2624.7640076195307	0.000999999915241095
2627.8556024459376	0.0009999999149570584
2630.9471972723445	0.0009999999146755802
2634.0387920987514	0.00099999991439661
2637.1303869251587	0.0009999999141200977
2640.221981751565	0.0009999999138459953
2643.3135765779725	0.0009999999135742548
2646.4051714043794	0.0009999999133048297
2649.4967662307868	0.0009999999130376742
2652.588361057193	0.0009999999127727436
2655.6799558836	0.0009999999125099935
2658.7715507100074	0.0009999999122493812
2661.8631455364143	0.0009999999119908645
2664.954740362821	0.0009999999117344016
2668.046335189228	0.000999999911479952
2671.1379300156354	0.0009999999112274764
2674.229524842042	0.0009999999109769353
2677.321119668449	0.0009999999107282904
2680.4127144948566	0.0009999999104815048
2683.5043093212635	0.000999999910236541
2686.5959041476704	0.0009999999099933635
2689.6874989740772	0.0009999999097519369
2692.7790938004846	0.0009999999095122267
2695.8706886268915	0.000999999909274199
2698.9622834532984	0.0009999999090378202
2702.0538782797053	0.000999999908803058
2705.145473106112	0.0009999999085698803
2708.237067932519	0.0009999999083382559
2711.328662758926	0.0009999999081081541
2714.4202575853333	0.0009999999078795449
2717.51185241174	0.0009999999076523984
2720.603447238147	0.0009999999074266862
2723.695042064554	0.0009999999072023795
2726.786636890961	0.000999999906979451
2729.878231717368	0.0009999999067578731
2732.9698265437746	0.0009999999065376192
2736.061421370182	0.0009999999063186635
2739.1530161965893	0.0009999999061009795
2742.2446110229957	0.0009999999058845428
2745.3362058494026	0.0009999999056693285
2748.42780067581	0.0009999999054553126
2751.5193955022173	0.0009999999052424712
2754.6109903286238	0.0009999999050307811
2757.702585155031	0.0009999999048202197
2760.794179981438	0.0009999999046107647
2763.8857748078453	0.000999999904402394
2766.9773696342518	0.0009999999041950865
2770.068964460659	0.0009999999039888208
2773.160559287066	0.0009999999037835767
2776.2521541134724	0.0009999999035793336
2779.34374893988	0.0009999999033760724
2782.4353437662867	0.000999999903173773
2785.526938592694	0.0009999999029724168
2788.6185334191005	0.0009999999027719847
2791.710128245508	0.0009999999025724587
2794.8017230719147	0.0009999999023738214
2797.8933178983216	0.0009999999021760545
2800.9849127247285	0.0009999999019791408
2804.0765075511354	0.0009999999017830641
2807.168102377543	0.0009999999015878076
2810.259697203949	0.0009999999013933544
2813.351292030357	0.0009999999011996896
2816.442886856764	0.000999999901006797
2819.5344816831707	0.000999999900814662
2822.6260765095776	0.0009999999006232686
2825.7176713359845	0.000999999900432603
2828.809266162392	0.0009999999002426505
2831.9008609887987	0.000999999900053397
2834.9924558152056	0.0009999998998648288
2838.0840506416125	0.000999999899676932
2841.17564546802	0.000999999899489694
2844.2672402944263	0.0009999998993031013
2847.358835120833	0.000999999899117141
2850.4504299472405	0.000999999898931801
2853.5420247736474	0.000999999898747069
2856.6336196000543	0.0009999998985629332
2859.725214426461	0.0009999998983793808
2862.8168092528686	0.0009999998981964015
2865.908404079276	0.0009999998980139832
2868.9999989056823	0.000999999897832115
2872.091593732089	0.000999999897650786
2875.1831885584966	0.0009999998974699858
2878.274783384903	0.0009999998972897038
2881.3663782113103	0.0009999998971099296
2884.4579730377177	0.0009999998969306533
2887.5495678641246	0.0009999998967518654
2890.6411626905315	0.0009999998965735555
2893.7327575169384	0.0009999998963957147
2896.8243523433453	0.0009999998962183336
2899.9159471697526	0.0009999998960414029
2903.007541996159	0.000999999895864914
2906.0991368225664	0.0009999998956888583
2909.1907316489733	0.000999999895513227
2912.28232647538	0.0009999998953380115
2915.373921301787	0.0009999998951632039
2918.465516128194	0.000999999894988796
2921.5571109546013	0.0009999998948147801
2924.6487057810077	0.0009999998946411482
2927.740300607415	0.0009999998944678927
2930.831895433822	0.0009999998942950067
2933.9234902602298	0.0009999998941224821
2937.0150850866357	0.0009999998939503121
2940.106679913043	0.0009999998937784897
2943.1982747394504	0.0009999998936070082
2946.2898695658564	0.0009999998934358608
2949.381464392264	0.0009999998932650404
2952.473059218671	0.0009999998930945416
2955.5646540450784	0.000999999892924357
2958.656248871485	0.0009999998927544807
2961.747843697892	0.0009999998925849067
2964.839438524299	0.0009999998924156294
2967.931033350706	0.0009999998922466421
2971.022628177113	0.0009999998920779398
2974.11422300352	0.0009999998919095164
2977.205817829927	0.000999999891741367
2980.2974126563336	0.0009999998915734853
2983.389007482741	0.0009999998914058666
2986.480602309148	0.0009999998912385054
2989.5721971355547	0.0009999998910713973
2992.6637919619616	0.0009999998909045365
2995.7553867883685	0.0009999998907379182
2998.846981614776	0.000999999890571538
3001.9385764411822	0.0009999998904053912
3005.0301712675896	0.0009999998902394725
3008.121766093997	0.0009999998900737785
3011.213360920404	0.0009999998899083036
3014.3049557468103	0.0009999998897430443
3017.3965505732176	0.0009999998895779958
3020.488145399625	0.0009999998894131544
3023.579740226032	0.0009999998892485159
3026.6713350524387	0.000999999889084076
3029.7629298788456	0.000999999888919831
3032.854524705253	0.0009999998887557772
3035.9461195316594	0.0009999998885919102
3039.0377143580663	0.0009999998884282271
3042.1293091844736	0.0009999998882647236
3045.2209040108805	0.0009999998881013968
3048.3124988372874	0.0009999998879382426
3051.4040936636943	0.0009999998877752582
3054.4956884901017	0.0009999998876124394
3057.5872833165085	0.0009999998874497835
3060.6788781429154	0.0009999998872872876
3063.7704729693223	0.0009999998871249478
3066.862067795729	0.0009999998869627616
3069.953662622136	0.0009999998868007254
3073.045257448543	0.000999999886638837
3076.136852274951	0.0009999998864770924
3079.2284471013577	0.0009999998863154899
3082.3200419277646	0.000999999886154026
3085.4116367541715	0.0009999998859926982
3088.5032315805784	0.0009999998858315037
3091.5948264069857	0.00099999988567044
3094.686421233392	0.0009999998855095044
