0.0	0.001161814857388004
3.0977780160597996	0.0011583651019238899
6.195556032119599	0.0011549938053612703
9.293334048179398	0.0011516989861277804
12.391112064239199	0.0011484787207482999
15.488890080298997	0.0011453311418246311
18.586668096358796	0.0011422544360974987
21.6844461124186	0.001139246842587033
24.782224128478397	0.0011363066508081046
27.880002144538192	0.0011334321990570586
30.977780160597995	0.0011306218727665804
34.07555817665779	0.001127874102925592
37.17333619271759	0.001125187364561235
40.27111420877739	0.0011225601752801496
43.3688922248372	0.0011199910938663902
46.46667024089699	0.0011174787189334697
49.564448256956794	0.0011150216876281295
52.66222627301659	0.001112618674383566
55.760004289076385	0.0011102683897199518
58.85778230513619	0.0011079695790901926
61.95556032119599	0.0011057210217689708
65.05333833725578	0.0011035215297832113
68.15111635331559	0.0011013699468821996
71.24889436937539	0.0010992651475456709
74.34667238543518	0.0010972060360282616
77.44445040149499	0.0010951915454388002
80.54222841755478	0.0010932206368529781
83.64000643361459	0.001091292298458011
86.7377844496744	0.0010894055447279803
89.83556246573417	0.001087559415628577
92.93334048179398	0.0010857529758500609
96.03111849785378	0.0010839853140672782
99.12889651391359	0.0010822555422256486
102.22667452997338	0.0010805627948520767
105.32445254603319	0.0010789062283897847
108.42223056209299	0.0010772850205561242
111.52000857815277	0.001075698369722449
114.61778659421257	0.0010741454943151818
117.71556461027238	0.001072625632237248
120.81334262633217	0.0010711380403090763
123.91112064239198	0.0010696819937284123
127.00889865845178	0.0010682567855482164
130.10667667451156	0.0010668617261719478
133.20445469057137	0.0010654961428655802
136.30223270663117	0.0010641593792857008
139.40001072269098	0.001062850795023091
142.49778873875078	0.001061569765161202
145.5955667548106	0.001060315679848969
148.69334477087037	0.0010590879438874287
151.79112278693017	0.0010578859763296195
154.88890080298998	0.0010567092100932894
157.98667881904979	0.0010555570915859193
161.08445683510956	0.001054429080341629
164.18223485116937	0.0010533246486695135
167.28001286722917	0.0010522432813130154
170.37779088328898	0.0010511844751199123
173.4755688993488	0.0010501477387225512
176.5733469154086	0.0010491325922279556
179.67112493146834	0.0010481385669174551
182.76890294752815	0.0010471652049554947
185.86668096358795	0.0010462120591073038
188.96445897964776	0.0010452786924651056
192.06223699570756	0.0010443646781825712
195.16001501176737	0.0010434695992172277
198.25779302782718	0.001042593048080543
201.35557104388698	0.0010417346265954189
204.45334905994676	0.00104089394566084
207.55112707600657	0.0010400706250234242
210.64890509206637	0.0010392642930556488
213.74668310812618	0.0010384745865405119
216.84446112418598	0.0010377011504624175
219.94223914024576	0.0010369436378040702
223.04001715630554	0.0010362017093491795
226.13779517236534	0.0010354750334907702
229.23557318842515	0.0010347632860449225
232.33335120448496	0.0010340661500697508
235.43112922054476	0.0010333833156894502
238.52890723660454	0.0010327144799232454
241.62668525266434	0.0010320593465190785
244.72446326872415	0.0010314176257918781
247.82224128478396	0.0010307890344662637
250.92001930084376	0.0010301732955235398
254.01779731690357	0.00102957013805284
257.1155753329634	0.0010289792971062892
260.2133533490231	0.0010284005135580538
263.31113136508293	0.0010278335339671547
266.40890938114273	0.0010272781104439294
269.50668739720254	0.0010267340005200203
272.60446541326235	0.0010262009670217835
275.70224342932215	0.001025678777947011
278.80002144538196	0.0010251672063448605
281.89779946144176	0.0010246660301988985
284.99557747750157	0.0010241750323131552
288.0933554935614	0.001023694000201104
291.1911335096212	0.0010232227259774761
294.288911525681	0.001022761006252823
297.38668954174074	0.0010223086420307424
300.48446755780054	0.0010218654386076969
303.58224557386035	0.001021431205475339
306.68002358992015	0.0010210057562252712
309.77780160597996	0.001020588908456174
312.87557962203977	0.0010201804836832316
315.97335763809957	0.0010197803072497815
319.0711356541594	0.0010193882082411363
322.1689136702191	0.0010190040194005066
325.26669168627893	0.0010186275770469708
328.36446970233874	0.001018258720995429
331.46224771839854	0.0010178972944784913
334.56002573445835	0.0010175431440702437
337.65780375051816	0.00101719611961184
340.75558176657796	0.0010168560741388674
343.85335978263777	0.0010165228638104463
346.9511377986976	0.0010161963478400044
350.0489158147574	0.0010158763884276906
353.1466938308172	0.0010155628506943815
356.244471846877	0.001015255602617234
359.3422498629367	0.001014954514966754
362.4400278789965	0.001014659461245327
365.5378058950563	0.0010143703176271862
368.6355839111161	0.0010140869628997725
371.7333619271759	0.0010138092784064516
374.8311399432357	0.001013537147990558
377.9289179592955	0.0010132704579407258
381.0266959753553	0.0010130090969374809
384.12447399141513	0.0010127529560010533
387.22225200747494	0.001012501928440391
390.32003002353474	0.0010122559098033328
393.41780803959455	0.0010120147978279243
396.51558605565435	0.001011778492394835
399.61336407171416	0.0010115468954808632
402.71114208777396	0.0010113199111134907
405.8089201038337	0.0010110974453264707
408.9066981198935	0.0010108794061164154
412.0044761359533	0.0010106657034003688
415.10225415201313	0.0010104562489743312
418.20003216807294	0.00101025095647272
421.29781018413274	0.0010100497413287402
424.39558820019255	0.0010098525207356455
427.49336621625235	0.0010096592136088678
430.59114423231216	0.001009469740548993
433.68892224837197	0.0010092840238055672
436.7867002644317	0.0010091019872417093
439.8844782804915	0.0010089235562995144
442.98225629655127	0.0010087486579662284
446.0800343126111	0.0010085772207411733
449.1778123286709	0.0010084091746034118
452.2755903447307	0.0010082444509801282
455.3733683607905	0.0010080829827157098
458.4711463768503	0.0010079247040415177
461.5689243929101	0.0010077695505463246
464.6667024089699	0.0010076174591474056
467.7644804250297	0.0010074683680622732
470.8622584410895	0.0010073222167810325
473.96003645714933	0.001007178946039347
477.0578144732091	0.0010070384977920025
480.15559248926894	0.0010069008151870546
483.2533705053287	0.00100676584254054
486.35114852138855	0.0010066335253117507
489.4489265374483	0.0010065038100790487
492.54670455350816	0.0010063766445162097
495.6444825695679	0.0010062519773692909
498.7422605856278	0.0010061297584340022
501.8400386016875	0.0010060099385335744
504.9378166177474	0.0010058924694971126
508.03559463380714	0.001005777304138421
511.133372649867	0.0010056643962352938
514.2311506659267	0.0010055537005092552
517.3289286819864	0.0010054451726057415
520.4267066980462	0.0010053387690747199
523.524484714106	0.0010052344473517215
526.6222627301659	0.001005132165739295
529.7200407462257	0.0010050318833888588
532.8178187622855	0.001004933560282948
535.9155967783453	0.0010048371572178494
539.0133747944051	0.0010047426357866088
542.1111528104649	0.0010046499583624118
545.2089308265247	0.0010045590880823185
548.3067088425845	0.0010044699888313551
551.4044868586443	0.0010043826252269469
554.502264874704	0.0010042969626036875
557.6000428907639	0.0010042129669984357
560.6978209068236	0.0010041306051357373
563.7955989228835	0.0010040498444135548
566.8933769389432	0.001003970652889311
569.9911549550031	0.0010038929992662261
573.0889329710628	0.001003816852879952
576.1867109871228	0.0010037421836854932
579.2844890031824	0.0010036689622444056
582.3822670192424	0.0010035971597122722
585.480045035302	0.0010035267478264447
588.577823051362	0.0010034576988940476
591.6756010674217	0.0010033899857802393
594.7733790834815	0.0010033235818967218
597.8711570995412	0.0010032584611904974
600.9689351156011	0.001003194598132862
604.0667131316608	0.0010031319677086354
607.1644911477207	0.0010030705454056182
610.2622691637804	0.001003010307204273
613.3600471798403	0.001002951229567626
616.4578251959	0.001002893289431379
619.5556032119599	0.001002836464194235
622.6533812280197	0.0010027807317084243
625.7511592440795	0.0010027260702704334
628.8489372601393	0.0010026724586119284
631.9467152761991	0.0010026198758908702
635.0444932922587	0.0010025683016828151
638.1422713083188	0.0010025177159724023
641.2400493243783	0.0010024680991450154
644.3378273404383	0.0010024194319786226
647.435605356498	0.0010023716956357866
650.5333833725579	0.0010023248716558425
653.6311613886176	0.001002278941947238
656.7289394046775	0.0010022338887800371
659.8267174207372	0.0010021896947785766
662.9244954367971	0.0010021463429142777
666.0222734528568	0.0010021038164986086
669.1200514689167	0.0010020620991761915
672.2178294849764	0.0010020211749180543
675.3156075010363	0.0010019810280150236
678.413385517096	0.001001941643071253
681.5111635331559	0.0010019030049978877
684.6089415492156	0.0010018650990068583
687.7067195652755	0.0010018279106048045
690.8044975813352	0.0010017914255871262
693.9022755973951	0.0010017556300321556
697.0000536134548	0.0010017205102954485
700.0978316295148	0.0010016860530041977
703.1956096455745	0.0010016522450517573
706.2933876616344	0.0010016190735922836
709.3911656776941	0.0010015865260354837
712.488943693754	0.0010015545900414723
715.5867217098137	0.0010015232535157367
718.6844997258734	0.0010014925046042031
721.7822777419333	0.0010014623316884049
724.880055757993	0.0010014327233807505
727.9778337740528	0.0010014036685198858
731.0756117901126	0.0010013751561661567
734.1733898061724	0.0010013471755971589
737.2711678222322	0.0010013197163033821
740.368945838292	0.0010012927679839427
743.4667238543518	0.0010012663205424023
746.5645018704116	0.0010012403640826744
749.6622798864714	0.0010012148889050115
752.7600579025312	0.0010011898855020746
755.857835918591	0.0010011653445550855
758.9556139346508	0.0010011412569300533
762.0533919507106	0.001001117613674082
765.1511699667705	0.001001094406011748
768.2489479828303	0.001001071625341557
771.3467259988901	0.0010010492632324679
774.4445040149499	0.0010010273114204903
777.5422820310097	0.00100100576180535
780.6400600470695	0.001000984606447221
783.7378380631293	0.0010009638375635256
786.8356160791891	0.0010009434475257986
789.9333940952489	0.0010009234288566133
793.0311721113087	0.0010009037742265735
796.1289501273683	0.0010008844764513613
799.2267281434283	0.001000865528488849
802.3245061594879	0.001000846923436265
805.4222841755479	0.001000828654527423
808.5200621916075	0.0010008107151299995
811.6178402076674	0.0010007930987428722
814.7156182237271	0.0010007757989935093
817.813396239787	0.0010007588096354108
820.9111742558467	0.0010007421245456045
824.0089522719067	0.0010007257377221883
827.1067302879663	0.001000709643281925
830.2045083040263	0.001000693835457882
833.302286320086	0.0010006783085971243
836.4000643361459	0.0010006630571584476
839.4978423522056	0.0010006480757101593
842.5956203682655	0.0010006333589279062
845.6933983843252	0.0010006189015925417
848.7911764003851	0.001000604698588039
851.8889544164448	0.0010005907448994435
854.9867324325047	0.0010005770356108692
858.0845104485644	0.0010005635659035327
861.1822884646243	0.001000550331053828
864.280066480684	0.0010005373264314389
867.3778444967439	0.0010005245474974886
870.4756225128036	0.001000511989802729
873.5734005288634	0.0010004996489857633
876.6711785449232	0.0010004875207713052
879.768956560983	0.001000475600968473
882.8667345770428	0.001000463885469117
885.9645125931025	0.0010004523702461824
889.0622906091625	0.001000441051352102
892.1600686252222	0.0010004299249172224
895.2578466412821	0.001000418987148262
898.3556246573418	0.0010004082343267988
901.4534026734016	0.0010003976628077886
904.5511806894614	0.0010003872690181133
907.6489587055212	0.0010003770494551583
910.746736721581	0.0010003670006854149
913.8445147376408	0.0010003571193431162
916.9422927537006	0.0010003474021288963
920.0400707697604	0.0010003378458084758
923.1378487858202	0.0010003284472113762
926.23562680188	0.0010003192032296572
929.3334048179398	0.0010003101108166813
932.4311828339996	0.0010003011669859005
935.5289608500594	0.0010002923688096702
938.6267388661192	0.001000283713418083
941.724516882179	0.0010002751979978298
944.8222948982389	0.001000266819791079
947.9200729142987	0.0010002585760943824
951.0178509303585	0.0010002504642575996
954.1156289464182	0.001000242481682844
957.2134069624778	0.0010002346258234532
960.3111849785379	0.0010002268941829739
963.4089629945976	0.0010002192843141728
966.5067410106574	0.0010002117938180642
969.6045190267171	0.0010002044203429544
972.7022970427771	0.0010001971615835124
975.8000750588368	0.0010001900152798507
978.8978530748966	0.00100018297921663
981.9956310909563	0.001000176051222179
985.0934091070163	0.0010001692291676325
988.191187123076	0.0010001625109660873
991.2889651391358	0.0010001558945717717
994.3867431551955	0.0010001493779792368
997.4845211712556	0.0010001429592225574
1000.5822991873152	0.0010001366363745553
1003.680077203375	0.0010001304075460313
1006.7778552194347	0.0010001242708850195
1009.8756332354948	0.0010001182245760495
1012.9734112515545	0.001000112266839428
1016.0711892676143	0.001000106395930532
1019.168967283674	0.0010001006101391181
1022.266745299734	0.0010000949077886437
1025.3645233157936	0.0010000892872356012
1028.4623013318535	0.0010000837468688694
1031.5600793479132	0.0010000782851090704
1034.6578573639729	0.0010000729004079475
1037.7556353800328	0.0010000675912477492
1040.8534133960925	0.0010000623561406282
1043.9511914121524	0.0010000571936280515
1047.048969428212	0.0010000521022802233
1050.146747444272	0.0010000470806955158
1053.2445254603317	0.0010000421274999178
1056.3423034763916	0.0010000372413464865
1059.4400814924513	0.001000032420914815
1062.5378595085112	0.0010000276649105105
1065.635637524571	0.001000022972064679
1068.7334155406309	0.0010000183411334248
1071.8311935566906	0.0010000137708973563
1074.9289715727505	0.0010000092601611039
1078.0267495888102	0.0010000048077528456
1081.12452760487	0.0010000004125238434
1084.2223056209298	0.0009999960733479882
1087.3200836369897	0.000999991789121353
1090.4178616530494	0.0009999875587617581
1093.5156396691093	0.0009999833812083386
1096.613417685169	0.0009999792554211278
1099.711195701229	0.000999975180380644
1102.8089737172886	0.0009999711550874866
1105.9067517333485	0.0009999671785619405
1109.004529749408	0.0009999632498435874
1112.102307765468	0.0009999593679909284
1115.2000857815278	0.0009999555320810076
1118.2978637975875	0.0009999517412090475
1121.3956418136472	0.0009999479944880936
1124.4934198297071	0.0009999442910486596
1127.591197845767	0.000999940630038385
1130.6889758618267	0.0009999370106216978
1133.7867538778864	0.0009999334319794832
1136.8845318939464	0.0009999298933087587
1139.9823099100063	0.000999926393822358
1143.080087926066	0.0009999229327486172
1146.1778659421257	0.0009999195093310725
1149.2756439581856	0.000999916122828156
1152.3734219742455	0.0009999127725129082
1155.4711999903052	0.0009999094576726838
1158.568978006365	0.0009999061776088751
1161.6667560224248	0.0009999029316366326
1164.7645340384847	0.0009998997190845947
1167.8623120545444	0.0009998965392946212
1170.960090070604	0.000999893391621535
1174.057868086664	0.000999890275432864
1177.155646102724	0.0009998871901085926
1180.2534241187836	0.0009998841350409157
1183.3512021348433	0.000999881109633999
1186.4489801509033	0.0009998781133037412
1189.546758166963	0.0009998751454775453
1192.6445361830226	0.0009998722055940905
1195.7423141990823	0.0009998692931031104
1198.8400922151425	0.0009998664074651756
1201.9378702312022	0.0009998635481514794
1205.0356482472619	0.0009998607146436298
1208.1334262633216	0.0009998579064334435
1211.2312042793817	0.0009998551230227446
1214.3289822954414	0.0009998523639231682
1217.426760311501	0.000999849628655967
1220.5245383275608	0.0009998469167518214
1223.622316343621	0.000999844227750655
1226.7200943596806	0.0009998415612014506
1229.8178723757403	0.0009998389166620731
1232.9156503918	0.0009998362936990952
1236.01342840786	0.0009998336918876241
1239.1112064239198	0.0009998311108111349
1242.2089844399795	0.0009998285500613041
1245.3067624560395	0.0009998260092378515
1248.4045404720991	0.0009998234879483772
1251.502318488159	0.0009998209858082098
1254.6000965042188	0.000999818502440253
1257.6978745202787	0.0009998160374748365
1260.7956525363384	0.0009998135905495698
1263.8934305523983	0.0009998111613091984
1266.9912085684578	0.000999808749405464
1270.0889865845174	0.0009998063544969663
1273.1867646005776	0.0009998039762490279
1276.2845426166375	0.0009998016143335626
1279.382320632697	0.0009997992684289438
1282.4800986487567	0.00099979693821988
1285.5778766648168	0.0009997946233972872
1288.6756546808765	0.000999792323658169
1291.7734326969362	0.0009997900387054945
1294.871210712996	0.0009997877682480834
1297.968988729056	0.0009997855120004889
1301.0667667451157	0.0009997832696828843
1304.1645447611754	0.0009997810410209548
1307.262322777235	0.0009997788257457868
1310.3601007932953	0.000999776623593762
1313.457878809355	0.0009997744343064534
1316.5556568254146	0.0009997722576305238
1319.6534348414743	0.0009997700933176237
1322.7512128575343	0.0009997679411242945
1325.8489908735942	0.0009997658008118716
1328.9467688896539	0.0009997636721463914
1332.0445469057136	0.000999761554898496
1335.1423249217735	0.0009997594488433442
1338.2401029378334	0.000999757353760524
1341.337880953893	0.0009997552694339619
1344.4356589699528	0.0009997531956518404
1347.5334369860127	0.0009997511322065123
1350.6312150020726	0.0009997490788944208
1353.7289930181323	0.0009997470355160162
1356.826771034192	0.0009997450018756787
1359.924549050252	0.0009997429777816413
1363.0223270663118	0.0009997409630459126
1366.1201050823715	0.000999738957484203
1369.2178830984312	0.0009997369609158534
1372.3156611144911	0.0009997349731637596
1375.413439130551	0.0009997329940543078
1378.5112171466108	0.000999731023417301
1381.6089951626705	0.000999729061085895
1384.7067731787304	0.0009997271068965306
1387.8045511947903	0.0009997251606888688
1390.90232921085	0.0009997232223057295
1394.0001072269097	0.0009997212915930258
1397.0978852429696	0.0009997193683997073
1400.1956632590295	0.0009997174525776965
1403.2934412750892	0.0009997155439818326
1406.391219291149	0.000999713642469813
1409.4889973072086	0.0009997117479021373
1412.5867753232687	0.0009997098601420527
1415.6845533393284	0.000999707979055499
1418.7823313553881	0.0009997061045110556
1421.8801093714478	0.0009997042363798904
1424.977887387508	0.000999702374535708
1428.0756654035677	0.0009997005188547002
1431.1734434196273	0.0009996986692154966
1434.271221435687	0.0009996968254991168
1437.3689994517467	0.000999694987588924
1440.4667774678069	0.0009996931553705774
1443.5645554838666	0.0009996913287319885
1446.6623334999263	0.0009996895075632761
1449.760111515986	0.0009996876917567222
1452.857889532046	0.00099968588120673
1455.9556675481056	0.0009996840758097827
1459.0534455641655	0.0009996822754644024
1462.1512235802252	0.000999680480071108
1465.249001596285	0.0009996786895323786
1468.3467796123448	0.0009996769037526139
1471.4445576284047	0.000999675122638095
1474.5423356444644	0.0009996733460969492
1477.6401136605243	0.0009996715740391135
1480.737891676584	0.0009996698063762979
1483.8356696926437	0.000999668043021951
1486.9334477087036	0.0009996662838912256
1490.0312257247635	0.0009996645289009464
1493.1290037408232	0.0009996627779695745
1496.226781756883	0.000999661031017178
1499.3245597729428	0.0009996592879653985
1502.4223377890028	0.0009996575487374202
1505.5201158050625	0.000999655813257941
1508.6178938211222	0.0009996540814531413
1511.715671837182	0.0009996523532506544
1514.8134498532418	0.00099965062857954
1517.9112278693017	0.0009996489073702537
1521.0090058853614	0.0009996471895546213
1524.1067839014213	0.0009996454750658107
1527.204561917481	0.0009996437638383061
1530.302339933541	0.0009996420558078818
1533.4001179496006	0.0009996403509115767
1536.4978959656605	0.0009996386490876705
1539.5956739817202	0.0009996369502756565
1542.6934519977801	0.0009996352544162216
1545.7912300138398	0.0009996335614512188
1548.8890080298997	0.0009996318713236482
1551.9867860459594	0.0009996301839776307
1555.0845640620194	0.0009996284993583878
1558.182342078079	0.0009996268174122212
1561.280120094139	0.0009996251380864879
1564.3778981101987	0.0009996234613295835
1567.4756761262586	0.0009996217870909183
1570.5734541423183	0.0009996201153209005
1573.6712321583782	0.0009996184459709128
1576.7690101744379	0.0009996167789932976
1579.8667881904978	0.0009996151143413338
1582.9645662065575	0.0009996134519692217
1586.0623442226174	0.0009996117918320629
1589.160122238677	0.000999610133885844
1592.2579002547366	0.0009996084780874164
1595.3556782707967	0.0009996068243944838
1598.4534562868566	0.0009996051727655807
1601.5512343029163	0.0009996035231600593
1604.6490123189758	0.0009996018755380719
1607.746790335036	0.000999600229860556
1610.8445683510959	0.0009995985860892173
1613.9423463671553	0.0009995969441865171
1617.040124383215	0.0009995953041156541
1620.1379023992752	0.0009995936658405537
1623.2356804153349	0.0009995920293258507
1626.3334584313945	0.000999590394536876
1629.4312364474542	0.0009995887614396436
1632.5290144635144	0.0009995871300008373
1635.626792479574	0.0009995855001877962
1638.7245704956338	0.0009995838719685031
1641.8223485116935	0.000999582245311571
1644.9201265277534	0.0009995806201862315
1648.0179045438133	0.0009995789965623215
1651.115682559873	0.000999577374410272
1654.2134605759327	0.000999575753701097
1657.3112385919926	0.0009995741344063806
1660.4090166080525	0.0009995725164982665
1663.5067946241122	0.0009995708999494474
1666.604572640172	0.0009995692847331534
1669.7023506562316	0.000999567670823142
1672.8001286722917	0.0009995660581936878
1675.8979066883514	0.0009995644468195712
1678.9956847044111	0.00099956283667607
1682.0934627204708	0.0009995612277389485
1685.191240736531	0.0009995596199844482
1688.2890187525907	0.0009995580133892786
1691.3867967686504	0.0009995564079306085
1694.48457478471	0.000999554803586055
1697.5823528007702	0.0009995532003336772
1700.68013081683	0.0009995515981519652
1703.7779088328896	0.000999549997019834
1706.8756868489493	0.0009995483969166125
1709.9734648650094	0.0009995467978220383
1713.071242881069	0.000999545199716246
1716.1690208971288	0.000999543602579763
1719.2667989131885	0.0009995420063934994
1722.3645769292486	0.000999540411138742
1725.4623549453083	0.0009995388167971448
1728.560132961368	0.000999537223350725
1731.6579109774277	0.000999535630781852
1734.7556889934879	0.0009995340390732438
1737.8534670095476	0.0009995324482079575
1740.9512450256072	0.000999530858169386
1744.049023041667	0.000999529268941246
1747.1468010577269	0.0009995276805075779
1750.2445790737868	0.000999526092852735
1753.3423570898465	0.000999524505961379
1756.4401351059062	0.0009995229198184732
1759.537913121966	0.000999521334409278
1762.635691138026	0.0009995197497193434
1765.7334691540857	0.000999518165734504
1768.8312471701454	0.000999516582440873
1771.929025186205	0.0009995149998248383
1775.0268032022652	0.0009995134178730546
1778.124581218325	0.0009995118365724407
1781.2223592343844	0.0009995102559101712
1784.3201372504443	0.0009995086758736748
1787.4179152665045	0.0009995070964506274
1790.5156932825641	0.0009995055176289472
1793.6134712986236	0.0009995039393967912
1796.7112493146835	0.0009995023617425484
1799.8090273307437	0.0009995007846548378
1802.9068053468031	0.0009994992081225017
1806.0045833628628	0.0009994976321346018
1809.1023613789228	0.0009994960566804163
1812.2001393949827	0.0009994944817494338
1815.2979174110424	0.00099949290733135
1818.395695427102	0.000999491333416064
1821.493473443162	0.000999489759993673
1824.5912514592217	0.00099948818705447
1827.6890294752816	0.0009994866145889385
1830.7868074913413	0.00099948504258775
1833.8845855074012	0.0009994834710417596
1836.982363523461	0.0009994818999420024
1840.0801415395208	0.0009994803292796893
1843.1779195555805	0.0009994787590462061
1846.2756975716404	0.0009994771892331065
1849.3734755877	0.000999475619832111
1852.47125360376	0.0009994740508351041
1855.5690316198197	0.0009994724822341289
1858.6668096358796	0.0009994709140213858
1861.7645876519393	0.000999469346189229
1864.8623656679993	0.0009994677787301626
1867.960143684059	0.0009994662116368385
1871.0579217001189	0.000999464644902054
1874.1556997161786	0.0009994630785187476
1877.2534777322385	0.0009994615124799973
1880.3512557482982	0.0009994599467790161
1883.449033764358	0.0009994583814091533
1886.5468117804178	0.0009994568163638866
1889.6445897964777	0.0009994552516368231
1892.7423678125374	0.0009994536872216966
1895.8401458285973	0.0009994521231123628
1898.937923844657	0.0009994505593027996
1902.035701860717	0.000999448995787103
1905.1334798767766	0.0009994474325594853
1908.2312578928363	0.0009994458696142724
1911.3290359088962	0.0009994443069459033
1914.4268139249557	0.000999442744548925
1917.5245919410156	0.0009994411824179926
1920.6223699570758	0.0009994396205478663
1923.7201479731352	0.0009994380589334094
1926.8179259891951	0.0009994364975695871
1929.915704005255	0.0009994349364514626
1933.0134820213148	0.000999433375574197
1936.1112600373747	0.0009994318149330469
1939.2090380534341	0.0009994302545233617
1942.306816069494	0.0009994286943405825
1945.4045940855542	0.0009994271343802413
1948.5023721016137	0.0009994255746379561
1951.6001501176736	0.0009994240151094329
1954.6979281337335	0.0009994224557904614
1957.7957061497932	0.0009994208966769148
1960.8934841658531	0.000999419337764747
1963.9912621819126	0.000999417779049992
1967.0890401979725	0.0009994162205287612
1970.1868182140327	0.0009994146621972438
1973.2845962300921	0.0009994131040517028
1976.382374246152	0.000999411546088476
1979.480152262212	0.0009994099883039722
1982.5779302782717	0.0009994084306946718
1985.6757082943316	0.000999406873257124
1988.773486310391	0.000999405315987946
1991.871264326451	0.0009994037588838217
1994.969042342511	0.0009994022019415001
1998.0668203585706	0.0009994006451577954
2001.1645983746305	0.0009993990885295825
2004.26237639069	0.0009993975320537998
2007.36015440675	0.0009993959757274447
2010.45793242281	0.0009993944195475742
2013.5557104388695	0.0009993928635113037
2016.6534884549294	0.0009993913076158044
2019.7512664709895	0.000999389751858304
2022.849044487049	0.0009993881962360844
2025.946822503109	0.0009993866407464812
2029.0446005191684	0.000999385085386883
2032.1423785352285	0.0009993835301547287
2035.2401565512885	0.0009993819750475086
2038.337934567348	0.000999380420062762
2041.4357125834074	0.0009993788651980768
2044.533490599468	0.000999377310451088
2047.6312686155275	0.000999375755819478
2050.729046631587	0.0009993742013009743
2053.826824647647	0.0009993726468933487
2056.924602663707	0.000999371092594418
2060.0223806797662	0.000999369538402041
2063.1201586958264	0.0009993679843141195
2066.217936711886	0.0009993664303285961
2069.3157147279458	0.0009993648764434536
2072.413492744006	0.0009993633226567152
2075.5112707600656	0.0009993617689664429
2078.6090487761253	0.0009993602153707368
2081.706826792185	0.0009993586618677346
2084.8046048082447	0.0009993571084556095
2087.902382824305	0.0009993555551325725
2091.0001608403645	0.0009993540018968686
2094.097938856424	0.0009993524487467778
2097.1957168724844	0.000999350895680614
2100.293494888544	0.0009993493426967242
2103.3912729046037	0.0009993477897934878
2106.4890509206634	0.0009993462369693163
2109.586828936723	0.0009993446842226524
2112.6846069527833	0.0009993431315519702
2115.782384968843	0.0009993415789557724
2118.8801629849027	0.0009993400264325925
2121.977941000963	0.0009993384739809916
2125.0757190170225	0.0009993369215995605
2128.173497033082	0.0009993353692869175
2131.271275049142	0.0009993338170417071
2134.3690530652016	0.0009993322648626014
2137.4668310812617	0.0009993307127482984
2140.5646090973214	0.0009993291606975219
2143.662387113381	0.0009993276087090206
2146.760165129441	0.0009993260567815678
2149.857943145501	0.0009993245049139618
2152.9557211615606	0.0009993229531050226
2156.0534991776203	0.000999321401353596
2159.15127719368	0.0009993198496585482
2162.24905520974	0.0009993182980187695
2165.3468332258	0.0009993167464331712
2168.4446112418595	0.0009993151949006858
2171.5423892579192	0.0009993136434202673
2174.6401672739794	0.0009993120919908904
2177.737945290039	0.0009993105406115503
2180.8357233060988	0.0009993089892812606
2183.9335013221585	0.0009993074379990553
2187.0312793382186	0.0009993058867639878
2190.1290573542783	0.0009993043355751294
2193.226835370338	0.0009993027844315697
2196.3246133863977	0.0009993012333324172
2199.422391402458	0.0009992996822767968
2202.5201694185175	0.000999298131263851
2205.617947434577	0.0009992965802927394
2208.7157254506365	0.0009992950293626383
2211.813503466697	0.0009992934784727396
2214.9112814827567	0.0009992919276222518
2218.009059498816	0.000999290376810398
2221.106837514876	0.0009992888260364182
2224.204615530936	0.0009992872752995657
2227.3023935469955	0.0009992857245991096
2230.4001715630557	0.0009992841739343329
2233.497949579115	0.000999282623304533
2236.595727595175	0.0009992810727090207
2239.693505611235	0.0009992795221471207
2242.7912836272944	0.0009992779716181716
2245.8890616433546	0.0009992764211215234
2248.9868396594143	0.0009992748706565409
2252.084617675474	0.0009992733202225997
2255.182395691534	0.0009992717698190884
2258.2801737075933	0.000999270219445408
2261.3779517236535	0.000999268669100971
2264.4757297397136	0.0009992671187852012
2267.573507755773	0.000999265568497534
2270.671285771833	0.0009992640182374158
2273.7690637878927	0.000999262468004304
2276.8668418039524	0.0009992609177976672
2279.9646198200126	0.0009992593676169828
2283.062397836072	0.0009992578174617406
2286.160175852132	0.0009992562673314393
2289.257953868192	0.0009992547172255877
2292.3557318842513	0.0009992531671437041
2295.4535099003115	0.000999251617085316
2298.551287916371	0.0009992500670499616
2301.649065932431	0.000999248517037186
2304.746843948491	0.0009992469670465458
2307.8446219645502	0.0009992454170776042
2310.9423999806104	0.0009992438671299335
2314.04017799667	0.0009992423172031158
2317.13795601273	0.0009992407672967396
2320.23573402879	0.0009992392174104023
2323.3335120448496	0.0009992376675437094
2326.4312900609093	0.000999236117696274
2329.5290680769695	0.000999234567867717
2332.6268460930287	0.0009992330180576658
2335.724624109089	0.0009992314682657566
2338.8224021251485	0.000999229918491632
2341.920180141208	0.0009992283687349417
2345.0179581572684	0.0009992268189953418
2348.115736173328	0.0009992252692724965
2351.2135141893878	0.0009992237195660747
2354.311292205448	0.0009992221698757542
2357.409070221507	0.000999220620201217
2360.5068482375673	0.0009992190705421522
2363.604626253627	0.000999217520898256
2366.7024042696867	0.0009992159712692284
2369.800182285747	0.000999214421654777
2372.8979603018065	0.000999212872054615
2375.9957383178657	0.0009992113224684604
2379.093516333926	0.000999209772896038
2382.1912943499856	0.0009992082233370768
2385.2890723660453	0.0009992066737913117
2388.3868503821054	0.000999205124258483
2391.4846283981647	0.0009992035747383359
2394.5824064142253	0.0009992020252306201
2397.680184430285	0.0009992004757350915
2400.777962446344	0.0009991989262515095
2403.8757404624043	0.0009991973767796392
2406.973518478464	0.0009991958273192492
2410.0712964945237	0.0009991942778701142
2413.169074510584	0.0009991927284320123
2416.266852526643	0.000999191179004726
2419.3646305427033	0.0009991896295880422
2422.4624085587634	0.0009991880801817525
2425.5601865748226	0.0009991865307856515
2428.657964590883	0.000999184981399539
2431.7557426069425	0.0009991834320232185
2434.853520623002	0.0009991818826564965
2437.9512986390623	0.000999180333299184
2441.0490766551216	0.0009991787839510962
2444.1468546711817	0.0009991772346120507
2447.244632687242	0.00099917568528187
2450.342410703301	0.000999174135960379
2453.4401887193612	0.0009991725866474075
2456.537966735421	0.0009991710373427865
2459.6357447514806	0.000999169488046352
2462.7335227675408	0.000999167938757943
2465.8313007836	0.0009991663894774012
2468.92907879966	0.0009991648402045714
2472.02685681572	0.000999163290939302
2475.1246348317795	0.000999161741681444
2478.2224128478397	0.0009991601924308514
2481.320190863899	0.0009991586431873814
2484.417968879959	0.0009991570939508934
2487.5157468960188	0.0009991555447212497
2490.613524912079	0.0009991539954983157
2493.7113029281386	0.0009991524462819594
2496.8090809441983	0.0009991508970720508
2499.906858960258	0.0009991493478684634
2503.004636976318	0.0009991477986710723
2506.1024149923774	0.0009991462494797559
2509.2001930084375	0.0009991447002943939
2512.297971024497	0.0009991431511148696
2515.3957490405573	0.0009991416019410678
2518.493527056617	0.0009991400527728758
2521.5913050726767	0.000999138503610183
2524.6890830887364	0.000999136954452881
2527.7868611047966	0.000999135405300864
2530.884639120856	0.0009991338561540274
2533.9824171369155	0.0009991323070122698
2537.0801951529756	0.0009991307578754904
2540.177973169035	0.000999129208743592
2543.2757511850955	0.0009991276596164776
2546.373529201155	0.0009991261104940535
2549.471307217215	0.000999124561376227
2552.569085233275	0.0009991230122629081
2555.6668632493343	0.0009991214631540075
2558.764641265394	0.000999119914049438
2561.862419281454	0.000999118364949115
2564.9601972975133	0.0009991168158529544
2568.057975313574	0.000999115266760874
2571.1557533296336	0.0009991137176727938
2574.2535313456933	0.0009991121685886352
2577.351309361753	0.0009991106195083202
2580.4490873778127	0.0009991090704317737
2583.5468653938724	0.0009991075213589213
2586.6446434099325	0.0009991059722896903
2589.742421425992	0.0009991044232240094
2592.8401994420524	0.0009991028741618085
2595.937977458112	0.0009991013251030192
2599.0357554741718	0.0009990997760475741
2602.1335334902315	0.0009990982269954076
2605.231311506291	0.000999096677946455
2608.329089522351	0.000999095128900653
2611.426867538411	0.0009990935798579392
2614.52464555447	0.0009990920308182536
2617.6224235705304	0.0009990904817815357
2620.7202015865905	0.0009990889327477276
2623.81797960265	0.0009990873837167717
2626.91575761871	0.0009990858346886119
2630.0135356347696	0.000999084285663193
2633.1113136508293	0.0009990827366404614
2636.2090916668894	0.0009990811876203634
2639.3068696829487	0.000999079638602848
2642.404647699009	0.0009990780895878639
2645.5024257150685	0.0009990765405753614
2648.6002037311287	0.0009990749915652914
2651.6979817471884	0.0009990734425576063
2654.795759763248	0.0009990718935522585
2657.8935377793077	0.0009990703445492024
2660.991315795368	0.0009990687955483933
2664.089093811427	0.0009990672465497862
2667.1868718274873	0.000999065697553338
2670.284649843547	0.000999064148559006
2673.382427859607	0.0009990625995667491
2676.480205875667	0.000999061050576526
2679.5779838917265	0.0009990595015882963
2682.675761907786	0.0009990579526020214
2685.7735399238463	0.0009990564036176622
2688.8713179399056	0.0009990548546351813
2691.9690959559653	0.0009990533056545418
2695.0668739720254	0.0009990517566757073
2698.1646519880856	0.0009990502076986422
2701.2624300041452	0.0009990486587233116
2704.360208020205	0.0009990471097496814
2707.4579860362646	0.0009990455607777184
2710.555764052325	0.0009990440118073892
2713.653542068384	0.0009990424628386618
2716.7513200844437	0.0009990409138715048
2719.849098100504	0.0009990393649058876
2722.946876116564	0.000999037815941779
2726.0446541326237	0.00099903626697915
2729.1424321486834	0.0009990347180179712
2732.240210164743	0.0009990331690582137
2735.3379881808028	0.0009990316200998502
2738.4357661968625	0.000999030071142853
2741.533544212922	0.000999028522187195
2744.6313222289823	0.0009990269732328496
2747.7291002450424	0.0009990254242797916
2750.826878261102	0.0009990238753279951
2753.9246562771614	0.0009990223263774355
2757.0224342932215	0.0009990207774280885
2760.120212309281	0.00099901922847993
2763.217990325341	0.0009990176795329365
2766.3157683414006	0.0009990161305870853
2769.4135463574607	0.000999014581642354
2772.511324373521	0.00099901303269872
2775.6091023895806	0.0009990114837561625
2778.70688040564	0.0009990099348146596
2781.8046584217	0.0009990083858741911
2784.9024364377597	0.000999006836934736
2788.0002144538194	0.0009990052879962747
2791.097992469879	0.0009990037390587875
2794.195770485939	0.0009990021901222553
2797.2935485019984	0.0009990006411866592
2800.391326518059	0.000998999092251981
2803.4891045341183	0.0009989975433182024
2806.5868825501784	0.0009989959943853054
2809.684660566238	0.0009989944454532735
2812.782438582298	0.0009989928965220888
2815.8802165983575	0.000998991347591735
2818.977994614417	0.0009989897986621954
2822.075772630477	0.0009989882497334545
2825.1735506465375	0.0009989867008054962
2828.2713286625967	0.0009989851518783053
2831.369106678657	0.0009989836029518665
2834.4668846947166	0.0009989820540261649
2837.5646627107762	0.0009989805051011861
2840.662440726836	0.000998978956176916
2843.7602187428956	0.0009989774072533407
2846.8579967589553	0.000998975858330446
2849.955774775016	0.000998974309408219
2853.053552791075	0.0009989727604866464
2856.1513308071353	0.000998971211565715
2859.249108823195	0.0009989696626454129
2862.3468868392547	0.0009989681137257268
2865.4446648553144	0.0009989665648066455
2868.542442871374	0.0009989650158881563
2871.6402208874338	0.0009989634669702481
2874.7379989034935	0.000998961918052909
2877.8357769195536	0.000998960369136128
2880.9335549356138	0.000998958820219894
2884.0313329516734	0.0009989572713041967
2887.129110967733	0.0009989557223890246
2890.226888983793	0.0009989541734743684
2893.3246669998525	0.0009989526245602173
2896.422445015912	0.0009989510756465612
2899.520223031972	0.000998949526733391
2902.618001048032	0.0009989479778206966
2905.715779064092	0.000998946428908469
2908.813557080152	0.0009989448799966984
2911.911335096211	0.0009989433310853765
2915.0091131122713	0.0009989417821744942
2918.106891128331	0.0009989402332640424
2921.2046691443907	0.0009989386843540136
2924.3024471604504	0.0009989371354443986
2927.4002251765105	0.0009989355865351896
2930.49800319257	0.0009989340376263783
2933.5957812086303	0.0009989324887179575
2936.6935592246896	0.000998930939809919
2939.7913372407497	0.0009989293909022554
2942.8891152568094	0.0009989278419949591
2945.986893272869	0.0009989262930880228
2949.084671288929	0.0009989247441814404
2952.1824493049885	0.0009989231952752039
2955.2802273210486	0.0009989216463693067
2958.378005337109	0.000998920097463742
2961.475783353168	0.0009989185485585039
2964.573561369228	0.0009989169996535855
2967.6713393852874	0.0009989154507489802
2970.7691174013476	0.0009989139018446824
2973.8668954174072	0.0009989123529406856
2976.964673433467	0.0009989108040369841
2980.062451449527	0.0009989092551335721
2983.1602294655872	0.000998907706230444
2986.2580074816465	0.0009989061573275938
2989.3557854977066	0.0009989046084250164
2992.453563513766	0.0009989030595227062
2995.551341529826	0.0009989015106206581
2998.6491195458857	0.000998899961718867
3001.7468975619454	0.0009988984128173274
3004.8446755780055	0.000998896863916035
3007.9424535940657	0.0009988953150149847
3011.040231610125	0.0009988937661141715
3014.138009626185	0.0009988922172135906
3017.2357876422443	0.000998890668313238
3020.3335656583045	0.0009988891194131085
3023.431343674364	0.0009988875705131985
3026.5291216904234	0.0009988860216135031
3029.6268997064835	0.0009988844727140181
3032.724677722544	0.0009988829238147397
3035.8224557386034	0.0009988813749156635
3038.9202337546635	0.0009988798260167856
3042.0180117707228	0.0009988782771181023
3045.115789786783	0.0009988767282196095
3048.2135678028426	0.0009988751793213034
3051.311345818902	0.0009988736304231808
3054.409123834962	0.0009988720815252376
3057.5069018510226	0.0009988705326274704
3060.604679867082	0.0009988689837298755
3063.702457883142	0.00099886743483245
3066.800235899201	0.0009988658859351903
3069.898013915261	0.000998864337038093
3072.995791931321	0.0009988627881411553
3076.0935699473803	0.0009988612392443739
3079.1913479634404	0.0009988596903477455
3082.289125979501	0.0009988581414512672
3085.3869039955603	0.0009988565925549361
3088.48468201162	0.0009988550436587492
3091.5824600276796	0.0009988534947627035
3094.6802380437393	0.0009988519458667966
