0.0	-0.004139427735586575
3.097225079822949	-0.004139427735585684
6.194450159645898	-0.00408644848923262
9.291675239468848	-0.004033136837788105
12.388900319291796	-0.0039794950979510964
15.486125399114746	-0.0039255256831103895
18.583350478937696	-0.003871231103645704
21.680575558760644	-0.0038166139671776123
24.777800638583592	-0.0037616769787652384
27.87502571840654	-0.0037064229410506823
30.972250798229492	-0.0036508547543491615
34.06947587805244	-0.003594975416683902
37.166700957875385	-0.0035387880237648613
40.26392603769833	-0.0034822957689103914
43.36115111752128	-0.0034255019429110137
46.458376197344236	-0.003368409933834523
49.555601277167185	-0.003311023226771676
52.65282635699013	-0.003253345403521783
55.75005143681309	-0.003195380142217583
58.847276516636036	-0.0031371312168888142
61.944501596459	-0.003078602496963977
65.04172667628195	-0.0030197979467098297
68.13895175610489	-0.0029607216246082253
71.23617683592785	-0.0029013776826699576
74.3334019157508	-0.002841770365685357
77.43062699557375	-0.00278190401041143
80.5278520753967	-0.002721783044695418
83.62507715521964	-0.002661411986534715
86.7223022350426	-0.0026007954430731423
89.81952731486555	-0.0025399381095336775
92.9167523946885	-0.0024788447680877727
96.01397747451145	-0.0024175202866615047
99.11120255433441	-0.0023559696176788402
102.20842763415736	-0.002294197796742407
105.30565271398031	-0.002232209941252204
108.40287779380327	-0.0021700112489627943
111.5001028736262	-0.002107606996479564
114.59732795344917	-0.0020450025376947335
117.69455303327211	-0.0019822033021638756
120.79177811309508	-0.0019192147934237582
123.88900319291801	-0.0018560425872524299
126.98622827274096	-0.0017926923298725128
130.08345335256394	-0.0017291697360987646
133.18067843238688	-0.0016654805874310337
136.27790351220983	-0.0016016307300938052
139.37512859203278	-0.0015376260730236109
142.47235367185573	-0.0014734725858056425
145.5695787516787	-0.00140917629656098
148.66680383150162	-0.001344743289785915
151.76402891132457	-0.0012801797041449064
154.86125399114752	-0.0012154917302187897
157.95847907097047	-0.001150685608209898
161.05570415079345	-0.0010857676256058372
164.15292923061637	-0.0010207441148036987
167.2501543104393	-0.0009556214506965632
170.3473793902623	-0.0008904060482241888
173.44460447008524	-0.0008251043598898419
176.54182954990816	-0.0007597228732452678
179.63905462973113	-0.0006942681083458492
182.73627970955408	-0.000628746615178043
185.83350478937706	-0.0005631649710612259
188.9307298692	-0.0004975297780261151
192.02795494902293	-0.00043184766017196935
195.1251800288459	-0.00036612526100480097
198.22240510866885	-0.00030036924075886194
201.3196301884918	-0.0002345862737036896
204.41685526831475	-0.00016878304543901888
207.5140803481377	-0.00010296625017988757
210.61130542796064	-3.714258803427328e-05
213.70853050778362	2.8681237724385897e-05
216.80575558760657	9.44985233874291e-05
219.9029806674295	0.00016030256754160583
223.00020574725247	0.00022608667379774114
226.0974308270754	0.0002918441535150729
229.19465590689836	0.00035756832851890674
232.2918809867213	0.00042325253380924495
235.38910606654426	0.0004888901202580586
238.48633114636723	0.0005544744572928891
241.58355622619015	0.0006199989355644858
244.68078130601313	0.0006854569695962085
247.77800638583608	0.0007508420004129536
250.875231465659	0.000816147498147389
253.97245654548198	0.0008813669646213188
257.06968162530495	0.0009464939359000339
260.1669067051279	0.0010115219848175455
263.26413178495085	0.0010764447234706384
266.36135686477377	0.0011412558056797277
269.45858194459674	0.0012059489294145513
272.55580702441966	0.0012705178391827791
275.65303210424264	0.0013349563283796733
278.7502571840656	0.0013992582415969918
281.84748226388854	0.001463417476889379
284.9447073437115	0.0015274279879965592
288.0419324235345	0.0015912837865196925
291.1391575033574	0.0016549789440503347
294.23638258318033	0.0017185075942504988
297.3336076630033	0.0017818639348823808
300.4308327428262	0.0018450422297863896
303.5280578226492	0.0019080368108061853
306.6252829024722	0.0019708420796595003
309.7225079822951	0.002033452509753594
312.8197330621181	0.002095862647944264
315.91695814194105	0.0021580671162374095
319.014183221764	0.002220060613432214
322.1114083015869	0.002281837916705107
325.20863338140987	0.0023433938831337047
328.3058584612328	0.00240472345116005
331.40308354105576	0.0024658216419925095
334.50030862087874	0.0025266835609457877
337.59753370070166	0.0025873043987185715
340.69475878052464	0.0026476794326084196
343.7919838603476	0.0027078040276635592
346.88920894017053	0.0027676736377713466
349.98643401999345	0.0028272838066832145
353.08365909981643	0.002886630168975994
356.18088417963935	0.00294570845094959
359.2781092594623	0.003004514471461041
362.3753343392853	0.003063044142695066
365.4725594191082	0.0031212934708712875
368.5697844989312	0.003179258556888365
371.6670095787542	0.003236935596905341
374.7642346585771	0.0032943208828605844
377.8614597384	0.0033514108029287595
380.958684818223	0.0034082018419163106
384.05590989804597	0.0034646905815960247
387.1531349778689	0.003520873700981276
390.25036005769186	0.003576747976540621
393.34758513751484	0.003632310282353461
396.44481021733776	0.0036875575902075453
399.54203529716074	0.0037424869696391257
402.6392603769837	0.0037970955879166367
405.7364854568066	0.003851380709968811
408.83371053662955	0.003905339698258172
411.93093561645253	0.003958970012600916
415.02816069627545	0.004012269209934196
418.1253857760984	0.0040652349440318866
421.2226108559214	0.004117864965169933
424.3198359357443	0.004170157119742406
427.4170610155673	0.004222109349829438
430.5142860953903	0.00427371969271822
433.61151117521314	0.00432498628037828
436.7087362550361	0.004375907338892276
439.8059613348591	0.004426481187843572
442.903186414682	0.004476706239661845
446.000411494505	0.004526580998928058
449.09763657432796	0.004576104061640068
452.1948616541509	0.004625274114440206
455.29208673397386	0.004674089933806149
458.38931181379684	0.004722550385206439
461.4865368936197	0.004770654422221961
464.5837619734427	0.004818401085634758
467.68098705326565	0.0048657895024855095
470.7782121330886	0.004912818885101041
473.87543721291155	0.004959488530093194
476.97266229273447	0.005005797817330427
480.0698873725575	0.005051746208883461
483.1671124523804	0.005097333247946331
486.26433753220334	0.005142558557734145
489.3615626120263	0.005187421840358891
492.45878769184924	0.005231922875684588
495.55601277167216	0.005276061520163077
498.6532378514952	0.005319837705651731
501.7504629313181	0.005363251438214368
504.84768801114103	0.005406302796906594
507.94491309096406	0.005448991932546827
511.042138170787	0.0054913190664742295
514.1393632506099	0.005533284489294709
517.2365883304329	0.005574888559616214
520.3338134102559	0.0056161317027744444
523.4310384900788	0.00565701440955014
526.5282635699018	0.005697537234879032
529.6254886497246	0.00573770079655559
532.7227137295475	0.0057775057739315825
535.8199388093706	0.005816952906610538
538.9171638891935	0.005856042993139097
542.0143889690164	0.005894776889696263
545.1116140488394	0.005933155508781518
548.2088391286624	0.005971179817902739
551.3060642084854	0.006008850838264836
554.4032892883083	0.006046169643460006
557.5005143681312	0.006083137358160456
560.5977394479543	0.006119755156814434
563.6949645277772	0.006156024262346385
566.7921896076001	0.0061919459448619985
569.8894146874231	0.006227521520358927
572.9866397672461	0.006262752349443867
576.083864847069	0.0062976398360567445
579.181089926892	0.006332185426202645
582.2783150067149	0.006366390606692156
585.3755400865377	0.006400256903890731
588.4727651663608	0.0064337858824776795
591.5699902461837	0.006466979144215335
594.6672153260066	0.006499838326728962
597.7644404058296	0.0065323651022979
600.8616654856526	0.006564561176658445
603.9588905654755	0.006596428287818935
607.0561156452985	0.006627968204887472
610.1533407251214	0.006659182726912703
613.2505658049444	0.006690073681738046
616.3477908847674	0.006720642924869741
619.4450159645902	0.00675089233835906
622.5422410444131	0.006780823829698999
625.639466124236	0.006810439330735751
628.7366912040588	0.006839740796595259
631.8339162838818	0.006868730204625071
634.9311413637047	0.0068974095533517535
638.0283664435275	0.006925780861454089
641.1255915233504	0.006953846166752217
644.2228166031733	0.006981607525212944
647.3200416829961	0.007009067009971331
650.417266762819	0.0070362267103687304
653.514491842642	0.00706308873100738
656.6117169224649	0.007089655190821661
659.7089420022877	0.007115928222166103
662.8061670821106	0.007141909969920209
665.9033921619335	0.007167602590610161
669.0006172417563	0.00719300825154743
672.0978423215793	0.007218129129984335
675.1950674014022	0.007242967412286543
678.292292481225	0.00726752529312252
681.3895175610479	0.007291804974669913
684.4867426408708	0.0073158086658388286
687.5839677206936	0.007339538581511972
690.6811928005166	0.007362996941801591
693.7784178803395	0.007386185971323171
696.8756429601623	0.007409107898485788
699.9728680399852	0.007431764954799049
703.0700931198081	0.007454159374196516
706.167318199631	0.00747629339237552
709.2645432794538	0.0074981692461532435
712.3617683592768	0.007519789172838946
715.4589934390997	0.007541155409622221
718.5562185189225	0.007562270192977125
721.6534435987454	0.007583135758082058
724.7506686785682	0.007603754338255219
727.8478937583911	0.007624128164405505
730.9451188382141	0.007644259464498668
734.0423439180369	0.007664150463038589
737.1395689978598	0.0076838033805634535
740.2367940776826	0.007703220433156698
743.3340191575055	0.0077224038319725135
746.4312442373284	0.0077413557827757246
749.5284693171512	0.007760078485495859
752.6256943969742	0.00777857413379521
755.7229194767971	0.007796844914650696
758.8201445566199	0.007814893007949315
761.9173696364428	0.007832720586096983
765.0145947162657	0.007850329813640583
768.1118197960885	0.007867722846902967
771.2090448759114	0.007884901833630747
774.3062699557344	0.007901868912654646
777.4034950355572	0.007918626213562183
780.5007201153801	0.007935175856382527
783.597945195203	0.007951519951283232
786.6951702750258	0.007967660598278721
789.7923953548487	0.007983599886950243
792.8896204346717	0.007999339896177116
795.9868455144946	0.008014882693879033
799.0840705943174	0.00803023033676923
802.1812956741403	0.00804538487011828
805.2785207539632	0.008060348327528317
808.375745833786	0.008075122730717473
811.472970913609	0.008089710089314315
814.5701959934319	0.008104112400662063
817.6674210732547	0.008118331649632403
820.7646461530776	0.008132369808448657
823.8618712329005	0.008146228836518122
826.9590963127233	0.008159910680273373
830.0563213925462	0.008173417273022312
833.1535464723692	0.008186750534806768
836.250771552192	0.008199912372269465
839.3479966320149	0.008212904678529125
842.4452217118378	0.00822572933306353
845.5424467916607	0.008238388201600359
848.6396718714835	0.008250883136015588
851.7368969513064	0.008263215974239261
854.8341220311294	0.008275388540168462
857.9313471109522	0.008287402643587292
861.0285721907751	0.00829926008009367
864.125797270598	0.008310962631032771
867.2230223504208	0.008322512063436932
870.3202474302437	0.008333910129971835
873.4174725100667	0.008345158568888827
876.5146975898895	0.008356259103983157
879.6119226697124	0.008367213444558005
882.7091477495353	0.008378023285394118
885.8063728293581	0.008388690306724879
888.903597909181	0.008399216174216687
892.000822989004	0.008409602538954442
895.0980480688269	0.008419851037432017
898.1952731486497	0.008429963291547538
901.2924982284726	0.008439940908603361
904.3897233082955	0.008449785481310536
907.4869483881183	0.008459498587797688
910.5841734679412	0.008469081791624106
913.6813985477642	0.00847853664179696
916.778623627587	0.00848786467279245
919.8758487074099	0.00849706740458081
922.9730737872328	0.008506146342655008
926.0702988670556	0.00851510297806299
929.1675239468785	0.008523938787443416
932.2647490267015	0.008532655233064661
935.3619741065244	0.008541253762867069
938.4591991863472	0.008549735810508248
941.5564242661701	0.008558102795411374
944.653649345993	0.008566356122816303
947.7508744258158	0.008574497183833466
950.8480995056387	0.008582527355500387
953.9453245854615	0.008590448000840722
957.0425496652845	0.008598260468925737
960.1397747451074	0.008605966094938118
963.2369998249303	0.008613566200237992
966.3342249047532	0.008621062092431103
969.4314499845761	0.008628455065439009
972.5286750643988	0.008635746399571233
975.6259001442218	0.008642937361599278
978.7231252240447	0.008650029204832412
981.8203503038676	0.008657023169195128
984.9175753836905	0.008663920481306236
988.0148004635134	0.008670722354559443
991.1120255433361	0.008677429989205412
994.209250623159	0.008684044572435174
997.306475702982	0.008690567278464833
1000.4037007828049	0.008696999268621509
1003.5009258626277	0.008703341691430415
1006.5981509424506	0.008709595682703032
1009.6953760222735	0.008715762365626298
1012.7926011020963	0.008721842850852748
1015.8898261819191	0.008727838236591552
1018.9870512617421	0.008733749608700365
1022.084276341565	0.008739578040777969
1025.181501421388	0.00874532459425762
1028.278726501211	0.008750990318501031
1031.3759515810336	0.008756576250893003
1034.4731766608566	0.00876208341693655
1037.5704017406795	0.008767512830348574
1040.6676268205024	0.008772865493155955
1043.7648519003253	0.008778142395792058
1046.8620769801482	0.008783344517193585
1049.959302059971	0.008788472824897758
1053.0565271397938	0.008793528275139743
1056.1537522196168	0.008798511812950313
1059.2509772994397	0.00880342437225369
1062.3482023792626	0.008808266875965544
1065.4454274590855	0.00881304023609107
1068.5426525389084	0.008817745353823172
1071.6398776187311	0.008822383119640648
1074.737102698554	0.008826954413406394
1077.834327778377	0.008831460104465571
1080.9315528582	0.0088359010517437
1084.0287779380228	0.008840278103844669
1087.1260030178457	0.008844592099148615
1090.2232280976684	0.008848843865909638
1093.3204531774913	0.008853034222353352
1096.4176782573143	0.008857163976774222
1099.5149033371372	0.008861233927632647
1102.61212841696	0.008865244863651818
1105.709353496783	0.00886919756391427
1108.806578576606	0.00887309279795814
1111.9038036564286	0.008876931325873093
1115.0010287362516	0.008880713898395905
1118.0982538160745	0.008884441257005677
1121.1954788958974	0.008888114134018663
1124.2927039757203	0.008891733252682698
1127.389929055543	0.008895299327271195
1130.487154135366	0.00889881306317671
1133.5843792151888	0.00890227515700405
1136.6816042950118	0.00890568629666292
1139.7788293748345	0.008909047161460064
1142.8760544546574	0.008912358422190934
1145.9732795344803	0.008915620741230828
1149.0705046143032	0.008918834772625516
1152.1677296941261	0.008922001162181323
1155.2649547739488	0.008925120547554668
1158.3621798537717	0.00892819355834105
1161.4594049335947	0.008931220816163455
1164.5566300134176	0.008934202934760202
1167.6538550932405	0.008937140520072186
1170.7510801730632	0.00894003417032954
1173.8483052528861	0.008942884476137685
1176.945530332709	0.008945692020562786
1180.042755412532	0.008948457379216563
1183.1399804923549	0.00895118112034051
1186.2372055721778	0.00895386380488947
1189.3344306520005	0.008956505986614577
1192.4316557318234	0.008959108212145551
1195.5288808116463	0.00896167102107237
1198.6261058914693	0.00896419494602627
1201.7233309712922	0.008966680512760106
1204.820556051115	0.008969128240228056
1207.917781130938	0.008971538640664661
1211.0150062107607	0.008973912219663212
1214.1122312905836	0.008976249476253454
1217.2094563704065	0.008978550902978652
1220.3066814502295	0.008980816985971965
1223.4039065300524	0.008983048205032153
1226.5011316098753	0.008985245033698635
1229.598356689698	0.00898740793932584
1232.695581769521	0.008989537383156915
1235.7928068493438	0.00899163382039674
1238.8900319291668	0.008993697700284293
1241.9872570089897	0.008995729466164311
1245.0844820888126	0.008997729555558304
1248.1817071686355	0.008999698400234884
1251.2789322484584	0.009001636426279432
1254.3761573282814	0.00900354405416308
1257.4733824081043	0.009005421698811038
1260.5706074879272	0.009007269769670244
1263.6678325677499	0.009009088670776353
1266.7650576475728	0.009010878800820065
1269.8622827273957	0.009012640553212775
1272.9595078072186	0.009014374316151576
1276.0567328870416	0.009016080472683607
1279.1539579668645	0.009017759400769727
1282.2511830466872	0.009019411473347557
1285.34840812651	0.009021037058393855
1288.445633206333	0.009022636518986252
1291.542858286156	0.009024210213364338
1294.6400833659789	0.00902575849499011
1297.7373084458018	0.009027281712607776
1300.8345335256247	0.009028780210302938
1303.9317586054474	0.009030254327561117
1307.0289836852703	0.009031704399325671
1310.1262087650932	0.009033130756055085
1313.2234338449161	0.00903453372377963
1316.320658924739	0.009035913624157416
1319.417884004562	0.009037270774529814
1322.5151090843847	0.009038605487976288
1325.6123341642076	0.00903991807336861
1328.7095592440305	0.00904120883542448
1331.8067843238534	0.00904247807476053
1334.9040094036764	0.009043726087944761
1338.0012344834993	0.009044953167548367
1341.098459563322	0.009046159602196987
1344.195684643145	0.009047345676621372
1347.2929097229678	0.009048511671707478
1350.3901348027907	0.00904965786454598
1353.4873598826136	0.00905078452848123
1356.5845849624366	0.009051891933159629
1359.6818100422595	0.00905298034457747
1362.7790351220822	0.009054050025128203
1365.876260201905	0.009055101233649164
1368.973485281728	0.009056134225467749
1372.070710361551	0.009057149252447055
1375.1679354413739	0.00905814656303098
1378.2651605211968	0.009059126402288791
1381.3623856010195	0.00906008901195917
1384.4596106808424	0.009061034630493738
1387.5568357606653	0.009061963493100048
1390.6540608404882	0.009062875831784086
1393.7512859203111	0.00906377187539225
1396.848511000134	0.009064651849652824
1399.945736079957	0.009065515977216965
1403.0429611597797	0.009066364477699186
1406.1401862396026	0.009067197567717348
1409.2374113194255	0.009068015460932178
1412.3346363992484	0.009068818368086293
1415.4318614790714	0.009069606497042762
1418.5290865588943	0.009070380052823186
1421.626311638717	0.009071139237645316
1424.72353671854	0.009071884250960213
1427.8207617983628	0.009072615289488946
1430.9179868781857	0.009073332547258835
1434.0152119580086	0.009074036215639259
1437.1124370378316	0.009074726483377
1440.2096621176545	0.009075403536631171
1443.3068871974772	0.009076067559007694
1446.4041122773	0.009076718731593353
1449.501337357123	0.00907735723298942
1452.598562436946	0.009077983239344873
1455.6957875167689	0.009078596924389172
1458.7930125965918	0.009079198459464649
1461.8902376764145	0.009079788013558472
1464.9874627562374	0.009080365753334225
1468.0846878360603	0.009080931843163066
1471.1819129158832	0.009081486445154508
1474.2791379957062	0.009082029719186807
1477.376363075529	0.00908256182293696
1480.4735881553518	0.009083082911910317
1483.5708132351747	0.009083593139469834
1486.6680383149976	0.009084092656864936
1489.7652633948205	0.009084581613260008
1492.8624884746434	0.009085060155762548
1495.9597135544664	0.00908552842945092
1499.0569386342893	0.009085986577401783
1502.154163714112	0.00908643474071716
1505.251388793935	0.009086873058551142
1508.3486138737578	0.009087301668136268
1511.4458389535807	0.00908772070480955
1514.5430640334037	0.00908813030203818
1517.6402891132266	0.009088530591444878
1520.7375141930493	0.009088921702832932
1523.8347392728722	0.009089303764210906
1526.931964352695	0.009089676901817029
1530.029189432518	0.009090041240143258
1533.126414512341	0.009090396901959038
1536.2236395921639	0.009090744008334753
1539.3208646719868	0.009091082678664856
1542.4180897518095	0.009091413030690712
1545.5153148316324	0.00909173518052314
1548.6125399114553	0.009092049242664647
1551.7097649912782	0.009092355330031379
1554.8069900711012	0.009092653553974794
1557.904215150924	0.009092944024303032
1561.0014402307468	0.009093226849302007
1564.0986653105697	0.009093502135756236
1567.1958903903926	0.009093769988969373
1570.2931154702155	0.009094030512784488
1573.3903405500384	0.009094283809604062
1576.4875656298614	0.009094529980409738
1579.584790709684	0.009094769124781792
1582.682015789507	0.009095001340918351
1585.77924086933	0.009095226725654366
1588.8764659491528	0.009095445374480319
1591.9736910289757	0.009095657381560686
1595.0709161087987	0.009095862839752158
1598.1681411886216	0.009096061840621623
1601.2653662684443	0.009096254474463886
1604.3625913482672	0.00909644083031919
1607.45981642809	0.009096620995990465
1610.557041507913	0.009096795058060369
1613.654266587736	0.009096963101908101
1616.7514916675589	0.009097125211725978
1619.8487167473816	0.0090972814705358
1622.9459418272045	0.009097431960204985
1626.0431669070274	0.009097576761462502
1629.1403919868503	0.00909771595391458
1632.2376170666732	0.009097849616060208
1635.3348421464962	0.00909797782530642
1638.432067226319	0.009098100657983402
1641.5292923061418	0.00909821818935935
1644.6265173859647	0.009098330493655174
1647.7237424657876	0.00909843764405897
1650.8209675456105	0.009098539712740319
1653.9181926254332	0.00909863677086438
1657.0154177052561	0.009098728888605795
1660.112642785079	0.009098816135162417
1663.209867864902	0.00909889857876883
1666.307092944725	0.00909897628670972
1669.4043180245476	0.00909904932533302
1672.5015431043705	0.009099117760062926
1675.5987681841934	0.0090991816554127
1678.6959932640164	0.00909924107499731
1681.793218343839	0.009099296081545914
1684.890443423662	0.00909934673691415
1687.9876685034849	0.00909939310209628
1691.0848935833078	0.00909943523723715
1694.1821186631307	0.009099473201644002
1697.2793437429536	0.009099507053798134
1700.3765688227763	0.009099536851366366
1703.4737939025993	0.00909956265121239
1706.5710189824222	0.009099584509407942
1709.668244062245	0.009099602481243828
1712.765469142068	0.009099616621240807
1715.862694221891	0.009099626983160304
1718.9599193017136	0.009099633620015013
1722.0571443815365	0.009099636584079314
1725.1543694613595	0.009099635926899585
1728.2515945411824	0.009099631699304344
1731.3488196210053	0.009099623951414271
1734.4460447008282	0.009099612732652095
1737.5432697806511	0.00909959809175232
1740.6404948604738	0.009099580076770855
1743.7377199402968	0.009099558735094484
1746.8349450201197	0.009099534113450224
1749.9321700999426	0.009099506257914537
1753.0293951797655	0.009099475213922438
1756.1266202595884	0.00909944102627646
1759.2238453394111	0.009099403739155508
1762.321070419234	0.009099363396123586
1765.418295499057	0.009099320040138402
1768.51552057888	0.009099273713559869
1771.6127456587028	0.009099224458158469
1774.7099707385257	0.009099172315123518
1777.8071958183486	0.009099117325071316
1780.9044208981713	0.009099059528053175
1784.0016459779943	0.009098998963563353
1787.0988710578172	0.009098935670546864
1790.19609613764	0.00909886968740719
1793.293321217463	0.009098801052013885
1796.390546297286	0.009098729801710073
1799.4877713771086	0.00909865597331985
1802.5849964569315	0.009098579603155571
1805.6822215367545	0.00909850072702505
1808.7794466165774	0.009098419380238658
1811.8766716964003	0.00909833559761632
1814.9738967762232	0.009098249413494418
1818.071121856046	0.009098160861732601
1821.1683469358688	0.0090980699757205
1824.2655720156918	0.009097976788384345
1827.3627970955147	0.00909788133219351
1830.4600221753376	0.009097783639166942
1833.5572472551605	0.009097683740879521
1836.6544723349834	0.009097581668468335
1839.7516974148061	0.00909747745263884
1842.848922494629	0.009097371123670976
1845.946147574452	0.009097262711425174
1849.043372654275	0.00909715224534828
1852.1405977340978	0.009097039754479412
1855.2378228139207	0.009096925267455723
1858.3350478937434	0.00909680881251809
1861.4322729735663	0.009096690417516732
1864.5294980533893	0.009096570109916737
1867.6267231332122	0.009096447916803524
1870.723948213035	0.009096323864888229
1873.821173292858	0.009096197980513006
1876.918398372681	0.00909607028965628
1880.0156234525036	0.009095940817937893
1883.1128485323266	0.009095809590624218
1886.2100736121495	0.009095676632633169
1889.3072986919724	0.009095541968539164
1892.4045237717953	0.00909540562257802
1895.5017488516182	0.009095267618651755
1898.598973931441	0.00909512798033337
1901.6961990112638	0.00909498673087151
1904.7934240910868	0.009094843893195122
1907.8906491709095	0.009094699489917991
1910.9878742507326	0.009094553543343258
1914.0850993305553	0.009094406075467848
1917.1823244103784	0.009094257107986864
1920.2795494902011	0.00909410666229789
1923.3767745700243	0.009093954759505257
1926.473999649847	0.009093801420424251
1929.5712247296697	0.009093646665585256
1932.6684498094928	0.009093490515237833
1935.7656748893155	0.009093332989354762
1938.8628999691387	0.009093174107636024
1941.9601250489613	0.00909301388951271
1945.0573501287845	0.00909285235415091
1948.1545752086072	0.009092689520455513
1951.2518002884299	0.00909252540707399
1954.349025368253	0.009092360032400095
1957.4462504480757	0.009092193414577544
1960.5434755278989	0.009092025571503615
1963.6407006077216	0.009091856520832728
1966.7379256875447	0.009091686279979954
1969.8351507673674	0.009091514866124493
1972.93237584719	0.00909134229621309
1976.0296009270132	0.009091168586963416
1979.126826006836	0.009090993754867403
1982.224051086659	0.009090817816194533
1985.3212761664818	0.009090640786995067
1988.4185012463045	0.009090462683103262
1991.5157263261276	0.009090283520140519
1994.6129514059503	0.009090103313518495
1997.7101764857734	0.009089922078442182
2000.8074015655961	0.009089739829912935
2003.9046266454193	0.00908955658273146
2007.001851725242	0.009089372351500773
2010.0990768050647	0.0090891871506291
2013.1963018848878	0.009089000994332762
2016.2935269647105	0.009088813896639002
2019.3907520445337	0.009088625871388785
2022.4879771243563	0.009088436932239556
2025.5852022041795	0.009088247092667964
2028.6824272840022	0.009088056365972553
2031.7796523638249	0.009087864765276404
2034.876877443648	0.009087672303529767
2037.9741025234707	0.00908747899351263
2041.0713276032939	0.009087284847837272
2044.1685526831166	0.009087089878950782
2047.2657777629393	0.009086894099137535
2050.3630028427624	0.009086697520521648
2053.460227922585	0.00908650015506939
2056.5574530024082	0.009086302014591582
2059.654678082231	0.009086103110745931
2062.751903162054	0.009085903455039375
2065.8491282418768	0.00908570305883037
2068.9463533216995	0.009085501933331151
2072.0435784015226	0.009085300089609973
2075.1408034813453	0.009085097538593318
2078.2380285611684	0.009084894291068076
2081.335253640991	0.009084690357683686
2084.4324787208143	0.009084485748954272
2087.529703800637	0.009084280475260732
2090.6269288804597	0.009084074546852809
2093.724153960283	0.009083867973851141
2096.8213790401055	0.009083660766249268
2099.9186041199287	0.009083452933915633
2103.0158291997514	0.009083244486595548
2106.1130542795745	0.009083035433913134
2109.210279359397	0.009082825785373243
2112.30750443922	0.009082615550363354
2115.404729519043	0.00908240473815544
2118.5019545988657	0.009082193357907817
2121.599179678689	0.009081981418666977
2124.6964047585116	0.009081768929369384
2127.7936298383343	0.009081555898843253
2130.8908549181574	0.00908134233581032
2133.98807999798	0.009081128248887571
2137.0853050778032	0.009080913646588964
2140.182530157626	0.009080698537327127
2143.279755237449	0.009080482929415027
2146.376980317272	0.009080266831067635
2149.4742053970945	0.00908005025040356
2152.5714304769176	0.009079833195446666
2155.6686555567403	0.009079615674127673
2158.7658806365635	0.009079397694285734
2161.863105716386	0.009079179263669997
2164.9603307962093	0.009078960389941155
2168.057555876032	0.009078741080672963
2171.1547809558547	0.00907852134335375
2174.252006035678	0.009078301185387917
2177.3492311155005	0.009078080614097398
2180.4464561953237	0.009077859636723135
2183.5436812751464	0.009077638260426506
2186.640906354969	0.009077416492290751
2189.738131434792	0.0090771943393224
2192.835356514615	0.009076971808452648
2195.932581594438	0.00907674890653874
2199.0298066742607	0.009076525640365344
2202.127031754084	0.009076302016645893
2205.2242568339066	0.009076078042023922
2208.3214819137293	0.009075853723074397
2211.4187069935524	0.009075629066305017
2214.515932073375	0.009075404078157505
2217.6131571531982	0.009075178765008903
2220.710382233021	0.009074953133172827
2223.807607312844	0.00907472718890073
2226.904832392667	0.009074500938383143
2230.0020574724895	0.00907427438775091
2233.0992825523126	0.009074047543076402
2236.1965076321353	0.009073820410374725
2239.2937327119585	0.009073592995604923
2242.390957791781	0.009073365304671153
2245.488182871604	0.009073137343423862
2248.585407951427	0.009072909117660954
2251.6826330312497	0.009072680633128936
2254.779858111073	0.009072451895524063
2257.8770831908955	0.00907222291049347
2260.9743082707187	0.009071993683636292
2264.0715333505414	0.009071764220504779
2267.168758430364	0.009071534526605394
2270.265983510187	0.009071304607399914
2273.36320859001	0.009071074468306503
2276.460433669833	0.009070844114700802
2279.5576587496557	0.009070613551916986
2282.654883829479	0.009070382785248823
2285.7521089093016	0.009070151819950726
2288.8493339891243	0.009069920661238802
2291.9465590689474	0.009069689314291874
2295.04378414877	0.009069457784252522
2298.1410092285932	0.009069226076228091
2301.238234308416	0.009068994195291712
2304.335459388239	0.009068762146483304
2307.432684468062	0.009068529934810573
2310.5299095478845	0.009068297565250008
2313.6271346277076	0.00906806504274786
2316.7243597075303	0.009067832372221132
2319.8215847873535	0.009067599558558546
2322.918809867176	0.009067366606621514
2326.016034946999	0.009067133521245097
2329.113260026822	0.00906690030723897
2332.2104851066447	0.009066666969388364
2335.307710186468	0.009066433512455025
2338.4049352662905	0.009066199941178148
2341.5021603461137	0.009065966260275313
2344.5993854259364	0.009065732474443429
2347.696610505759	0.009065498588359651
2350.793835585582	0.009065264606682312
2353.891060665405	0.009065030534051844
2356.988285745228	0.009064796375091694
2360.0855108250507	0.009064562134409235
2363.182735904874	0.009064327816596683
2366.2799609846966	0.009064093426231998
2369.3771860645193	0.009063858967879791
2372.4744111443424	0.009063624446092228
2375.571636224165	0.009063389865409928
2378.6688613039883	0.00906315523036285
2381.766086383811	0.009062920545471205
2384.8633114636336	0.009062685815246333
2387.960536543457	0.009062451044191601
2391.0577616232795	0.009062216236803288
2394.1549867031026	0.009061981397571474
2397.2522117829253	0.009061746530980923
2400.3494368627485	0.00906151164151197
2403.446661942571	0.009061276733641403
2406.543887022394	0.009061041811843347
2409.641112102217	0.009060806880590138
2412.7383371820397	0.009060571944353219
2415.835562261863	0.009060337007604006
2418.9327873416855	0.009060102074814776
2422.0300124215087	0.009059867150459547
2425.1272375013314	0.009059632239014955
2428.224462581154	0.009059397344961143
2431.321687660977	0.009059162472782635
2434.4189127408	0.009058927626969221
2437.516137820623	0.00905869281201684
2440.6133629004457	0.009058458032428466
2443.710587980269	0.009058223292714988
2446.8078130600916	0.009057988597396108
2449.9050381399143	0.009057753951001214
2453.0022632197374	0.009057519358070282
2456.09948829956	0.009057284823154762
2459.196713379383	0.00905705035081848
2462.293938459206	0.009056815945638525
2465.3911635390286	0.009056581612206146
2468.488388618852	0.009056347355127671
2471.5856136986745	0.009056113179025388
2474.682838778497	0.009055879088538466
2477.7800638583203	0.009055645088323867
2480.877288938143	0.00905541118305725
2483.9745140179657	0.009055177377433894
2487.071739097789	0.009054943676169623
2490.1689641776115	0.009054710084001721
2493.2661892574347	0.009054476605689863
2496.3634143372574	0.009054243246017057
2499.46063941708	0.009054010009790572
2502.557864496903	0.009053776901842881
2505.655089576726	0.009053543927032611
2508.752314656549	0.009053311090245493
2511.8495397363718	0.009053078396395318
2514.9467648161944	0.009052845850424903
2518.0439898960176	0.009052613457307051
2521.1412149758403	0.009052381222045533
2524.238440055663	0.009052149149676062
2527.335665135486	0.00905191724526728
2530.432890215309	0.00905168551392175
2533.530115295132	0.009051453960776952
2536.6273403749547	0.009051222591006294
2539.724565454778	0.009050991409820113
2542.8217905346005	0.009050760422466705
2545.919015614423	0.009050529634233345
2549.0162406942463	0.00905029905044732
2552.113465774069	0.009050068676476971
2555.210690853892	0.009049838517732748
2558.307915933715	0.009049608579668258
2561.405141013538	0.009049378867781335
2564.5023660933607	0.009049149387615113
2567.5995911731834	0.009048920144759111
2570.6968162530065	0.009048691144850324
2573.7940413328292	0.009048462393574314
2576.8912664126524	0.00904823389666634
2579.988491492475	0.009048005659912458
2583.085716572298	0.009047777689150662
2586.182941652121	0.009047549990272014
2589.2801667319436	0.00904732256922181
2592.3773918117668	0.009047095432000721
2595.4746168915894	0.009046868584665975
2598.5718419714126	0.009046642033332532
2601.6690670512353	0.009046415784174288
2604.766292131058	0.009046189843425265
2607.863517210881	0.009045964217380836
2610.960742290704	0.009045738912398951
2614.057967370527	0.009045513934901373
2617.1551924503497	0.009045289291374933
2620.252417530173	0.009045064988372797
2623.3496426099955	0.009044841032515735
2626.446867689818	0.009044617430493422
2629.5440927696413	0.009044394189065734
2632.641317849464	0.00904417131506407
2635.738542929287	0.009043948815392677
2638.83576800911	0.009043726697029998
2641.932993088933	0.009043504967030042
2645.0302181687557	0.00904328363252374
2648.1274432485784	0.00904306270072034
2651.2246683284015	0.009042842178908826
2654.3218934082242	0.009042622074459312
2657.4191184880474	0.009042402394824501
2660.51634356787	0.009042183147541119
2663.613568647693	0.009041964340231395
2666.710793727516	0.009041745980604534
2669.8080188073386	0.009041528076458227
2672.9052438871618	0.009041310635680165
2676.0024689669845	0.009041093666249575
2679.0996940468076	0.009040877176238771
2682.1969191266303	0.00904066117381473
2685.294144206453	0.009040445667240679
2688.391369286276	0.009040230664877701
2691.488594366099	0.009040016175186365
2694.585819445922	0.009039802206728374
2697.6830445257447	0.009039588768168226
2700.780269605568	0.009039375868274904
2703.8774946853905	0.009039163515923581
2706.974719765213	0.00903895172009735
2710.0719448450363	0.009038740489888961
2713.169169924859	0.009038529834502606
2716.266395004682	0.009038319763255696
2719.363620084505	0.009038110285580684
2722.460845164328	0.009037901411026887
2725.5580702441507	0.00903769314926236
2728.6552953239734	0.009037485510075764
2731.7525204037966	0.009037278503378274
2734.8497454836192	0.009037072139205507
2737.9469705634424	0.009036866427719475
2741.044195643265	0.00903666137921056
2744.141420723088	0.009036457004099517
2747.238645802911	0.0090362533129395
2750.3358708827336	0.009036050316418113
2753.4330959625568	0.009035848025359486
2756.5303210423795	0.009035646450726393
2759.6275461222026	0.00903544560362237
2762.7247712020253	0.009035245495293878
2765.821996281848	0.009035046137132493
2768.919221361671	0.009034847540677121
2772.016446441494	0.009034649717616241
2775.113671521317	0.009034452679790179
2778.2108966011397	0.009034256439193408
2781.308121680963	0.00903406100797688
2784.4053467607855	0.0090338663984504
2787.502571840608	0.009033672623085003
2790.5997969204313	0.009033479694515392
2793.697022000254	0.009033287625542388
2796.794247080077	0.009033096429135428
2799.8914721599	0.009032906118435073
2802.9886972397226	0.00903271670675558
2806.0859223195457	0.009032528207587483
2809.1831473993684	0.009032340634600214
2812.2803724791916	0.009032154001644766
2815.3775975590142	0.009031968322756387
2818.4748226388374	0.009031783612157307
2821.57204771866	0.00903159988425951
2824.669272798483	0.009031417153667532
2827.766497878306	0.009031235435181298
2830.8637229581286	0.00903105474379901
2833.9609480379518	0.009030875094720062
2837.0581731177745	0.009030696503347993
2840.1553981975976	0.009030518985293485
2843.2526232774203	0.009030342556377403
2846.349848357243	0.009030167232633866
2849.447073437066	0.009029993030313373
2852.544298516889	0.009029819965885968
2855.641523596712	0.009029648056044429
2858.7387486765347	0.009029477317707537
2861.8359737563574	0.009029307768023347
2864.9331988361805	0.00902913942437254
2868.030423916003	0.009028972304371807
2871.1276489958263	0.009028806425877263
2874.224874075649	0.009028641806987932
2877.322099155472	0.00902847846604927
2880.419324235295	0.009028316421656734
2883.5165493151176	0.0090281556926594
2886.6137743949407	0.00902799629816364
2889.7109994747634	0.009027838257536825
2892.8082245545866	0.00902768159041112
2895.9054496344093	0.009027526316687283
2899.0026747142324	0.009027372456538557
2902.099899794055	0.009027220030414587
2905.197124873878	0.009027069059045406
2908.294349953701	0.00902691956344548
2911.3915750335236	0.009026771564917794
2914.4888001133468	0.009026625085057997
2917.5860251931695	0.009026480145758617
2920.6832502729926	0.00902633676921333
2923.7804753528153	0.009026194977921266
2926.877700432638	0.009026054794691417
2929.974925512461	0.009025916242647064
2933.072150592284	0.009025779345230293
2936.169375672107	0.009025644126206558
2939.2666007519297	0.009025510609669319
2942.3638258317524	0.009025378820044732
2945.4610509115755	0.009025248782096425
2948.558275991398	0.00902512052093031
2951.6555010712214	0.009024994061999492
2954.752726151044	0.009024869431109224
2957.849951230867	0.009024746654421947
2960.94717631069	0.00902462575846239
2964.0444013905126	0.009024506770122748
2967.1416264703357	0.009024389716667925
2970.2388515501584	0.009024274625740857
2973.3360766299816	0.009024161525367913
2976.4333017098043	0.009024050443964354
2979.5305267896274	0.009023941410339886
2982.62775186945	0.00902383445370429
2985.724976949273	0.00902372960367312
2988.822202029096	0.009023626890273483
2991.9194271089186	0.00902352634394992
2995.016652188742	0.009023427995570332
2998.1138772685645	0.00902333187643203
3001.211102348387	0.009023238018267838
3004.3083274282103	0.009023146453252305
3007.405552508033	0.009023057214007988
3010.502777587856	0.009022970333611827
3013.600002667679	0.009022885845601623
3016.697227747502	0.009022803783982592
3019.7944528273247	0.009022724183234012
3022.8916779071474	0.009022647078315975
3025.9889029869705	0.009022572504676226
3029.086128066793	0.009022500498257098
3032.1833531466164	0.009022431095502548
3035.280578226439	0.009022364333365297
3038.377803306262	0.00902230024931406
3041.475028386085	0.009022238881340886
3044.5722534659076	0.009022180267968602
3047.6694785457307	0.009022124448258359
3050.7667036255534	0.009022071461817289
3053.8639287053766	0.009022021348806263
3056.9611537851993	0.009021974149947777
3060.0583788650224	0.00902192990653392
3063.155603944845	0.00902188866043449
3066.252829024668	0.009021850454105196
3069.350054104491	0.009021815330595992
3072.4472791843136	0.009021783333559534
3075.544504264137	0.009021754507259738
3078.6417293439595	0.00902172889658048
3081.738954423782	0.009021706547034406
3084.8361795036053	0.009021687504771883
3087.933404583428	0.009021671816590054
3091.030629663251	0.009021659529942052
3094.127854743074	0.009021650692946316
3097.225079822897	0.009021645354396061
3097.225079822949	0.009021643563768876
