0.0	4.623058994787077
0.0979428567843734	4.6230589944977485
0.1958857135687468	1.103532955204131
0.29382857035312016	0.5988966280204994
0.3917714271374936	0.4093560566969626
0.489714283921867	0.31060794523946544
0.5876571407062404	0.2500612849723539
0.6855999974906137	0.20913018997276275
0.7835428542749872	0.17959631684624502
0.8814857110593605	0.1572682791692103
0.9794285678437338	0.13978514942009151
1.077371424628107	0.1257158051650299
1.1753142814124804	0.11414230599971308
1.2732571381968536	0.10444882703669467
1.3711999949812272	0.09620683448138248
1.4691428517656007	0.08910892640744097
1.5670857085499743	0.08292886530937124
1.6650285653343475	0.07749645473837725
1.7629714221187212	0.07268120325315636
1.8609142789030946	0.06838138757400641
1.958857135687468	0.06451654179706039
2.0567999924718414	0.061022182708726384
2.154742849256215	0.05784603124674688
2.2526857060405883	0.05494525735676948
2.350628562824962	0.05228443883672457
2.448571419609335	0.04983402724204937
2.5465142763937085	0.047569179738151134
2.644457133178082	0.04546885895207838
2.742399989962456	0.04351513173365997
2.8403428467468292	0.041692617369226526
2.938285703531202	0.03998804936288621
3.0362285603155756	0.03838992442125292
3.1341714170999495	0.03688821904785103
3.232114273884323	0.03547415902862239
3.3300571306686964	0.03414003064167247
3.4279999874530698	0.03287902504013592
3.525942844237443	0.03168510920307639
3.623885701021817	0.030552918310907718
3.7218285578061905	0.02947766550933249
3.819771414590564	0.02845506587204253
3.9177142713749373	0.02748127202414385
4.015657128159311	0.02655281939390457
4.113599984943685	0.025666579455476873
4.211542841728058	0.024819719635947562
4.309485698512431	0.024009668805973702
4.407428555296804	0.0232340874690374
4.505371412081177	0.02249084192110804
4.603314268865551	0.021777981778687647
4.701257125649925	0.02109372037531729
4.799199982434298	0.020436417609642793
4.897142839218671	0.01980456489595769
4.995085696003044	0.01919677192379246
5.093028552787418	0.018611754978979732
5.190971409571792	0.018048326616573407
5.288914266356165	0.0175053865075238
5.386857123140539	0.016981913307297397
5.4847999799249125	0.016476957416628635
5.5827428367092855	0.015989634523065305
5.680685693493659	0.015519119827536149
5.778628550278032	0.01506464287332823
5.876571407062406	0.014625482906020311
5.97451426384678	0.014200964702408959
6.072457120631153	0.013790454814559296
6.170399977415527	0.013393358182036736
6.2683428341999	0.013009115071314905
6.366285690984273	0.012637198306461948
6.464228547768647	0.012277110759610079
6.56217140455302	0.011928383073518138
6.660114261337394	0.011590571591832806
6.7580571181217675	0.01126325647551576
6.85599997490614	0.010946039986394252
6.953942831690514	0.010638544920963985
7.051885688474887	0.010340413179470823
7.149828545259261	0.010051304456959334
7.247771402043635	0.009770895044434052
7.345714258828008	0.009498876729560641
7.443657115612382	0.009234955787462638
7.541599972396755	0.008978852053164987
7.639542829181128	0.00873029806811533
7.737485685965503	0.008489038293992859
7.835428542749875	0.008254828387705066
7.933371399534249	0.008027434532086012
8.031314256318622	0.007806632817355153
8.129257113102996	0.007592208668881642
8.22719996988737	0.007383956317232474
8.325142826671744	0.007181678306869917
8.423085683456115	0.006985185040210062
8.52102854024049	0.006794294354064453
8.618971397024863	0.006608831125764916
8.716914253809238	0.006428626906521512
8.81485711059361	0.006253519579788004
8.912799967377984	0.006083353042611344
9.010742824162357	0.005917976908123727
9.10868568094673	0.005757246227499979
9.206628537731104	0.005601021229851312
9.304571394515477	0.005449167078660508
9.402514251299852	0.005301553643484787
9.500457108084223	0.00515805528576243
9.598399964868598	0.005018550657658743
9.696342821652971	0.004882922512977152
9.794285678437346	0.004751057529243252
9.892228535221719	0.004622846140144051
9.990171392006092	0.0044981823775723925
10.088114248790465	0.004376963722588177
10.18605710557484	0.004259090964664149
10.283999962359212	0.004144468068635165
10.381942819143587	0.004033002048816547
10.479885675927958	0.003924602849799712
10.577828532712331	0.0038191832334721777
10.675771389496706	0.0037166586718445998
10.773714246281079	0.0036169472453000044
10.871657103065454	0.003519969545910138
10.969599959849825	0.0034256485854911025
11.0675428166342	0.003333909708095392
11.165485673418573	0.0032446805066603216
11.263428530202948	0.003157890743553832
11.36137138698732	0.0030734722747778943
11.459314243771693	0.00299135897760743
11.557257100556066	0.0029114866814588807
11.655199957340441	0.0028337931017975164
11.753142814124814	0.0027582177769062666
11.851085670909189	0.0026847020073515093
11.94902852769356	0.0026131887979928712
12.046971384477935	0.0025436228023947923
12.144914241262308	0.0024759502695074803
12.24285709804668	0.0024101189924939765
12.340799954831056	0.0023460782595884364
12.438742811615429	0.0022837788068784766
12.536685668399802	0.00222317277291158
12.634628525184175	0.002164213655032167
12.73257138196855	0.0021068562673620173
12.830514238752922	0.0020510567003424072
12.928457095537297	0.0019967722817615
13.026399952321668	0.001943961539195406
13.124342809106043	0.0018925841637957713
13.222285665890416	0.0018426009753609131
13.32022852267479	0.0017939738886313618
13.418171379459164	0.0017466658807542368
13.516114236243537	0.0017006409598641946
13.61405709302791	0.0016558641347317533
13.711999949812283	0.001612301385432662
13.809942806596657	0.0015699196349946366
13.90788566338103	0.001528686721980251
14.005828520165403	0.0014885713739670701
14.103771376949776	0.001449543181888262
14.201714233734151	0.0014115725751989113
14.299657090518524	0.0013746307978351217
14.397599947302899	0.0013386898849347363
14.49554280408727	0.001303722640290117
14.593485660871645	0.0012697026145049497
14.691428517656018	0.0012366040838284514
14.789371374440393	0.001204402029641688
14.887314231224765	0.0011730721185719442
14.985257088009138	0.0011425906832122608
15.083199944793513	0.0011129347034243388
15.181142801577884	0.001084081788204034
15.27908565836226	0.001056010158089629
15.377028515146634	0.0010286986280939737
15.474971371931005	0.00100212659114243
15.572914228715378	0.0009762740019993634
15.670857085499753	0.0009511213616666707
15.768799942284128	0.0009266497022385477
15.866742799068499	0.0009028405721973692
15.964685655852874	0.0008796760221361828
16.062628512637247	0.0008571385908939218
16.16057136942162	0.0008352112920900021
16.258514226205993	0.0008138776010455048
16.356457082990367	0.0007931214420786515
16.454399939774742	0.0007729271761627626
16.552342796559117	0.0007532795889353368
16.650285653343488	0.0007341638790473302
16.748228510127863	0.0007155656468421182
16.846171366912234	0.0006974708833540163
16.94411422369661	0.0006798659596166055
17.04205708048098	0.0006627376162714618
17.139999937265355	0.0006460729534682274
17.23794279404973	0.0006298594210472795
17.3358856508341	0.0006140848089965612
17.433828507618475	0.0005987372381744303
17.53177136440285	0.0005838051512906611
17.629714221187225	0.0005692773041380031
17.727657077971596	0.0005551427570669519
17.825599934755967	0.0005413908666966388
17.923542791540342	0.0005280112778549718
18.021485648324717	0.0005149939157413934
18.119428505109088	0.0005023289783058297
18.217371361893463	0.0004900069288376164
18.315314218677837	0.00047801848875838194
18.413257075462212	0.0004663546306130625
18.511199932246583	0.00045500657125340345
18.609142789030958	0.00044396576520848137
18.707085645815333	0.00043322389823694695
18.805028502599704	0.0004227728810558552
18.902971359384075	0.0004126048432411047
19.00091421616845	0.00040271212729466103
19.098857072952825	0.00039308728287388287
19.196799929737196	0.00038372306117841296
19.29474278652157	0.0003746124094902301
19.392685643305946	0.00036574846586259014
19.49062850009032	0.00035712455395371054
19.58857135687469	0.00034873417800117534
19.686514213659063	0.0003405710179331552
19.784457070443434	0.00033262892461265235
19.882399927227805	0.00032490191521108893
19.980342784012176	0.0003173841687076662
20.078285640796544	0.00031007002151102345
20.176228497580915	0.00030295396319982617
20.274171354365286	0.00029603063237901067
20.372114211149658	0.0002892948126485039
20.47005706793403	0.0002827414286813301
20.5679999247184	0.0002763655424081025
20.665942781502775	0.00027016234930498365
20.763885638287146	0.00026412717478228084
20.861828495071517	0.0002582554706709227
20.95977135185589	0.0002525428118041403
21.05771420864026	0.0002469848926917523
21.15565706542463	0.00024157752428452487
21.253599922209002	0.00023631663082615014
21.351542778993373	0.0002311982467904529
21.449485635777744	0.0002262185139015041
21.547428492562116	0.00022137367823438277
21.645371349346487	0.00021666008739439172
21.743314206130858	0.00021207418777259235
21.84125706291523	0.00020761252187558352
21.9391999196996	0.00020327172572750678
22.03714277648397	0.0001990485263423156
22.135085633268343	0.00019493973926440085
22.233028490052714	0.0001909422661757164
22.330971346837085	0.00018705309256760163
22.428914203621456	0.00018326928547554412
22.526857060405828	0.00017958799127517746
22.6247999171902	0.00017600643353785338
22.72274277397457	0.00017252191094417358
22.82068563075894	0.00016913179525391162
22.918628487543312	0.00016583352933079688
23.016571344327684	0.00016262462522067517
23.114514201112055	0.00015950266228160093
23.21245705789643	0.00015646528536445554
23.3103999146808	0.00015351020304272381
23.408342771465172	0.0001506351858900994
23.506285628249543	0.00014783806480462447
23.604228485033914	0.0001451167293781055
23.702171341818286	0.00014246912630958084
23.800114198602657	0.00013989325786164811
23.898057055387024	0.00013738718035849403
23.995999912171396	0.0001349490027244978
24.093942768955767	0.00013257688506231277
24.191885625740138	0.0001302690372693585
24.28982848252451	0.00012802371769168554
24.38777133930888	0.00012583923181420345
24.485714196093255	0.00012371393098628872
24.583657052877626	0.00012164621118181769
24.681599909661998	0.00011963451179269396
24.77954276644637	0.00011767731445496567
24.87748562323074	0.0001157731419066524
24.97542848001511	0.00011392055687642527
25.073371336799482	0.00011211816100230686
25.171314193583854	0.00011036459377958047
25.269257050368225	0.00010865853153711955
25.367199907152596	0.00010699868644137039
25.465142763936967	0.0001053838055272409
25.56308562072134	0.00010381266975516913
25.661028477505713	0.0001022840930936648
25.75897133429008	0.0001007969216266357
25.856914191074452	9.935003268483021e-05
25.954857047858823	9.79423340007447e-05
26.052799904643194	9.6572762886362e-05
26.150742761427566	9.524028543310507e-05
26.248685618211937	9.394389573340558e-05
26.346628474996308	9.268261512330431e-05
26.44457133178068	9.14554914455152e-05
26.54251418856505	9.026159833240089e-05
26.64045704534942	8.91000345083222e-05
26.738399902133793	8.796992311083805e-05
26.836342758918164	8.687041103024757e-05
26.93428561570254	8.580066826697873e-05
27.03222847248691	8.475988730634204e-05
27.13017132927128	8.374728251018019e-05
27.228114186055652	8.276208952495771e-05
27.326057042840024	8.180356470584673e-05
27.423999899624395	8.087098455637695e-05
27.521942756408766	7.996364518322974e-05
27.619885613193137	7.90808617657673e-05
27.717828469977505	7.822196803989925e-05
27.815771326761876	7.738631579589945e-05
27.913714183546247	7.657327438979634e-05
28.01165704033062	7.578223026797054e-05
28.10959989711499	7.50125865046028e-05
28.207542753899364	7.426376235162549e-05
28.305485610683736	7.353519280084008e-05
28.403428467468107	7.282632815787201e-05
28.501371324252478	7.213663362764324e-05
28.59931418103685	7.14655889110516e-05
28.69725703782122	7.081268781255424e-05
28.79519989460559	7.017743785836074e-05
28.893142751389963	6.95593599249494e-05
28.991085608174334	6.89579878776277e-05
29.089028464958705	6.837286821886613e-05
29.186971321743076	6.78035597461408e-05
29.284914178527448	6.724963321902869e-05
29.38285703531182	6.671067103530515e-05
29.480799892096194	6.61862669158007e-05
29.57874274888056	6.567602559778055e-05
29.676685605664932	6.517956253661647e-05
29.774628462449304	6.469650361552726e-05
29.87257131923367	6.422648486316975e-05
29.970514176018046	6.37691521788682e-05
30.06845703280242	6.332416106527575e-05
30.16639988958679	6.289117636826734e-05
30.264342746371163	6.246987202386847e-05
30.36228560315553	6.205993081202999e-05
30.460228459939906	6.16610441170636e-05
30.558171316724273	6.127291169455861e-05
30.656114173508648	6.089524144460414e-05
30.754057030293016	6.052774919114718e-05
30.85199988707739	6.017015846732004e-05
30.949942743861758	5.982220030657634e-05
31.047885600646133	5.9483613039478305e-05
31.1458284574305	5.915414209598278e-05
31.243771314214875	5.883353981307732e-05
31.341714170999246	5.852156524762179e-05
31.439657027783618	5.821798399425478e-05
31.53759988456799	5.792256800822793e-05
31.635542741352356	5.763509543303492e-05
31.73348559813673	5.735535043270581e-05
31.8314284549211	5.708312302864017e-05
31.929371311705474	5.6818208940856665e-05
32.027314168489845	5.656040943353964e-05
32.125257025274216	5.6309531164766446e-05
32.22319988205859	5.606538604030261e-05
32.32114273884296	5.5827791071354696e-05
32.41908559562733	5.55965682361741e-05
32.5170284524117	5.537154434540758e-05
32.61497130919607	5.5152550911093e-05
32.71291416598044	5.4939424019202044e-05
32.810857022764814	5.473200420563386e-05
32.908799879549186	5.453013633556629e-05
33.00674273633356	5.4333669486073855e-05
33.10468559311793	5.414245683192439e-05
33.2026284499023	5.395635553446807e-05
33.30057130668667	5.377522663353533e-05
33.39851416347104	5.3598934942262347e-05
33.49645702025541	5.342734894476492e-05
33.594399877039784	5.3260340696583435e-05
33.692342733824155	5.30977857278245e-05
33.790285590608526	5.293956294892568e-05
33.888228447392905	5.278555455897285e-05
33.98617130417727	5.263564595650093e-05
34.08411416096165	5.248972565271078e-05
34.18205701774601	5.234768518703704e-05
34.27999987453038	5.2209419045003186e-05
34.377942731314754	5.207482457830195e-05
34.475885588099125	5.194380192704092e-05
34.573828444883496	5.181625394409469e-05
34.67177130166787	5.169208612150677e-05
34.76971415845224	5.157120651888537e-05
34.86765701523661	5.145352569373956e-05
34.96559987202098	5.1338956633702994e-05
35.06354272880535	5.122741469059417e-05
35.16148558558973	5.1118817516263785e-05
35.259428442374094	5.1013085000180384e-05
35.35737129915847	5.091013920870764e-05
35.45531415594284	5.08099043260272e-05
35.553257012727215	5.071230659666275e-05
35.65119986951158	5.061727426956193e-05
35.74914272629596	5.052473754369386e-05
35.84708558308032	5.043462851512122e-05
35.9450284398647	5.034688112550706e-05
36.042971296649064	5.026143111201756e-05
36.14091415343344	5.017821595858271e-05
36.23885701021781	5.0097174848478454e-05
36.33679986700218	5.001824861819422e-05
36.434742723786556	4.9941379712551287e-05
36.53268558057092	4.986651214103792e-05
36.6306284373553	4.9793591435328496e-05
36.72857129413966	4.972256460795438e-05
36.82651415092404	4.965338011209564e-05
36.924457007708405	4.958598780246285e-05
37.02239986449278	4.952033889723992e-05
37.12034272127715	4.9456385941058675e-05
37.218285578061526	4.939408276897794e-05
37.31622843484589	4.933338447143921e-05
37.41417129163027	4.92742473601729e-05
37.51211414841463	4.921662893502924e-05
37.61005700519901	4.916048785170901e-05
37.70799986198338	4.910578389036934e-05
37.80594271876775	4.905247792508126e-05
37.903885575552124	4.900053189411566e-05
38.001828432336495	4.894990877103531e-05
38.099771289120866	4.89005725365712e-05
38.19771414590523	4.885248815126186e-05
38.29565700268961	4.880562152883482e-05
38.39359985947397	4.8759939510310477e-05
38.49154271625835	4.871540983880847e-05
38.589485573042715	4.8672001135037686e-05
38.687428429827094	4.862968287345129e-05
38.78537128661146	4.858842535904893e-05
38.883314143395836	4.8548199704808215e-05
38.98125700018021	4.8508977809728806e-05
39.07919985696458	4.84707323374724e-05
39.17714271374895	4.843343669558226e-05
39.27508557053333	4.839706501526684e-05
39.37302842731769	4.8361592131732115e-05
39.47097128410207	4.832699356504766e-05
39.568914140886434	4.8293245501532176e-05
39.66685699767081	4.826032477564423e-05
39.764799854455184	4.822820885236465e-05
39.86274271123955	4.8196875810057e-05
39.960685568023926	4.816630432379366e-05
40.05862842480829	4.813647364913419e-05
40.15657128159267	4.810736360634447e-05
40.25451413837703	4.8078954565044037e-05
40.35245699516141	4.805122742927035e-05
40.450399851945775	4.802416362294867e-05
40.548342708730154	4.7997745075756376e-05
40.64628556551452	4.797195420937112e-05
40.744228422298896	4.794677392409255e-05
40.84217127908326	4.792218758582715e-05
40.94011413586764	4.78981790134267e-05
41.03805699265201	4.787473246637053e-05
41.13599984943638	4.7851832632782254e-05
41.23394270622075	4.782946461777219e-05
41.33188556300512	4.780761393209613e-05
41.429828419789494	4.778626648112233e-05
41.527771276573866	4.776540855409817e-05
41.62571413335824	4.7745026813708397e-05
41.72365699014261	4.772510828591694e-05
41.82159984692698	4.7705640350084804e-05
41.91954270371134	4.768661072935628e-05
42.01748556049572	4.766800748130647e-05
42.115428417280086	4.764981898884297e-05
42.213371274064464	4.763203395135448e-05
42.311314130848835	4.761464137610022e-05
42.409256987633206	4.759763056983314e-05
42.50719984441758	4.758099113065087e-05
42.60514270120195	4.756471294006794e-05
42.70308555798632	4.754878615530363e-05
42.80102841477069	4.753320120177932e-05
42.89897127155506	4.751794876581975e-05
42.996914128339434	4.750301978755256e-05
43.094856985123805	4.748840545400099e-05
43.192799841908176	4.747409719236418e-05
43.29074269869255	4.7460086663480194e-05
43.38868555547692	4.74463657554667e-05
43.48662841226129	4.7432926577534516e-05
43.58457126904566	4.7419761453969324e-05
43.68251412583003	4.740686291827702e-05
43.7804569826144	4.7394223707488224e-05
43.878399839398774	4.738183675661758e-05
43.976342696183146	4.736969519327375e-05
44.07428555296752	4.735779233241599e-05
44.17222840975189	4.734612167125326e-05
44.27017126653626	4.733467688428192e-05
44.36811412332063	4.732345181845858e-05
44.466056980105	4.731244048850409e-05
44.56399983688937	4.730163707233513e-05
44.661942693673744	4.729103590662033e-05
44.759885550458115	4.728063148245691e-05
44.85782840724249	4.7270418441165154e-05
44.95577126402686	4.7260391570197163e-05
45.053714120811236	4.725054579915687e-05
45.1516569775956	4.724087619592834e-05
45.24959983437998	4.72313779629094e-05
45.34754269116434	4.7222046433347716e-05
45.44548554794872	4.7212877067776494e-05
45.543428404733085	4.7203865450547194e-05
45.641371261517456	4.719500728645656e-05
45.73931411830183	4.7186298397465386e-05
45.8372569750862	4.717773471950663e-05
45.93519983187057	4.716931229938024e-05
46.03314268865494	4.7161027291732653e-05
46.13108554543932	4.715287595611827e-05
46.22902840222368	4.7144854654141086e-05
46.32697125900806	4.7136959846673955e-05
46.424914115792426	4.7129188091153664e-05
46.522856972576804	4.7121536038949466e-05
46.62079982936117	4.7114000432803326e-05
46.718742686145546	4.7106578104339863e-05
46.81668554292991	4.7099265971643924e-05
46.91462839971429	4.7092061036904246e-05
47.01257125649865	4.7084960384121125e-05
47.11051411328303	4.707796117687666e-05
47.208456970067395	4.707106065616545e-05
47.306399826851774	4.706425613828456e-05
47.404342683636145	4.70575450127808e-05
47.50228554042051	4.705092474045396e-05
47.60022839720489	4.7044392851414314e-05
47.69817125398925	4.7037946943193126e-05
47.79611411077363	4.70315846789045e-05
47.894056967557994	4.702530378545739e-05
47.99199982434237	4.7019102051816174e-05
48.089942681126736	4.7012977327308665e-05
48.187885537911114	4.700692751998015e-05
48.28582839469548	4.700095059499234e-05
48.38377125147986	4.699504457306583e-05
48.48171410826422	4.6989207528964994e-05
48.5796569650486	4.698343759002416e-05
48.67759982183297	4.6977732934713966e-05
48.77554267861734	4.6972091791246625e-05
48.87348553540171	4.696651243621937e-05
48.971428392186084	4.6960993193294756e-05
49.069371248970455	4.695553243191686e-05
49.167314105754826	4.695012856606253e-05
49.2652569625392	4.694478005302657e-05
49.36319981932357	4.693948539224019e-05
49.46114267610794	4.69342431241214e-05
49.559085532892304	4.692905182895692e-05
49.65702838967668	4.6923910125814554e-05
49.75497124646105	4.691881667148497e-05
49.852914103245425	4.691377015945265e-05
49.950856960029796	4.69087693188946e-05
50.04879981681417	4.6903812913706464e-05
50.14674267359854	4.689889974155524e-05
50.24468553038291	4.689402863295761e-05
50.34262838716728	4.688919845038365e-05
50.44057124395165	4.6884408087384686e-05
50.53851410073602	4.687965646774521e-05
50.636456957520394	4.687494254465762e-05
50.734399814304766	4.6870265299919766e-05
50.83234267108914	4.686562374315412e-05
50.93028552787351	4.686101691104829e-05
51.02822838465788	4.68564438666163e-05
51.12617124144225	4.6851903698479956e-05
51.22411409822662	4.6847395520169805e-05
51.32205695501099	4.684291846944515e-05
51.419999811795364	4.6838471707632727e-05
51.517942668579735	4.6834054418983154e-05
51.61588552536411	4.682966581004518e-05
51.71382838214848	4.68253051090568e-05
51.81177123893285	4.68209715653532e-05
51.90971409571722	4.6816664448790585e-05
52.00765695250159	4.6812383049185915e-05
52.10559980928596	4.680812667577183e-05
52.203542666070334	4.680389465666649e-05
52.301485522854705	4.6799686338357746e-05
52.399428379639076	4.6795501085201634e-05
52.497371236423454	4.6791338278934256e-05
52.59531409320782	4.678719731819715e-05
52.6932569499922	4.678307761807564e-05
52.79119980677656	4.677897860964964e-05
52.88914266356094	4.677489973955678e-05
52.9870855203453	4.677084046956744e-05
53.085028377129674	4.6766800276171414e-05
53.182971233914046	4.6762778650175835e-05
53.28091409069842	4.6758775096314e-05
53.37885694748279	4.675478913286497e-05
53.47679980426716	4.6750820291283464e-05
53.57474266105153	4.674686811583995e-05
53.6726855178359	4.6742932163270476e-05
53.77062837462028	4.6739012002436027e-05
53.868571231404644	4.6735107213991285e-05
53.96651408818902	4.673121739006241e-05
54.06445694497339	4.672734213393344e-05
54.162399801757765	4.672348105974155e-05
54.26034265854213	4.671963379218038e-05
54.35828551532651	4.6715799966211555e-05
54.45622837211087	4.6711979226784085e-05
54.55417122889525	4.670817122856138e-05
54.652114085679614	4.67043756356558e-05
54.75005694246399	4.670059212137038e-05
54.847999799248356	4.6696820367947566e-05
54.945942656032734	4.669306006632497e-05
55.043885512817106	4.6689310915897615e-05
55.14182836960147	4.6685572624286785e-05
55.23977122638585	4.668184490711517e-05
55.33771408317021	4.667812748778801e-05
55.43565693995459	4.6674420097280544e-05
55.533599796738955	4.667072247393085e-05
55.63154265352333	4.6667034363238694e-05
55.7294855103077	4.666335551766968e-05
55.827428367092075	4.6659685696464745e-05
55.92537122387644	4.665602466545495e-05
56.02331408066082	4.665237219688133e-05
56.12125693744519	4.6648728069219535e-05
56.21919979422956	4.664509206700943e-05
56.31714265101393	4.6641463980689226e-05
56.4150855077983	4.663784360643412e-05
56.513028364582674	4.663423074599954e-05
56.610971221367045	4.663062520656845e-05
56.708914078151416	4.66270268006029e-05
56.80685693493579	4.6623435345699774e-05
56.90479979172016	4.6619850664450205e-05
57.00274264850452	4.661627258430304e-05
57.1006855052889	4.6612700937432025e-05
57.198628362073265	4.660913556060649e-05
57.29657121885764	4.660557629506566e-05
57.394514075642014	4.660202298639647e-05
57.492456932426386	4.6598475484414506e-05
57.59039978921076	4.6594933643048434e-05
57.68834264599513	4.659139732022754e-05
57.7862855027795	4.65878663777721e-05
57.88422835956387	4.658434068128716e-05
57.98217121634824	4.658082010005885e-05
58.08011407313261	4.6577304506953694e-05
58.178056929916984	4.657379377832076e-05
58.275999786701355	4.6570287793896295e-05
58.37394264348573	4.6566786436711103e-05
58.4718855002701	4.6563289593000385e-05
58.56982835705447	4.6559797152116065e-05
58.66777121383885	4.6556309006441555e-05
58.76571407062321	4.655282505130882e-05
58.86365692740758	4.654934518491771e-05
58.961599784191954	4.654586930825739e-05
59.059542640976325	4.654239732503022e-05
59.157485497760696	4.6538929141577405e-05
59.25542835454507	4.653546466680674e-05
59.35337121132944	4.653200381212255e-05
59.45131406811381	4.652854649135729e-05
59.54925692489818	4.6525092620705145e-05
59.64719978168255	4.6521642118657397e-05
59.74514263846692	4.651819490593962e-05
59.84308549525129	4.651475090545048e-05
59.94102835203567	4.651131004220239e-05
60.03897120882004	4.6507872243263606e-05
60.13691406560441	4.6504437437702056e-05
60.234856922388786	4.650100555653058e-05
60.33279977917316	4.649757653265375e-05
60.43074263595752	4.64941503008162e-05
60.52868549274189	4.649072679755217e-05
60.62662834952627	4.648730596113665e-05
60.724571206310635	4.6483887731537764e-05
60.82251406309501	4.648047205037045e-05
60.92045691987938	4.647705886085141e-05
61.018399776663756	4.647364810775543e-05
61.11634263344812	4.647023973737265e-05
61.21428549023249	4.646683369746716e-05
61.31222834701687	4.646342993723672e-05
61.41017120380124	4.646002840727363e-05
61.508114060585605	4.645662905952655e-05
61.606056917369976	4.645323184726349e-05
61.703999774154354	4.64498367250357e-05
61.801942630938726	4.6446443648642646e-05
61.89988548772309	4.6443052575097896e-05
61.99782834450746	4.643966346259603e-05
62.09577120129184	4.64362762704803e-05
62.19371405807621	4.6432890959211294e-05
62.291656914860575	4.642950749033645e-05
62.389599771644946	4.642612582646043e-05
62.487542628429324	4.642274593121617e-05
62.585485485213695	4.641936776923693e-05
62.68342834199806	4.641599130612898e-05
62.78137119878244	4.6412616508445046e-05
62.87931405556681	4.640924334365853e-05
62.97725691235117	4.6405871780138435e-05
63.075199769135544	4.6402501787124886e-05
63.17314262591992	4.639913333470553e-05
63.271085482704294	4.639576639379238e-05
63.36902833948866	4.6392400936099356e-05
63.46697119627303	4.638903693412059e-05
63.56491405305741	4.63856743611091e-05
63.66285690984178	4.638231319105622e-05
63.76079976662614	4.637895339867151e-05
63.85874262341053	4.637559495936328e-05
63.95668548019489	4.637223784921959e-05
64.05462833697926	4.636888204498985e-05
64.15257119376363	4.63655275240669e-05
64.250514050548	4.636217426446954e-05
64.34845690733238	4.63588222448256e-05
64.44639976411675	4.635547144435548e-05
64.54434262090112	4.635212184285614e-05
64.64228547768549	4.634877342068545e-05
64.74022833446986	4.634542615874718e-05
64.83817119125423	4.634208003847619e-05
64.93611404803859	4.633873504182412e-05
65.03405690482298	4.6335391151245585e-05
65.13199976160735	4.633204834968452e-05
65.22994261839172	4.632870662056112e-05
65.32788547517609	4.6325365947759035e-05
65.42582833196046	4.6322026315613054e-05
65.52377118874483	4.6318687708896936e-05
65.6217140455292	4.631535011281169e-05
65.71965690231357	4.6312013512974214e-05
65.81759975909794	4.630867789540626e-05
65.91554261588232	4.630534324652361e-05
66.01348547266669	4.630200955312559e-05
66.11142832945106	4.6298676802385026e-05
66.20937118623543	4.629534498183832e-05
66.3073140430198	4.629201407937586e-05
66.40525689980417	4.628868408323269e-05
66.50319975658854	4.62853549819795e-05
66.60114261337291	4.628202676451384e-05
66.69908547015729	4.6278699420051525e-05
66.79702832694166	4.627537293811845e-05
66.89497118372603	4.6272047308542466e-05
66.9929140405104	4.6268722521445585e-05
67.09085689729477	4.626539856723638e-05
67.18879975407914	4.626207543660269e-05
67.28674261086351	4.6258753120504426e-05
67.38468546764788	4.6255431610166624e-05
67.48262832443227	4.625211089707273e-05
67.58057118121663	4.6248790972958065e-05
67.678514038001	4.624547182980356e-05
67.77645689478537	4.624215345982944e-05
67.87439975156975	4.623883585548945e-05
67.97234260835411	4.623551900946495e-05
68.07028546513848	4.623220291465942e-05
68.16822832192285	4.622888756419298e-05
68.26617117870722	4.622557295139706e-05
68.3641140354916	4.622225906980942e-05
68.46205689227597	4.621894591316917e-05
68.55999974906034	4.621563347541193e-05
68.65794260584471	4.621232175066532e-05
68.75588546262908	4.620901073324438e-05
68.85382831941345	4.620570041764729e-05
68.95177117619784	4.620239079855111e-05
69.0497140329822	4.6199081870807845e-05
69.14765688976657	4.6195773629440465e-05
69.24559974655094	4.619246606963908e-05
69.34354260333532	4.618915918675733e-05
69.44148546011968	4.6185852976308874e-05
69.53942831690405	4.618254743396393e-05
69.63737117368842	4.6179242555546116e-05
69.73531403047281	4.617593833702911e-05
69.83325688725716	4.617263477453375e-05
69.93119974404154	4.616933186432503e-05
70.02914260082592	4.6166029602809344e-05
70.12708545761028	4.616272798653176e-05
70.22502831439465	4.615942701217334e-05
70.32297117117902	4.615612667654874e-05
70.4209140279634	4.615282697660373e-05
70.51885688474776	4.614952790941305e-05
70.61679974153213	4.6146229472178064e-05
70.7147425983165	4.614293166222481e-05
70.81268545510089	4.613963447700189e-05
70.91062831188525	4.613633791407865e-05
71.00857116866962	4.6133041971143304e-05
71.10651402545399	4.6129746646001325e-05
71.20445688223838	4.6126451936573754e-05
71.30239973902273	4.61231578408957e-05
71.4003425958071	4.611986435711494e-05
71.49828545259149	4.6116571483490444e-05
71.59622830937586	4.6113279218391223e-05
71.69417116616022	4.6109987560295146e-05
71.79211402294459	4.610669650778778e-05
71.89005687972897	4.610340605956144e-05
71.98799973651334	4.6100116214414234e-05
72.0859425932977	4.609682697124925e-05
72.18388545008207	4.6093538329073797e-05
72.28182830686646	4.609025028699867e-05
72.37977116365082	4.60869628442376e-05
72.47771402043519	4.6083676000106735e-05
72.57565687721957	4.60803897540242e-05
72.67359973400394	4.607710410550974e-05
72.7715425907883	4.6073819054184445e-05
72.86948544757267	4.607053459977053e-05
72.96742830435706	4.6067250742091245e-05
73.06537116114143	4.606396748107082e-05
73.16331401792579	4.6060684816734545e-05
73.26125687471016	4.60574027492088e-05
73.35919973149454	4.605412127872138e-05
73.45714258827891	4.605084040560166e-05
73.55508544506327	4.6047560130281006e-05
73.65302830184764	4.604428045329325e-05
73.75097115863203	4.6041001375275126e-05
73.8489140154164	4.603772289696695e-05
73.94685687220075	4.6034445019213205e-05
74.04479972898514	4.603116774296344e-05
74.14274258576951	4.6027891069272986e-05
74.24068544255387	4.602461499930401e-05
74.33862829933824	4.6021339534326414e-05
74.43657115612262	4.601806467571901e-05
74.534514012907	4.601479042497067e-05
74.63245686969135	4.6011516783681634e-05
74.73039972647572	4.600824375356483e-05
74.82834258326011	4.600497133644737e-05
74.92628544004448	4.6001699534272057e-05
75.02422829682884	4.599842834909899e-05
75.12217115361322	4.599515778310738e-05
75.2201140103976	4.599188783859729e-05
75.31805686718197	4.5988618517991565e-05
75.41599972396632	4.5985349823837786e-05
75.51394258075071	4.598208175881057e-05
75.61188543753508	4.597881432571356e-05
75.70982829431945	4.597554752748186e-05
75.80777115110381	4.5972281367184414e-05
75.9057140078882	4.5969015848026545e-05
76.00365686467256	4.5965750973352586e-05
76.10159972145692	4.596248674664859e-05
76.19954257824129	4.595922317154524e-05
76.29748543502568	4.5955960251820804e-05
76.39542829181005	4.5952697991404146e-05
76.4933711485944	4.5949436394378014e-05
76.59131400537879	4.594617546498234e-05
76.68925686216316	4.594291520761769e-05
76.78719971894753	4.593965562684887e-05
76.88514257573189	4.593639672740851e-05
76.98308543251628	4.5933138514201135e-05
77.08102828930065	4.592988099230691e-05
77.17897114608502	4.592662416698597e-05
77.27691400286938	4.59233680436825e-05
77.37485685965376	4.592011262802925e-05
77.47279971643813	4.591685792585203e-05
77.5707425732225	4.5913603943174455e-05
77.66868543000687	4.591035068622287e-05
77.76662828679125	4.5907098161431294e-05
77.86457114357562	4.590384637544664e-05
77.96251400035999	4.590059533513407e-05
78.06045685714436	4.58973450475826e-05
78.15839971392873	4.5894095520110665e-05
78.2563425707131	4.589084676027218e-05
78.35428542749746	4.588759877586252e-05
78.45222828428184	4.5884351574924904e-05
78.55017114106622	4.588110516575676e-05
78.64811399785059	4.5877859556916415e-05
78.74605685463494	4.587461475723009e-05
78.84399971141933	4.5871370775798866e-05
78.9419425682037	4.586812762200606e-05
79.03988542498807	4.586488530552475e-05
79.13782828177244	4.5861643836325596e-05
79.23577113855681	4.5858403224684776e-05
79.33371399534118	4.5855163481192316e-05
79.43165685212556	4.585192461676054e-05
79.52959970890993	4.584868664263287e-05
79.6275425656943	4.584544957039278e-05
79.72548542247867	4.584221341197317e-05
79.82342827926304	4.583897817966589e-05
79.92137113604741	4.5835743886131646e-05
80.01931399283178	4.583251054441008e-05
80.11725684961615	4.5829278167930284e-05
80.21519970640053	4.582604677052156e-05
80.3131425631849	4.582281636642452e-05
80.41108541996927	4.581958697030244e-05
80.50902827675364	4.581635859725308e-05
80.60697113353801	4.581313126282069e-05
80.70491399032238	4.580990498300859e-05
80.80285684710675	4.580667977429191e-05
80.90079970389112	4.580345565363077e-05
80.9987425606755	4.58002326384839e-05
81.09668541745987	4.579701074682265e-05
81.19462827424424	4.579378999714527e-05
81.29257113102861	4.579057040849184e-05
81.39051398781298	4.578735200045945e-05
81.48845684459735	4.578413479321786e-05
81.58639970138172	4.578091880752575e-05
81.6843425581661	4.57777040647472e-05
81.78228541495046	4.577449058686895e-05
81.88022827173484	4.577127839651785e-05
81.97817112851921	4.5768067516979e-05
82.07611398530358	4.5764857972214464e-05
82.17405684208795	4.576164978688229e-05
82.27199969887232	4.575844298635641e-05
82.36994255565669	4.575523759674684e-05
82.46788541244106	4.575203364492056e-05
82.56582826922543	4.574883115852304e-05
82.6637711260098	4.574563016600036e-05
82.76171398279419	4.574243069662196e-05
82.85965683957855	4.5739232780504e-05
82.95759969636292	4.573603644863358e-05
83.05554255314729	4.5732841732893356e-05
83.15348540993168	4.572964866608718e-05
83.25142826671603	4.572645728196625e-05
83.3493711235004	4.5723267615256137e-05
83.44731398028478	4.572007970168458e-05
83.54525683706915	4.571689357801002e-05
83.64319969385352	4.5713709282051015e-05
83.74114255063789	4.57105268527165e-05
83.83908540742227	4.570734633003689e-05
83.93702826420663	4.57041677551961e-05
84.034971120991	4.570099117056449e-05
84.13291397777537	4.569781661973272e-05
84.23085683455976	4.5694644147546676e-05
84.32879969134412	4.56914738001433e-05
84.42674254812849	4.56883056249874e-05
84.52468540491286	4.568513967090982e-05
84.62262826169724	4.568197598814627e-05
84.7205711184816	4.56788146283777e-05
84.81851397526597	4.5675655644771506e-05
84.91645683205034	4.5672499092024076e-05
85.01439968883473	4.566934502640458e-05
85.11234254561909	4.566619350579996e-05
85.21028540240346	4.5663044589761164e-05
85.30822825918784	4.565989833955098e-05
85.4061711159722	4.565675481819276e-05
85.50411397275657	4.565361409052108e-05
85.60205682954094	4.565047622323348e-05
85.69999968632533	4.5647341284943847e-05
85.79794254310968	4.564420934623732e-05
85.89588539989406	4.564108047972671e-05
85.99382825667843	4.563795476011065e-05
86.09177111346281	4.563483226423337e-05
86.18971397024717	4.563171307114615e-05
86.28765682703154	4.562859726217049e-05
86.38559968381593	4.562548492096339e-05
86.4835425406003	4.562237613358406e-05
86.58148539738465	4.5619270988562995e-05
86.67942825416903	4.561616957697261e-05
86.77737111095341	4.56130719925003e-05
86.87531396773778	4.560997833152334e-05
86.97325682452214	4.560688869318601e-05
87.07119968130651	4.5603803179479e-05
87.1691425380909	4.5600721895321004e-05
87.26708539487525	4.55976449486427e-05
87.36502825165962	4.5594572450473164e-05
87.462971108444	4.559150451502878e-05
87.56091396522838	4.5588441259804586e-05
87.65885682201274	4.5585382805668415e-05
87.75679967879711	4.558232927695768e-05
87.8547425355815	4.557928080157884e-05
87.95268539236586	4.55762375111099e-05
88.05062824915022	4.557319954090575e-05
88.1485711059346	4.5570167030206505e-05
88.24651396271898	4.556714012224908e-05
88.34445681950335	4.5564118964381836e-05
88.4423996762877	4.556110370818266e-05
88.54034253307208	4.555809450958036e-05
88.63828538985646	4.555509152897949e-05
88.73622824664083	4.555209493138889e-05
88.83417110342519	4.554910488655391e-05
88.93211396020958	4.5546121569092345e-05
89.03005681699395	4.554314515863432e-05
89.12799967377832	4.5540175839966226e-05
89.22594253056268	4.55372138031788e-05
89.32388538734706	4.553425924381942e-05
89.42182824413143	4.553131236304878e-05
89.51977110091579	4.552837336780215e-05
89.61771395770016	4.5525442470955195e-05
89.71565681448455	4.552251989149453e-05
89.81359967126892	4.551960585469339e-05
89.91154252805327	4.5516700592292034e-05
90.00948538483765	4.551380434268357e-05
90.10742824162203	4.551091735110509e-05
90.2053710984064	4.5508039869834266e-05
90.30331395519076	4.550517215839156e-05
90.40125681197514	4.550231448374838e-05
90.49919966875952	4.54994671205411e-05
90.59714252554389	4.5496630351291326e-05
90.69508538232824	4.5493804466632415e-05
90.79302823911263	4.549098976554261e-05
90.890971095897	4.5488186555584764e-05
90.98891395268137	4.548539515315304e-05
91.08685680946573	4.548261588372682e-05
91.18479966625011	4.547984908213159e-05
91.28274252303449	4.5477095092807725e-05
91.38068537981884	4.5474354270086735e-05
91.47862823660323	4.547162697847559e-05
91.5765710933876	4.546891359294918e-05
91.67451395017197	4.546621449925115e-05
91.77245680695633	4.546353009420359e-05
91.87039966374071	4.5460860786025346e-05
91.96834252052508	4.54582069946597e-05
92.06628537730946	4.5455569152111485e-05
92.16422823409381	4.545294770279375e-05
92.2621710908782	4.545034310388455e-05
92.36011394766257	4.544775582569398e-05
92.45805680444694	4.544518635204171e-05
92.5559996612313	4.544263518064548e-05
92.65394251801568	4.5440102823520706e-05
92.75188537480005	4.543758980739158e-05
92.84982823158442	4.543509667411413e-05
92.9477710883688	4.543262398111139e-05
93.04571394515317	4.543017230182094e-05
93.14365680193754	4.5427742226155656e-05
93.2415996587219	4.542533436097742e-05
93.33954251550628	4.5422949330584744e-05
93.43748537229065	4.542058777721415e-05
93.53542822907502	4.541825036155631e-05
93.63337108585938	4.541593776328667e-05
93.73131394264377	4.5413650681611775e-05
93.82925679942814	4.541138983583102e-05
93.92719965621251	4.5409155965914715e-05
94.02514251299688	4.5406949833098735e-05
94.12308536978125	4.5404772220496404e-05
94.22102822656562	4.5402623933727875e-05
94.31897108335	4.5400505801567675e-05
94.41691394013436	4.5398418676611075e-05
94.51485679691874	4.53963634359594e-05
94.6127996537031	4.5394340981925244e-05
94.71074251048748	4.539235224275793e-05
94.80868536727185	4.539039817338991e-05
94.90662822405622	4.53884797562047e-05
95.00457108084059	4.538659800182689e-05
95.10251393762496	4.5384753949934986e-05
95.20045679440933	4.5382948670097516e-05
95.2983996511937	4.5381183262633447e-05
95.39634250797808	4.5379458859497233e-05
95.49428536476245	4.537777662518948e-05
95.59222822154682	4.537613775769378e-05
95.69017107833119	4.537454348944056e-05
95.78811393511556	4.5372995088298754e-05
95.88605679189993	4.5371493858596036e-05
95.9839996486843	4.537004114216845e-05
96.08194250546867	4.536863831944033e-05
96.17988536225305	4.5367286810535257e-05
96.27782821903742	4.5365988076419176e-05
96.37577107582179	4.536474362007638e-05
96.47371393260616	4.5363554987719416e-05
96.57165678939053	4.5362423770033886e-05
96.6695996461749	4.536135160345915e-05
96.76754250295927	4.536034017150589e-05
96.86548535974364	4.5359391206111787e-05
96.96342821652802	4.535850648903614e-05
97.06137107331239	4.5357687853294824e-05
97.15931393009676	4.535693718463654e-05
97.25725678688113	4.53562564230617e-05
97.3551996436655	4.535564756438511e-05
97.45314250044987	4.5355112661843676e-05
97.55108535723424	4.535465382775049e-05
97.64902821401861	4.5354273235196675e-05
97.74697107080299	4.535397311980226e-05
97.84491392758736	4.535375578151759e-05
97.94285678437173	4.535362358647665e-05
97.94285678437338	4.5353578968903904e-05
