0.0	4.965848851687215
0.0979428567843734	4.965848851353381
0.1958857135687468	1.1290570460618201
0.29382857035312016	0.6065154075427737
0.3917714271374936	0.41289759347266325
0.489714283921867	0.3126225792775819
0.5876571407062404	0.25134117194031175
0.6855999974906137	0.20999841271415726
0.7835428542749872	0.1802087752425608
0.8814857110593605	0.15770933606146736
0.9794285678437338	0.1401044284942509
1.077371424628107	0.12594441562968675
1.1753142814124804	0.11430075946253615
1.2732571381968536	0.10455121620173893
1.3711999949812272	0.09626318156522007
1.4691428517656007	0.08912657244008969
1.5670857085499743	0.08291332795157112
1.6650285653343475	0.07745197746449876
1.7629714221187212	0.07261111802522753
1.8609142789030946	0.06828836087197149
1.958857135687468	0.06440274548564125
2.0567999924718414	0.06088941518059856
2.154742849256215	0.057695804896581306
2.2526857060405883	0.054778862778512946
2.350628562824962	0.05210299262587898
2.448571419609335	0.04963850805418161
2.5465142763937085	0.047360455806057744
2.644457133178082	0.04524770930397739
2.742399989962456	0.04328226270691744
2.8403428467468292	0.04144867556958968
2.938285703531202	0.039733631909473
3.0362285603155756	0.03812558709868972
3.1341714170999495	0.03661448283026694
3.232114273884323	0.035191515326669774
3.3300571306686964	0.033848945540534414
3.4279999874530698	0.03257994273485347
3.525942844237443	0.031378454791430865
3.623885701021817	0.030239100069290398
3.7218285578061905	0.02915707675052721
3.819771414590564	0.028128086463490028
3.9177142713749373	0.027148269629500617
4.015657128159311	0.026214150488421798
4.113599984943685	0.02532259015607507
4.211542841728058	0.024470746379231797
4.309485698512431	0.023656038901361486
4.407428555296804	0.022876119549307575
4.505371412081177	0.02212884630876106
4.603314268865551	0.02141226078333284
4.701257125649925	0.020724568534716572
4.799199982434298	0.02006412188492208
4.897142839218671	0.019429404829754107
4.995085696003044	0.0188190197686636
5.093028552787418	0.018231675802203667
5.190971409571792	0.01766617838646888
5.288914266356165	0.01712142016558304
5.386857123140539	0.016596372829720405
5.4847999799249125	0.01609007986825407
5.5827428367092855	0.015601650106190799
5.680685693493659	0.015130251927694644
5.778628550278032	0.014675108103724372
5.876571407062406	0.014235491152021896
5.97451426384678	0.013810719167224799
6.072457120631153	0.013400152067009443
6.170399977415527	0.013003188207128358
6.2683428341999	0.012619261324172336
6.366285690984273	0.012247837770018649
6.464228547768647	0.01188841400635009
6.56217140455302	0.011540514331452156
6.660114261337394	0.011203688814807036
6.7580571181217675	0.010877511417878115
6.85599997490614	0.010561578281980363
6.953942831690514	0.010255506166313648
7.051885688474887	0.00995893102114238
7.149828545259261	0.009671506682774106
7.247771402043635	0.009392903678454282
7.345714258828008	0.009122808130581587
7.443657115612382	0.00886092075078182
7.541599972396755	0.008606955915378342
7.639542829181128	0.00836064081468075
7.737485685965503	0.008121714669295663
7.835428542749875	0.00788992800735693
7.933371399534249	0.007665041997188449
8.031314256318622	0.007446827830460308
8.129257113102996	0.007235066151386787
8.22719996988737	0.007029546527949671
8.325142826671744	0.006830066961518854
8.423085683456115	0.006636433431589611
8.52102854024049	0.006448459472666993
8.618971397024863	0.006265965780606723
8.716914253809238	0.0060887798459722435
8.81485711059361	0.005916735612192628
8.912799967377984	0.005749673156508342
9.010742824162357	0.00558743839187419
9.10868568094673	0.005429882788153083
9.206628537731104	0.005276863111082557
9.304571394515477	0.005128241177629936
9.402514251299852	0.004983883626473183
9.500457108084223	0.0048436617024540584
9.598399964868598	0.004707451053949559
9.696342821652971	0.0045751315421975825
9.794285678437346	0.00444658706169446
9.892228535221719	0.004321705370856169
9.990171392006092	0.004200377932202405
10.088114248790465	0.004082499761384036
10.18605710557484	0.00396796928443019
10.283999962359212	0.003856688202642049
10.381942819143587	0.003748561364606723
10.479885675927958	0.0036434966448467975
10.577828532712331	0.003541404828659654
10.675771389496706	0.0034421995027358655
10.773714246281079	0.003345796951178095
10.871657103065454	0.0032521160565713264
10.969599959849825	0.003161078205782115
11.0675428166342	0.0030726072001891662
11.165485673418573	0.0029866291700700754
11.263428530202948	0.002903072492889712
11.36137138698732	0.0028218677152546568
11.459314243771693	0.002742947478315464
11.557257100556066	0.0026662464464144693
11.655199957340441	0.0025917012387914897
11.753142814124814	0.002519250364173209
11.851085670909189	0.0024488341580844197
11.94902852769356	0.002380394722730648
12.046971384477935	0.0023138758693121582
12.144914241262308	0.0022492230626389802
12.24285709804668	0.0021863833679254627
12.340799954831056	0.002125305399651054
12.438742811615429	0.002065939272381554
12.536685668399802	0.0020082365534520416
12.634628525184175	0.0019521502174191176
12.73257138196855	0.0018976346021960494
12.830514238752922	0.0018446453667898771
12.928457095537297	0.001793139450564639
13.026399952321668	0.0017430750339595665
13.124342809106043	0.0016944115005954451
13.222285665890416	0.0016471094007063868
13.32022852267479	0.0016011304158379768
13.418171379459164	0.0015564373247562476
13.516114236243537	0.0015129939705151372
13.61405709302791	0.0014707652286330881
13.711999949812283	0.0014297169763322203
13.809942806596657	0.0013898160627961002
13.90788566338103	0.0013510302804045319
14.005828520165403	0.0013133283369060392
14.103771376949776	0.0012766798284908048
14.201714233734151	0.0012410552137287665
14.299657090518524	0.00120642578833941
14.397599947302899	0.001172763660761479
14.49554280408727	0.0011400417284924294
14.593485660871645	0.0011082336551689292
14.691428517656018	0.0010773138483611037
14.789371374440393	0.001047257438054532
14.887314231224765	0.001018040255795221
14.985257088009138	0.0009896388144739312
15.083199944793513	0.0009620302887273141
15.181142801577884	0.0009351924959343277
15.27908565836226	0.0009091038777873537
15.377028515146634	0.0008837434824183425
15.474971371931005	0.000859090947061153
15.572914228715378	0.0008351264812320586
15.670857085499753	0.0008118308504111399
15.768799942284128	0.0007891853602080041
15.866742799068499	0.0007671718409959365
15.964685655852874	0.0007457726329992343
16.062628512637247	0.0007249705718190744
16.16057136942162	0.0007047489743838382
16.258514226205993	0.0006850916253103607
16.356457082990367	0.0006659827636630884
16.454399939774742	0.0006474070700986172
16.552342796559117	0.000629349654383551
16.650285653343488	0.0006117960432740621
16.748228510127863	0.0005947321687459597
16.846171366912234	0.0005781443565644727
16.94411422369661	0.0005620193151833384
17.04205708048098	0.0005463441249631566
17.139999937265355	0.0005311062276993139
17.23794279404973	0.0005162934164501226
17.3358856508341	0.0005018938256561372
17.433828507618475	0.0004878959215419148
17.53177136440285	0.0004742884927917839
17.629714221187225	0.00046106064149146233
17.727657077971596	0.00044820177432763805
17.825599934755967	0.0004357015940378836
17.923542791540342	0.00042355009110352335
18.021485648324717	0.0004117375356783105
18.119428505109088	0.00040025446974600116
18.217371361893463	0.00038909169950013234
18.315314218677837	0.00037824028793952195
18.413257075462212	0.00036769154767321414
18.511199932246583	0.00035743703392878887
18.609142789030958	0.0003474685377581431
18.707085645815333	0.0003377780794350352
18.805028502599704	0.0003283579020388579
18.902971359384075	0.00031920046521927457
19.00091421616845	0.0003102984391365207
19.098857072952825	0.0003016446985723235
19.196799929737196	0.00029323231720655273
19.29474278652157	0.0002850545620548562
19.392685643305946	0.0002771048880626808
19.49062850009032	0.00026937693285121396
19.58857135687469	0.00026186451161091444
19.686514213659063	0.00025456161213843054
19.784457070443434	0.00024746239001282677
19.882399927227805	0.000240561163907161
19.980342784012176	0.00023385241103157027
20.078285640796544	0.00022733076270413613
20.176228497580915	0.00022099100004590927
20.274171354365286	0.00021482804979657886
20.372114211149658	0.00020883698024737386
20.47005706793403	0.00020301299728788384
20.5679999247184	0.00019735144056358124
20.665942781502775	0.00019184777974092087
20.763885638287146	0.00018649761087698275
20.861828495071517	0.00018129665289071136
20.95977135185589	0.0001762407441328891
21.05771420864026	0.0001713258390520644
21.15565706542463	0.00016654800495373383
21.253599922209002	0.00016190341885015546
21.351542778993373	0.0001573883643982459
21.449485635777744	0.0001529992289230848
21.547428492562116	0.000148732500524623
21.645371349346487	0.00014458476526525772
21.743314206130858	0.00014055270443600495
21.84125706291523	0.00013663309189906384
21.9391999196996	0.00013282279150463028
22.03714277648397	0.000129118754579878
22.135085633268343	0.0001255180174880837
22.233028490052714	0.00012201769925593112
22.330971346837085	0.00011861499926708316
22.428914203621456	0.00011530719502016682
22.526857060405828	0.00011209163994936643
22.6247999171902	0.00010896576130587271
22.72274277397457	0.00010592705809848456
22.82068563075894	0.00010297309909170754
22.918628487543312	0.00010010152085974086
23.016571344327684	9.731002589478919e-05
23.114514201112055	9.459638076817995e-05
23.21245705789643	9.19584143428092e-05
23.3103999146808	8.939401603548123e-05
23.408342771465172	8.690113412774656e-05
23.506285628249543	8.447777412388295e-05
23.604228485033914	8.212199715470189e-05
23.702171341818286	7.983191842589956e-05
23.800114198602657	7.760570570970785e-05
23.898057055387024	7.544157787863543e-05
23.995999912171396	7.333780348012342e-05
24.093942768955767	7.129269935097196e-05
24.191885625740138	6.930462927042768e-05
24.28982848252451	6.73720026508517e-05
24.38777133930888	6.54932732649189e-05
24.485714196093255	6.366693800832811e-05
24.583657052877626	6.189153569703185e-05
24.681599909661998	6.016564589802187e-05
24.77954276644637	5.8487887792733376e-05
24.87748562323074	5.6856919072157415e-05
24.97542848001511	5.527143486277642e-05
25.073371336799482	5.373016668246226e-05
25.171314193583854	5.223188142550061e-05
25.269257050368225	5.077538037592853e-05
25.367199907152596	4.9359498248395395e-05
25.465142763936967	4.7983102255778394e-05
25.56308562072134	4.664509120280677e-05
25.661028477505713	4.5344394604968125e-05
25.75897133429008	4.407997183199173e-05
25.856914191074452	4.2850811275223166e-05
25.954857047858823	4.165592953822336e-05
26.052799904643194	4.049437064994393e-05
26.150742761427566	3.9365205299849176e-05
26.248685618211937	3.826753009437218e-05
26.346628474996308	3.720046683411002e-05
26.44457133178068	3.616316181117905e-05
26.54251418856505	3.515478512616823e-05
26.64045704534942	3.417453002414347e-05
26.738399902133793	3.322161224917181e-05
26.836342758918164	3.2295269416848235e-05
26.93428561570254	3.1394760404323565e-05
27.03222847248691	3.051936475734475e-05
27.13017132927128	2.966838211383314e-05
27.228114186055652	2.884113164353925e-05
27.326057042840024	2.803695150332596e-05
27.423999899624395	2.7255198307643726e-05
27.521942756408766	2.6495246613774384e-05
27.619885613193137	2.575648842143128e-05
27.717828469977505	2.5038332686315538e-05
27.815771326761876	2.4340204847239087e-05
27.913714183546247	2.3661546366436092e-05
28.01165704033062	2.3001814282694728e-05
28.10959989711499	2.2360480776951886e-05
28.207542753899364	2.1737032750003232e-05
28.305485610683736	2.113097141199054e-05
28.403428467468107	2.054181188333791e-05
28.501371324252478	1.9969082806817502e-05
28.59931418103685	1.9412325970434303e-05
28.69725703782122	1.887109594082855e-05
28.79519989460559	1.8344959706901655e-05
28.893142751389963	1.783349633338156e-05
28.991085608174334	1.733629662404944e-05
29.089028464958705	1.685296279435848e-05
29.186971321743076	1.638310815318322e-05
29.284914178527448	1.592635679344419e-05
29.38285703531182	1.548234329136087e-05
29.480799892096194	1.5050712414091795e-05
29.57874274888056	1.4631118835528392e-05
29.676685605664932	1.4223226860014763e-05
29.774628462449304	1.382671015377254e-05
29.87257131923367	1.3441251483815838e-05
29.970514176018046	1.3066542464147693e-05
30.06845703280242	1.2702283309034303e-05
30.16639988958679	1.2348182593160296e-05
30.264342746371163	1.200395701847293e-05
30.36228560315553	1.1669331187528343e-05
30.460228459939906	1.1344037383159128e-05
30.558171316724273	1.1027815354286283e-05
30.656114173508648	1.0720412107704726e-05
30.754057030293016	1.0421581705675452e-05
30.85199988707739	1.0131085069162521e-05
30.949942743861758	9.84868978655732e-06
31.047885600646133	9.574169927737292e-06
31.1458284574305	9.307305863310203e-06
31.243771314214875	9.047884088899252e-06
31.341714170999246	8.795697054328664e-06
31.439657027783618	8.550542997572859e-06
31.53759988456799	8.312225783336674e-06
31.635542741352356	8.080554746136977e-06
31.73348559813673	7.855344537760769e-06
31.8314284549211	7.636414978977128e-06
31.929371311705474	7.423590915384774e-06
32.027314168489845	7.216702077279634e-06
32.125257025274216	7.015582943430675e-06
32.22319988205859	6.820072608654412e-06
32.32114273884296	6.6300146550828665e-06
32.41908559562733	6.4452570270213215e-06
32.5170284524117	6.265651909296229e-06
32.61497130919607	6.091055608995658e-06
32.71291416598044	5.921328440507913e-06
32.810857022764814	5.756334613765911e-06
32.908799879549186	5.595942125608606e-06
33.00674273633356	5.4400226541717036e-06
33.10468559311793	5.288451456223936e-06
33.2026284499023	5.141107267366244e-06
33.30057130668667	4.9978722050142555e-06
33.39851416347104	4.858631674086395e-06
33.49645702025541	4.723274275322213e-06
33.594399877039784	4.591691716157385e-06
33.692342733824155	4.463778724084397e-06
33.790285590608526	4.3394329624293104e-06
33.888228447392905	4.21855494847743e-06
33.98617130417727	4.101047973882173e-06
34.08411416096165	3.986818027293697e-06
34.18205701774601	3.875773719145093e-06
34.27999987453038	3.767826208536418e-06
34.377942731314754	3.6628891321573458e-06
34.475885588099125	3.5608785351926376e-06
34.573828444883496	3.461712804153847e-06
34.67177130166787	3.3653126015846447e-06
34.76971415845224	3.2716008025870564e-06
34.86765701523661	3.1805024331176555e-06
34.96559987202098	3.091944610004626e-06
35.06354272880535	3.005856482637684e-06
35.16148558558973	2.9221691762841933e-06
35.259428442374094	2.8408157369859505e-06
35.35737129915847	2.761731077992704e-06
35.45531415594284	2.6848519276896247e-06
35.553257012727215	2.6101167789769025e-06
35.65119986951158	2.537465840060984e-06
35.74914272629596	2.4668409866184214e-06
35.84708558308032	2.398185715293297e-06
35.9450284398647	2.331445098491944e-06
36.042971296649064	2.2665657404381408e-06
36.14091415343344	2.2034957344539255e-06
36.23885701021781	2.1421846214316717e-06
36.33679986700218	2.0825833494642412e-06
36.434742723786556	2.0246442346012314e-06
36.53268558057092	1.9683209226994202e-06
36.6306284373553	1.9135683523371485e-06
36.72857129413966	1.8603427187629793e-06
36.82651415092404	1.8086014388498007e-06
36.924457007708405	1.7583031170262357e-06
37.02239986449278	1.7094075121581237e-06
37.12034272127715	1.6618755053536552e-06
37.218285578061526	1.6156690686663924e-06
37.31622843484589	1.5707512346709017e-06
37.41417129163027	1.5270860668872795e-06
37.51211414841463	1.4846386310299805e-06
37.61005700519901	1.4433749670587506e-06
37.70799986198338	1.4032620620089345e-06
37.80594271876775	1.3642678235795178e-06
37.903885575552124	1.3263610544576465e-06
38.001828432336495	1.2895114273592893e-06
38.099771289120866	1.2536894607660763e-06
38.19771414590523	1.2188664953383585e-06
38.29565700268961	1.1850146709864757e-06
38.39359985947397	1.152106904581357e-06
38.49154271625835	1.1201168682866676e-06
38.589485573042715	1.0890189684952206e-06
38.687428429827094	1.0587883253528388e-06
38.78537128661146	1.0294007528533199e-06
38.883314143395836	1.0008327394884285e-06
38.98125700018021	9.730614294373896e-07
39.07919985696458	9.460646042813214e-07
39.17714271374895	9.19820665227354e-07
39.27508557053333	8.943086158284092e-07
39.37302842731769	8.695080451851971e-07
39.47097128410207	8.453991116164262e-07
39.568914140886434	8.219625267844659e-07
39.66685699767081	7.991795402636691e-07
39.764799854455184	7.770319245392914e-07
39.86274271123955	7.555019604244254e-07
39.960685568023926	7.345724228838051e-07
40.05862842480829	7.142265672530134e-07
40.15657128159267	6.944481158418759e-07
40.25451413837703	6.752212449115215e-07
40.35245699516141	6.56530572014629e-07
40.450399851945775	6.383611436886852e-07
40.548342708730154	6.206984234925298e-07
40.64628556551452	6.035282803763981e-07
40.744228422298896	5.868369773765482e-07
40.84217127908326	5.70611160624754e-07
40.94011413586764	5.548378486648734e-07
41.03805699265201	5.395044220668041e-07
41.13599984943638	5.245986133304377e-07
41.23394270622075	5.10108497071013e-07
41.33188556300512	4.960224804782198e-07
41.429828419789494	4.823292940414504e-07
41.527771276573866	4.690179825335423e-07
41.62571413335824	4.5607789624613193e-07
41.72365699014261	4.434986824692965e-07
41.82159984692698	4.31270277208963e-07
41.91954270371134	4.193828971351403e-07
42.01748556049572	4.0782703175477284e-07
42.115428417280086	3.965934358030226e-07
42.213371274064464	3.856731218464109e-07
42.311314130848835	3.750573530925293e-07
42.409256987633206	3.64737636400164e-07
42.50719984441758	3.5470571548440755e-07
42.60514270120195	3.4495356431108623e-07
42.70308555798632	3.354733806756802e-07
42.80102841477069	3.2625757996113047e-07
42.89897127155506	3.172987890698446e-07
42.996914128339434	3.0858984052462996e-07
43.094856985123805	3.001237667346218e-07
43.192799841908176	2.918937944207154e-07
43.29074269869255	2.838933391966795e-07
43.38868555547692	2.761160003012254e-07
43.48662841226129	2.685555554772522e-07
43.58457126904566	2.6120595599360934e-07
43.68251412583003	2.540613218057793e-07
43.7804569826144	2.4711593685162385e-07
43.878399839398774	2.403642444783164e-07
43.976342696183146	2.338008429966552e-07
44.07428555296752	2.2742048135939627e-07
44.17222840975189	2.212180549603043e-07
44.27017126653626	2.1518860155011938e-07
44.36811412332063	2.0932729726643016e-07
44.466056980105	2.0362945277454511e-07
44.56399983688937	1.9809050951566438e-07
44.661942693673744	1.927060360599076e-07
44.759885550458115	1.8747172456080154e-07
44.85782840724249	1.8238338730884513e-07
44.95577126402686	1.7743695338124836e-07
45.053714120811236	1.7262846538489844e-07
45.1516569775956	1.6795407629018524e-07
45.24959983437998	1.6341004635331323e-07
45.34754269116434	1.5899274012428285e-07
45.44548554794872	1.5469862353834016e-07
45.543428404733085	1.5052426108847026e-07
45.641371261517456	1.4646631307701568e-07
45.73931411830183	1.4252153294354503e-07
45.8372569750862	1.3868676466756566e-07
45.93519983187057	1.3495894024357825e-07
46.03314268865494	1.313350772264071e-07
46.13108554543932	1.27812276345165e-07
46.22902840222368	1.2438771918377227e-07
46.32697125900806	1.2105866592587708e-07
46.424914115792426	1.1782245316303364e-07
46.522856972576804	1.1467649176377559e-07
46.62079982936117	1.1161826480229745e-07
46.718742686145546	1.086453255445247e-07
46.81668554292991	1.0575529549095052e-07
46.91462839971429	1.0294586247346019e-07
47.01257125649865	1.0021477880556872e-07
47.11051411328303	9.755985948419688e-08
47.208456970067395	9.497898044149308e-08
47.306399826851774	9.24700768455433e-08
47.404342683636145	9.003114144831416e-08
47.50228554042051	8.766022297984365e-08
47.60022839720489	8.535542458706745e-08
47.69817125398925	8.311490231624742e-08
47.79611411077363	8.093686363781152e-08
47.894056967557994	7.881956601208844e-08
47.99199982434237	7.676131549535823e-08
48.089942681126736	7.476046538443466e-08
48.187885537911114	7.28154148993632e-08
48.28582839469548	7.092460790261764e-08
48.38377125147986	6.90865316542023e-08
48.48171410826422	6.729971560135385e-08
48.5796569650486	6.556273020193863e-08
48.67759982183297	6.387418578087589e-08
48.77554267861734	6.223273141826176e-08
48.87348553540171	6.063705386863905e-08
48.971428392186084	5.908587651020754e-08
49.069371248970455	5.757795832359203e-08
49.167314105754826	5.61120928988717e-08
49.2652569625392	5.468710747043559e-08
49.36319981932357	5.330186197871224e-08
49.46114267610794	5.1955248158070275e-08
49.559085532892304	5.06461886500576e-08
49.65702838967668	4.937363614163962e-08
49.75497124646105	4.813657252716394e-08
49.852914103245425	4.693400809383645e-08
49.950856960029796	4.576498072999589e-08
50.04879981681417	4.462855515523979e-08
50.14674267359854	4.3523822172248805e-08
50.24468553038291	4.244989793937168e-08
50.34262838716728	4.1405923263463966e-08
50.44057124395165	4.039106291255465e-08
50.53851410073602	3.940450494756578e-08
50.636456957520394	3.8445460072707176e-08
50.734399814304766	3.751316100408701e-08
50.83234267108914	3.6606861855782464e-08
50.93028552787351	3.572583754307388e-08
51.02822838465788	3.486938320236879e-08
51.12617124144225	3.403681362733749e-08
51.22411409822662	3.3227462720595306e-08
51.32205695501099	3.2440682960883576e-08
51.419999811795364	3.1675844884950644e-08
51.517942668579735	3.0932336584013147e-08
51.61588552536411	3.020956321416624e-08
51.71382838214848	2.9506946520484465e-08
51.81177123893285	2.8823924374406545e-08
51.90971409571722	2.8159950323992828e-08
52.00765695250159	2.7514493156710958e-08
52.10559980928596	2.6887036474457875e-08
52.203542666070334	2.6277078280425996e-08
52.301485522854705	2.568413057746435e-08
52.399428379639076	2.5107718977705006e-08
52.497371236423454	2.4547382322919096e-08
52.59531409320782	2.4002672315683715e-08
52.6932569499922	2.347315316070436e-08
52.79119980677656	2.295840121604895e-08
52.88914266356094	2.245800465434127e-08
52.9870855203453	2.1971563133239308e-08
53.085028377129674	2.1498687475102874e-08
53.182971233914046	2.103899935566393e-08
53.28091409069842	2.0592131001345573e-08
53.37885694748279	2.0157724895057603e-08
53.47679980426716	1.9735433490100175e-08
53.57474266105153	1.9324918932137408e-08
53.6726855178359	1.8925852788896453e-08
53.77062837462028	1.8537915787472455e-08
53.868571231404644	1.8160797558741897e-08
53.96651408818902	1.779419638920487e-08
54.06445694497339	1.7437818979514785e-08
54.162399801757765	1.7091380209819867e-08
54.26034265854213	1.675460291172995e-08
54.35828551532651	1.6427217646477984e-08
54.45622837211087	1.6108962489405423e-08
54.55417122889525	1.5799582820412778e-08
54.652114085679614	1.5498831120198254e-08
54.75005694246399	1.520646677227976e-08
54.847999799248356	1.4922255870498888e-08
54.945942656032734	1.4645971031858613e-08
55.043885512817106	1.4377391214603746e-08
55.14182836960147	1.4116301541376802e-08
55.23977122638585	1.3862493127310525e-08
55.33771408317021	1.3615762912918303e-08
55.43565693995459	1.3375913501605568e-08
55.533599796738955	1.3142753001792538e-08
55.63154265352333	1.2916094873394813e-08
55.7294855103077	1.2695757778484798e-08
55.827428367092075	1.2481565436287081e-08
55.92537122387644	1.2273346482177649e-08
56.02331408066082	1.2070934330524303e-08
56.12125693744519	1.1874167041430512e-08
56.21919979422956	1.1682887191157798e-08
56.31714265101393	1.1496941746245865e-08
56.4150855077983	1.131618194093815e-08
56.513028364582674	1.114046315830988e-08
56.610971221367045	1.0969644814505467e-08
56.708914078151416	1.0803590246276537e-08
56.80685693493579	1.0642166601600621e-08
56.90479979172016	1.048524473342351e-08
57.00274264850452	1.0332699096362633e-08
57.1006855052889	1.0184407646247118e-08
57.198628362073265	1.0040251742451452e-08
57.29657121885764	9.900116052998832e-09
57.394514075642014	9.76388846230984e-09
57.492456932426386	9.631459981476848e-09
57.59039978921076	9.502724661030668e-09
57.68834264599513	9.377579506204223e-09
57.7862855027795	9.255924394631068e-09
57.88422835956387	9.137661996096067e-09
57.98217121634824	9.022697694735256e-09
58.08011407313261	8.910939513297433e-09
58.178056929916984	8.802298039630115e-09
58.275999786701355	8.69668635509327e-09
58.37394264348573	8.594019965025208e-09
58.4718855002701	8.494216731150607e-09
58.56982835705447	8.397196805873274e-09
58.66777121383885	8.30288256832925e-09
58.76571407062321	8.211198562425106e-09
58.86365692740758	8.122071436340022e-09
58.961599784191954	8.035429883907807e-09
59.059542640976325	7.95120458753922e-09
59.157485497760696	7.869328162718119e-09
59.25542835454507	7.789735104224442e-09
59.35337121132944	7.712361733634439e-09
59.45131406811381	7.637146148327706e-09
59.54925692489818	7.564028172063258e-09
59.64719978168255	7.492949306813654e-09
59.74514263846692	7.423852685900283e-09
59.84308549525129	7.356683028530215e-09
59.94102835203567	7.29138659563421e-09
60.03897120882004	7.227911146771442e-09
60.13691406560441	7.166205898383207e-09
60.234856922388786	7.106221483185118e-09
60.33279977917316	7.047909910635605e-09
60.43074263595752	6.991224528571612e-09
60.52868549274189	6.936119985810568e-09
60.62662834952627	6.882552195986536e-09
60.724571206310635	6.830478302194772e-09
60.82251406309501	6.77985664265998e-09
60.92045691987938	6.730646717533485e-09
61.018399776663756	6.682809156412734e-09
61.11634263344812	6.636305686850991e-09
61.21428549023249	6.591099103747213e-09
61.31222834701687	6.547153239563485e-09
61.41017120380124	6.5044329354178536e-09
61.508114060585605	6.462904012909041e-09
61.606056917369976	6.422533246835694e-09
61.703999774154354	6.383288338556634e-09
61.801942630938726	6.345137890202575e-09
61.89988548772309	6.3080513794858e-09
61.99782834450746	6.271999135361309e-09
62.09577120129184	6.236952314218943e-09
62.19371405807621	6.2028828768361e-09
62.291656914860575	6.169763565985799e-09
62.389599771644946	6.1375678845852946e-09
62.487542628429324	6.106270074471329e-09
62.585485485213695	6.075845095816398e-09
62.68342834199806	6.046268607133382e-09
62.78137119878244	6.017516945744196e-09
62.87931405556681	5.9895671089181364e-09
62.97725691235117	5.962396735373779e-09
63.075199769135544	5.935984087479281e-09
63.17314262591992	5.9103080337875315e-09
63.271085482704294	5.8853480321788225e-09
63.36902833948866	5.861084113414897e-09
63.46697119627303	5.837496865166584e-09
63.56491405305741	5.814567416438458e-09
63.66285690984178	5.7922774225436245e-09
63.76079976662614	5.770609050394206e-09
63.85874262341053	5.749544964231928e-09
63.95668548019489	5.729068311746173e-09
64.05462833697926	5.709162710603422e-09
64.15257119376363	5.6898122353354606e-09
64.250514050548	5.671001404619842e-09
64.34845690733238	5.6527151688091e-09
64.44639976411675	5.634938898062682e-09
64.54434262090112	5.617658370474112e-09
64.64228547768549	5.600859760772174e-09
64.74022833446986	5.58452962923257e-09
64.83817119125423	5.568654910967498e-09
64.93611404803859	5.55322290542568e-09
65.03405690482298	5.538221266227272e-09
65.13199976160735	5.5236379913144596e-09
65.22994261839172	5.509461413365176e-09
65.32788547517609	5.495680190426849e-09
65.42582833196046	5.482283296837168e-09
65.52377118874483	5.4692600144605665e-09
65.6217140455292	5.456599924044295e-09
65.71965690231357	5.444292896890211e-09
65.81759975909794	5.432329086784877e-09
65.91554261588232	5.420698922082739e-09
66.01348547266669	5.409393098071535e-09
66.11142832945106	5.3984025695481794e-09
66.20937118623543	5.387718543576422e-09
66.3073140430198	5.377332472416719e-09
66.40525689980417	5.367236046728767e-09
66.50319975658854	5.357421188874493e-09
66.60114261337291	5.347880046498492e-09
66.69908547015729	5.338604986228047e-09
66.79702832694166	5.329588587559722e-09
66.89497118372603	5.320823636951637e-09
66.9929140405104	5.312303122030555e-09
67.09085689729477	5.304020226014229e-09
67.18879975407914	5.295968322191151e-09
67.28674261086351	5.288140968644264e-09
67.38468546764788	5.280531903084697e-09
67.48262832443227	5.273135037915109e-09
67.58057118121663	5.265944455312172e-09
67.678514038001	5.2589544024621276e-09
67.77645689478537	5.252159286982896e-09
67.87439975156975	5.245553672489701e-09
67.97234260835411	5.239132274160696e-09
68.07028546513848	5.232889954580025e-09
68.16822832192285	5.22682171963352e-09
68.26617117870722	5.220922714433088e-09
68.3641140354916	5.215188219489843e-09
68.46205689227597	5.209613646973357e-09
68.55999974906034	5.204194536951758e-09
68.65794260584471	5.198926553890155e-09
68.75588546262908	5.193805483177756e-09
68.85382831941345	5.188827227698043e-09
68.95177117619784	5.1839878046237756e-09
69.0497140329822	5.179283342231124e-09
69.14765688976657	5.174710076723376e-09
69.24559974655094	5.170264349284249e-09
69.34354260333532	5.165942603169475e-09
69.44148546011968	5.161741380779251e-09
69.53942831690405	5.157657320926813e-09
69.63737117368842	5.1536871561883356e-09
69.73531403047281	5.149827710271961e-09
69.83325688725716	5.146075895468155e-09
69.93119974404154	5.14242871014789e-09
70.02914260082592	5.138883236418694e-09
70.12708545761028	5.135436637713727e-09
70.22502831439465	5.132086156634386e-09
70.32297117117902	5.128829112658969e-09
70.4209140279634	5.125662899985285e-09
70.51885688474776	5.122584985540682e-09
70.61679974153213	5.119592906853352e-09
70.7147425983165	5.116684270158037e-09
70.81268545510089	5.113856748410846e-09
70.91062831188525	5.111108079490622e-09
71.00857116866962	5.1084360643381355e-09
71.10651402545399	5.105838565253127e-09
71.20445688223838	5.103313504110036e-09
71.30239973902273	5.10085886074593e-09
71.4003425958071	5.098472671405844e-09
71.49828545259149	5.096153027011123e-09
71.59622830937586	5.093898071781753e-09
71.69417116616022	5.091706001657781e-09
71.79211402294459	5.08957506288337e-09
71.89005687972897	5.087503550667405e-09
71.98799973651334	5.08548980771971e-09
72.0859425932977	5.08353222294035e-09
72.18388545008207	5.081629230214173e-09
72.28182830686646	5.079779307080967e-09
72.37977116365082	5.077980973530007e-09
72.47771402043519	5.076232790832854e-09
72.57565687721957	5.074533360357032e-09
72.67359973400394	5.072881322561474e-09
72.7715425907883	5.071275355724091e-09
72.86948544757267	5.06971417500419e-09
72.96742830435706	5.068196531390089e-09
73.06537116114143	5.066721210809366e-09
73.16331401792579	5.0652870328947e-09
73.26125687471016	5.063892850256765e-09
73.35919973149454	5.062537547527515e-09
73.45714258827891	5.061220040422603e-09
73.55508544506327	5.05993927489947e-09
73.65302830184764	5.058694226277164e-09
73.75097115863203	5.0574838985092425e-09
73.8489140154164	5.056307323322721e-09
73.94685687220075	5.055163559395302e-09
74.04479972898514	5.0540516916952415e-09
74.14274258576951	5.052970830725538e-09
74.24068544255387	5.051920111748999e-09
74.33862829933824	5.050898694204642e-09
74.43657115612262	5.049905760913617e-09
74.534514012907	5.048940517524316e-09
74.63245686969135	5.0480021918139715e-09
74.73039972647572	5.047090033119404e-09
74.82834258326011	5.046203311705594e-09
74.92628544004448	5.0453413181438174e-09
75.02422829682884	5.044503362842853e-09
75.12217115361322	5.043688775412765e-09
75.2201140103976	5.042896904181766e-09
75.31805686718197	5.0421271156413176e-09
75.41599972396632	5.0413787939486405e-09
75.51394258075071	5.040651340477056e-09
75.61188543753508	5.039944173208474e-09
75.70982829431945	5.0392567264176734e-09
75.80777115110381	5.038588450126979e-09
75.9057140078882	5.03793880973792e-09
76.00365686467256	5.037307285514609e-09
76.10159972145692	5.036693372248888e-09
76.19954257824129	5.036096578839373e-09
76.29748543502568	5.035516427817882e-09
76.39542829181005	5.03495245506242e-09
76.4933711485944	5.034404209433625e-09
76.59131400537879	5.033871252305978e-09
76.68925686216316	5.0333531573381926e-09
76.78719971894753	5.0328495100235574e-09
76.88514257573189	5.0323599074938094e-09
76.98308543251628	5.031883958031208e-09
77.08102828930065	5.031421280915462e-09
77.17897114608502	5.030971506012342e-09
77.27691400286938	5.03053427348188e-09
77.37485685965376	5.030109233567893e-09
77.47279971643813	5.029696046234432e-09
77.5707425732225	5.0292943809361705e-09
77.66868543000687	5.02890391636487e-09
77.76662828679125	5.028524340152803e-09
77.86457114357562	5.0281553486479265e-09
77.96251400035999	5.02779664669383e-09
78.06045685714436	5.027447947314026e-09
78.15839971392873	5.027108971549306e-09
78.2563425707131	5.026779448247261e-09
78.35428542749746	5.0264591138278895e-09
78.45222828428184	5.026147712010933e-09
78.55017114106622	5.025844993691499e-09
78.64811399785059	5.025550716715238e-09
78.74605685463494	5.025264645672646e-09
78.84399971141933	5.024986551750777e-09
78.9419425682037	5.024716212460573e-09
79.03988542498807	5.024453411550766e-09
79.13782828177244	5.024197938806967e-09
79.23577113855681	5.023949589884234e-09
79.33371399534118	5.02370816610617e-09
79.43165685212556	5.023473474354895e-09
79.52959970890993	5.0232453268797065e-09
79.6275425656943	5.023023541201405e-09
79.72548542247867	5.0228079398970366e-09
79.82342827926304	5.022598350532918e-09
79.92137113604741	5.022394605406327e-09
80.01931399283178	5.022196541569419e-09
80.11725684961615	5.0220040005900485e-09
80.21519970640053	5.021816828480015e-09
80.3131425631849	5.0216348754750185e-09
80.41108541996927	5.0214579960681445e-09
80.50902827675364	5.0212860487611185e-09
80.60697113353801	5.021118896021251e-09
80.70491399032238	5.02095640415707e-09
80.80285684710675	5.020798443179592e-09
80.90079970389112	5.020644886759271e-09
80.9987425606755	5.020495612058575e-09
81.09668541745987	5.0203504997128505e-09
81.19462827424424	5.020209433648546e-09
81.29257113102861	5.020072301025811e-09
81.39051398781298	5.0199389921571714e-09
81.48845684459735	5.0198094004214296e-09
81.58639970138172	5.019683422177556e-09
81.6843425581661	5.019560956664237e-09
81.78228541495046	5.019441905942472e-09
81.88022827173484	5.019326174799896e-09
81.97817112851921	5.019213670659902e-09
82.07611398530358	5.019104303538578e-09
82.17405684208795	5.01899798598253e-09
82.27199969887232	5.018894632963634e-09
82.36994255565669	5.0187941618120745e-09
82.46788541244106	5.018696492211555e-09
82.56582826922543	5.0186015460175246e-09
82.6637711260098	5.0185092473050125e-09
82.76171398279419	5.018419522253823e-09
82.85965683957855	5.0183322991150515e-09
82.95759969636292	5.018247508158463e-09
83.05554255314729	5.018165081538552e-09
83.15348540993168	5.0180849533519456e-09
83.25142826671603	5.018007059536952e-09
83.3493711235004	5.017931337811368e-09
83.44731398028478	5.017857727634216e-09
83.54525683706915	5.017786170119632e-09
83.64319969385352	5.017716608060794e-09
83.74114255063789	5.0176489858342405e-09
83.83908540742227	5.017583249361609e-09
83.93702826420663	5.01751934609528e-09
84.034971120991	5.017457224956195e-09
84.13291397777537	5.017396836233397e-09
84.23085683455976	5.017338131665356e-09
84.32879969134412	5.017281064310808e-09
84.42674254812849	5.01722558852484e-09
84.52468540491286	5.017171659978022e-09
84.62262826169724	5.017119235565521e-09
84.7205711184816	5.017068273349698e-09
84.81851397526597	5.01701873261751e-09
84.91645683205034	5.016970573751353e-09
85.01439968883473	5.016923758267331e-09
85.11234254561909	5.01687824871002e-09
85.21028540240346	5.0168340087337836e-09
85.30822825918784	5.016791002968837e-09
85.4061711159722	5.0167491970260274e-09
85.50411397275657	5.016708557492055e-09
85.60205682954094	5.0166690518768496e-09
85.69999968632533	5.016630648613571e-09
85.79794254310968	5.016593317034692e-09
85.89588539989406	5.016557027257193e-09
85.99382825667843	5.016521750287801e-09
86.09177111346281	5.016487457956016e-09
86.18971397024717	5.016454122861497e-09
86.28765682703154	5.01642171835014e-09
86.38559968381593	5.016390218537997e-09
86.4835425406003	5.0163595982730095e-09
86.58148539738465	5.016329833058467e-09
86.67942825416903	5.016300899100846e-09
86.77737111095341	5.016272773300242e-09
86.87531396773778	5.016245433164267e-09
86.97325682452214	5.016218856879798e-09
87.07119968130651	5.01619302321731e-09
87.1691425380909	5.016167911526092e-09
87.26708539487525	5.0161435017629455e-09
87.36502825165962	5.016119774406086e-09
87.462971108444	5.016096710522104e-09
87.56091396522838	5.016074291670303e-09
87.65885682201274	5.016052499940963e-09
87.75679967879711	5.016031317936204e-09
87.8547425355815	5.0160107287556404e-09
87.95268539236586	5.0159907159628955e-09
88.05062824915022	5.015971263571247e-09
88.1485711059346	5.0159523560340615e-09
88.24651396271898	5.015933978283064e-09
88.34445681950335	5.015916115627884e-09
88.4423996762877	5.01589875379432e-09
88.54034253307208	5.015881878938693e-09
88.63828538985646	5.015865477614364e-09
88.73622824664083	5.015849536704755e-09
88.83417110342519	5.01583404347598e-09
88.93211396020958	5.015818985586405e-09
89.03005681699395	5.015804351038813e-09
89.12799967377832	5.015790128103867e-09
89.22594253056268	5.015776305463618e-09
89.32388538734706	5.015762872087133e-09
89.42182824413143	5.015749817263978e-09
89.51977110091579	5.0157371305563825e-09
89.61771395770016	5.015724801866211e-09
89.71565681448455	5.015712821372775e-09
89.81359967126892	5.015701179499348e-09
89.91154252805327	5.0156898669514376e-09
90.00948538483765	5.0156788747215626e-09
90.10742824162203	5.015668194070124e-09
90.2053710984064	5.015657816458433e-09
90.30331395519076	5.0156477336204634e-09
90.40125681197514	5.015637937519803e-09
90.49919966875952	5.0156284203496505e-09
90.59714252554389	5.0156191745471664e-09
90.69508538232824	5.015610192726506e-09
90.79302823911263	5.015601467741e-09
90.890971095897	5.015592992644891e-09
90.98891395268137	5.01558476068855e-09
91.08685680946573	5.015576765323257e-09
91.18479966625011	5.015569000162934e-09
91.28274252303449	5.015561459031978e-09
91.38068537981884	5.015554135946132e-09
91.47862823660323	5.015547025059864e-09
91.5765710933876	5.0155401207189824e-09
91.67451395017197	5.01553341742237e-09
91.77245680695633	5.015526909850688e-09
91.87039966374071	5.015520592813751e-09
91.96834252052508	5.015514461307937e-09
92.06628537730946	5.015508510444427e-09
92.16422823409381	5.015502735482694e-09
92.2621710908782	5.015497131849638e-09
92.36011394766257	5.015491695091744e-09
92.45805680444694	5.015486420899008e-09
92.5559996612313	5.015481305061881e-09
92.65394251801568	5.015476343519102e-09
92.75188537480005	5.01547153234814e-09
92.84982823158442	5.015466867741262e-09
92.9477710883688	5.015462345986412e-09
93.04571394515317	5.015457963486339e-09
93.14365680193754	5.015453716787298e-09
93.2415996587219	5.0154496024977305e-09
93.33954251550628	5.015445617350454e-09
93.43748537229065	5.015441758197872e-09
93.53542822907502	5.015438022002411e-09
93.63337108585938	5.01543440580782e-09
93.73131394264377	5.015430906724816e-09
93.82925679942814	5.015427521993275e-09
93.92719965621251	5.015424248963095e-09
94.02514251299688	5.015421085032007e-09
94.12308536978125	5.015418027674282e-09
94.22102822656562	5.0154150744789954e-09
94.31897108335	5.015412223135679e-09
94.41691394013436	5.015409471391266e-09
94.51485679691874	5.015406817097931e-09
94.6127996537031	5.015404258131763e-09
94.71074251048748	5.0154017924788764e-09
94.80868536727185	5.0153994182114885e-09
94.90662822405622	5.015397133454436e-09
95.00457108084059	5.0153949363947425e-09
95.10251393762496	5.015392825300752e-09
95.20045679440933	5.015390798546047e-09
95.2983996511937	5.01538885452813e-09
95.39634250797808	5.015386991716255e-09
95.49428536476245	5.01538520866578e-09
95.59222822154682	5.015383503955984e-09
95.69017107833119	5.015381876271381e-09
95.78811393511556	5.01538032435389e-09
95.88605679189993	5.015378846978915e-09
95.9839996486843	5.015377442998397e-09
96.08194250546867	5.01537611132168e-09
96.17988536225305	5.015374850934645e-09
96.27782821903742	5.015373660813605e-09
96.37577107582179	5.0153725400401145e-09
96.47371393260616	5.015371487767479e-09
96.57165678939053	5.015370503187274e-09
96.6695996461749	5.015369585543694e-09
96.76754250295927	5.0153687341431195e-09
96.86548535974364	5.01536794831585e-09
96.96342821652802	5.015367227468721e-09
97.06137107331239	5.015366571046838e-09
97.15931393009676	5.015365978571843e-09
97.25725678688113	5.015365449584512e-09
97.3551996436655	5.015364983687808e-09
97.45314250044987	5.01536458058515e-09
97.55108535723424	5.015364239946469e-09
97.64902821401861	5.0153639615565056e-09
97.74697107080299	5.015363745199999e-09
97.84491392758736	5.015363590752575e-09
97.94285678437173	5.015363498104211e-09
97.94285678437338	5.015363467221424e-09
