0.0	0.19105546432566015
3.097225079822949	0.1910554643251837
6.194450159645898	0.16646072131781164
9.291675239468848	0.14747681849132838
12.388900319291796	0.1323806832185736
15.486125399114746	0.12008917731010531
18.583350478937696	0.10988729069612553
21.680575558760644	0.10128400776076368
24.777800638583592	0.09393096915342711
27.87502571840654	0.08757417458422122
30.972250798229492	0.082024061834076
34.06947587805244	0.07713629173217099
37.166700957875385	0.07279902168343112
40.26392603769833	0.06892424779738383
43.36115111752128	0.06544177492607835
46.458376197344236	0.062294928856544425
49.555601277167185	0.059437450420080466
52.65282635699013	0.05683120813006003
55.75005143681309	0.05444448827248789
58.847276516636036	0.052250699241685176
61.944501596459	0.05022737758458973
65.04172667628195	0.04835541685133418
68.13895175610489	0.046618463082437146
71.23617683592785	0.04500243638358385
74.3334019157508	0.04349514893676571
77.43062699557375	0.042085997506506385
80.5278520753967	0.040765714025523564
83.62507715521964	0.03952616185208304
86.7223022350426	0.03836016823096302
89.81952731486555	0.0372613856686205
92.9167523946885	0.036224176563601856
96.01397747451145	0.03524351666457553
99.11120255433441	0.03431491386626423
102.20842763415736	0.033434339573711426
105.30565271398031	0.032598170422486396
108.40287779380327	0.0318031385765952
111.5001028736262	0.0310462891664723
114.59732795344917	0.030324943698355478
117.69455303327211	0.02963666847997258
120.79177811309508	0.028979247278146415
123.88900319291801	0.028350657561037575
126.98622827274096	0.02774904978847161
130.08345335256394	0.027172729303660357
133.18067843238688	0.02662014045290643
136.27790351220983	0.026089852619906217
139.37512859203278	0.02558054791065196
142.47235367185573	0.025091010265732263
145.5695787516787	0.024620115810670418
148.66680383150162	0.02416682428311557
151.76402891132457	0.02373017139924694
154.86125399114752	0.023309262041496703
157.95847907097047	0.022903264166311894
161.05570415079345	0.022511403344701978
164.15292923061637	0.02213295786019671
167.2501543104393	0.021767254298928417
170.3473793902623	0.021413663575147845
173.44460447008524	0.021071597342825366
176.54182954990816	0.02074050475027922
179.63905462973113	0.02041986950017441
182.73627970955408	0.02010920718188736
185.83350478937706	0.019808062847246226
188.9307298692	0.019516008804130344
192.02795494902293	0.019232642605424722
195.1251800288459	0.018957585213443436
198.22240510866885	0.018690479322216187
201.3196301884918	0.018430987822022533
204.41685526831475	0.01817879239229903
207.5140803481377	0.017933592210570004
210.61130542796064	0.01769510276639185
213.70853050778362	0.017463054770478933
216.80575558760657	0.01723719315021727
219.9029806674295	0.017017276123688606
223.00020574725247	0.016803074345137867
226.0974308270754	0.016594370115534753
229.19465590689836	0.016390956652516987
232.2918809867213	0.016192637414568656
235.38910606654426	0.01599922547479049
238.48633114636723	0.01581054294006783
241.58355622619015	0.015626420411842604
244.68078130601313	0.01544669648505356
247.77800638583608	0.01527121728212961
250.875231465659	0.015099836019208307
253.97245654548198	0.01493241260200922
257.06968162530495	0.014768813249023682
260.1669067051279	0.014608910139890756
263.26413178495085	0.014452581087016988
266.36135686477377	0.014299709228666937
269.45858194459674	0.014150182741904289
272.55580702441966	0.014003894573901632
275.65303210424264	0.013860742190262065
278.7502571840656	0.013720627339109193
281.84748226388854	0.013583455829804778
284.9447073437115	0.013449137325246763
288.0419324235345	0.013317585146785124
291.1391575033574	0.01318871609087025
294.23638258318033	0.013062450256618813
297.3336076630033	0.012938710883546166
300.4308327428262	0.012817424198772753
303.5280578226492	0.012698519273065438
306.6252829024722	0.01258192788512342
309.7225079822951	0.012467584393563104
312.8197330621181	0.012355425616097121
315.91695814194105	0.012245390715440212
319.014183221764	0.01213742109150906
322.1114083015869	0.012031460279514655
325.20863338140987	0.01192745385357485
328.3058584612328	0.011825349335501332
331.40308354105576	0.011725096108439829
334.50030862087874	0.011626645335064925
337.59753370070166	0.011529949880051689
340.69475878052464	0.011434964236565493
343.7919838603476	0.011341644456529154
346.88920894017053	0.011249948084442867
349.98643401999345	0.01115983409454752
353.08365909981643	0.011071262831135997
356.18088417963935	0.010984195951829994
359.2781092594623	0.010898596373651856
362.3753343392853	0.010814428221732082
365.4725594191082	0.010731656780503425
368.5697844989312	0.010650248447242064
371.6670095787542	0.01057017068782524
374.7642346585771	0.010491391994582922
377.8614597384	0.010413881846128825
380.958684818223	0.010337610669063125
384.05590989804597	0.010262549801445956
387.1531349778689	0.010188671457946857
390.25036005769186	0.010115948696581169
393.34758513751484	0.010044355386949672
396.44481021733776	0.009973866179902842
399.54203529716074	0.009904456478555694
402.6392603769837	0.009836102410583589
405.7364854568066	0.009768780801733452
408.83371053662955	0.009702469150488623
411.93093561645253	0.009637145603829174
415.02816069627545	0.00957278893403279
418.1253857760984	0.00950937851646452
421.2226108559214	0.009446894308306504
424.3198359357443	0.009385316828181667
427.4170610155673	0.009324627136627772
430.5142860953903	0.009264806817380773
433.61151117521314	0.009205837959428578
436.7087362550361	0.009147703139798478
439.8059613348591	0.009090385407043504
442.903186414682	0.009033868265394783
446.000411494505	0.008978135659548823
449.09763657432796	0.008923171960060207
452.1948616541509	0.008868961949311764
455.29208673397386	0.008815490808035805
458.38931181379684	0.008762744102361284
461.4865368936197	0.00871070777136313
464.5837619734427	0.008659368115091166
467.68098705326565	0.008608711783057214
470.7782121330886	0.008558725763160044
473.87543721291155	0.008509397371028855
476.97266229273447	0.008460714239767
480.0698873725575	0.008412664310078442
483.1671124523804	0.008365235820760463
486.26433753220334	0.008318417299546828
489.3615626120263	0.00827219755428643
492.45878769184924	0.008226565664443174
495.55601277167216	0.008181510972903542
498.6532378514952	0.008137023078078877
501.7504629313181	0.008093091826290167
504.84768801114103	0.008049707304423531
507.94491309096406	0.008006859832845305
511.042138170787	0.007964539958566056
514.1393632506099	0.007922738448643383
517.2365883304329	0.007881446283813837
520.3338134102559	0.007840654652344735
523.4310384900788	0.007800354944097038
526.5282635699018	0.007760538744790914
529.6254886497246	0.007721197830465936
532.7227137295475	0.007682324162128278
535.8199388093706	0.007643909880577552
538.9171638891935	0.007605947301406326
542.0143889690164	0.007568428910165607
545.1116140488394	0.007531347357689919
548.2088391286624	0.00749469545557585
551.3060642084854	0.007458466171808224
554.4032892883083	0.007422652626528321
557.5005143681312	0.007387248087938756
560.5977394479543	0.007352245968339947
563.6949645277772	0.007317639820293207
566.7921896076001	0.007283423332905823
569.8894146874231	0.007249590328233572
572.9866397672461	0.007216134757796398
576.083864847069	0.007183050699203106
579.181089926892	0.007150332352881116
582.2783150067149	0.007117974038907484
585.3755400865377	0.007085970193937538
588.4727651663608	0.007054315368227668
591.5699902461837	0.007023004222748878
594.6672153260066	0.006992031526387928
597.7644404058296	0.006961392153232962
600.8616654856526	0.006931081079940654
603.9588905654755	0.006901093383182047
607.0561156452985	0.006871424237164347
610.1533407251214	0.006842068911226044
613.2505658049444	0.006813022767502856
616.3477908847674	0.006784281258662057
619.4450159645902	0.006755839925702874
622.5422410444131	0.006727694395820724
625.639466124236	0.006699840380333105
628.7366912040588	0.006672273672665128
631.8339162838818	0.0066449901463926505
634.9311413637047	0.006617985753341123
638.0283664435275	0.006591256521738302
641.1255915233504	0.006564798554419062
644.2228166031733	0.006538608027080588
647.3200416829961	0.00651268118658632
650.417266762819	0.00648701434931706
653.514491842642	0.006461603899567718
656.6117169224649	0.00643644628798824
659.7089420022877	0.006411538030067284
662.8061670821106	0.006386875704657308
665.9033921619335	0.006362455952539739
669.0006172417563	0.00633827547502896
672.0978423215793	0.006314331032613899
675.1950674014022	0.006290619443636049
678.292292481225	0.00626713758300277
681.3895175610479	0.006243882380934791
684.4867426408708	0.006220850821746852
687.5839677206936	0.0061980399426604695
690.6811928005166	0.00617544683264784
693.7784178803395	0.006153068631305928
696.8756429601623	0.006130902527759842
699.9728680399852	0.006108945759594586
703.0700931198081	0.006087195611814361
706.167318199631	0.006065649415828568
709.2645432794538	0.0060443045484637305
712.3617683592768	0.006023158431000566
715.4589934390997	0.006002208528235455
718.5562185189225	0.005981452347565598
721.6534435987454	0.0059608874380971625
724.7506686785682	0.005940511389775744
727.8478937583911	0.0059203218325385035
730.9451188382141	0.005900316435487341
734.0423439180369	0.005880492906082508
737.1395689978598	0.00586084898935607
740.2367940776826	0.005841382467144648
743.3340191575055	0.005822091157340889
746.4312442373284	0.005802972913163145
749.5284693171512	0.005784025622442831
752.6256943969742	0.005765247206928974
755.7229194767971	0.005746635621609471
758.8201445566199	0.005728188854048583
761.9173696364428	0.005709904923740226
765.0145947162657	0.005691781881476602
768.1118197960885	0.005673817808731768
771.2090448759114	0.005656010817059721
774.3062699557344	0.005638359047506601
777.4034950355572	0.005620860670036633
780.5007201153801	0.005603513882971427
783.597945195203	0.005586316912442284
786.6951702750258	0.005569268011855154
789.7923953548487	0.005552365461367897
792.8896204346717	0.005535607567379539
795.9868455144946	0.005518992662031176
799.0840705943174	0.005502519102718243
802.1812956741403	0.005486185271613834
805.2785207539632	0.005469989575202777
808.375745833786	0.005453930443826196
811.472970913609	0.005438006331236282
814.5701959934319	0.005422215714160987
817.6674210732547	0.005406557091878422
820.7646461530776	0.005391028985800669
823.8618712329005	0.005375629939066794
826.9590963127233	0.005360358516144802
830.0563213925462	0.005345213302442325
833.1535464723692	0.005330192903925809
836.250771552192	0.0053152959467479815
839.3479966320149	0.005300521076883404
842.4452217118378	0.005285866959771893
845.5424467916607	0.005271332279969613
848.6396718714835	0.005256915740807658
851.7368969513064	0.005242616064057929
854.8341220311294	0.005228431989606121
857.9313471109522	0.005214362275131656
861.0285721907751	0.0052004056957943795
864.125797270598	0.005186561043927859
867.2230223504208	0.005172827128739124
870.3202474302437	0.005159202776014692
873.4174725100667	0.00514568682783271
876.5146975898895	0.005132278142281098
879.6119226697124	0.005118975593181511
882.7091477495353	0.005105778069819009
885.8063728293581	0.005092684476677278
888.903597909181	0.005079693733179284
892.000822989004	0.005066804773433222
895.0980480688269	0.005054016545983636
898.1952731486497	0.005041328013567587
901.2924982284726	0.005028738152875752
904.3897233082955	0.00501624595431834
907.4869483881183	0.0050038504217957075
910.5841734679412	0.004991550572473557
913.6813985477642	0.0049793454365626355
916.778623627587	0.004967234057102803
919.8758487074099	0.004955215489751381
922.9730737872328	0.004943288802575687
926.0702988670556	0.004931453075849649
929.1675239468785	0.0049197074018544115
932.2647490267015	0.004908050884682843
935.3619741065244	0.004896482640047856
938.4591991863472	0.004885001795094446
941.5564242661701	0.004873607488215381
944.653649345993	0.004862298868870441
947.7508744258158	0.004851075097409139
950.8480995056387	0.004839935344896846
953.9453245854615	0.004828878792944239
957.0425496652845	0.0048179046335399935
960.1397747451074	0.004807012068886671
963.2369998249303	0.004796200311239699
966.3342249047532	0.0047854685827494
969.4314499845761	0.0047748161153059925
972.5286750643988	0.0047642421503874995
975.6259001442218	0.0047537459389105025
978.7231252240447	0.004743326741083679
981.8203503038676	0.004732983826264063
984.9175753836905	0.004722716472815967
988.0148004635134	0.004712523967972514
991.1120255433361	0.004702405607699718
994.209250623159	0.004692360696563056
997.306475702982	0.004682388547596495
1000.4037007828049	0.004672488482173896
1003.5009258626277	0.0046626598298827645
1006.5981509424506	0.004652901928400286
1009.6953760222735	0.004643214123371617
1012.7926011020963	0.00463359576829035
1015.8898261819191	0.004624046224381143
1018.9870512617421	0.004614564860484449
1022.084276341565	0.004605151052943304
1025.181501421388	0.0045958041854921305
1028.278726501211	0.004586523649147518
1031.3759515810336	0.004577308842100941
1034.4731766608566	0.0045681591696133655
1037.5704017406795	0.004559074043911719
1040.6676268205024	0.004550052884087165
1043.7648519003253	0.004541095115995177
1046.8620769801482	0.00453220017215734
1049.959302059971	0.004523367491664867
1053.0565271397938	0.004514596520083794
1056.1537522196168	0.0045058867093618095
1059.2509772994397	0.00449723751773669
1062.3482023792626	0.004488648409646322
1065.4454274590855	0.00448011885564025
1068.5426525389084	0.004471648332292756
1071.6398776187311	0.004463236322117408
1074.737102698554	0.004454882313483068
1077.834327778377	0.00444658580053132
1080.9315528582	0.004438346283095307
1084.0287779380228	0.004430163266619915
1087.1260030178457	0.004422036262083321
1090.2232280976684	0.004413964785919845
1093.3204531774913	0.004405948359944092
1096.4176782573143	0.0043979865112763646
1099.5149033371372	0.004390078772269316
1102.61212841696	0.004382224680435808
1105.709353496783	0.004374423778377982
1108.806578576606	0.004366675613717479
1111.9038036564286	0.004358979739026825
1115.0010287362516	0.004351335711761927
1118.0982538160745	0.004343743094195685
1121.1954788958974	0.004336201453352684
1124.2927039757203	0.004328710360944939
1127.389929055543	0.0043212693933087016
1130.487154135366	0.004313878131342268
1133.5843792151888	0.004306536160444807
1136.6816042950118	0.004299243070456166
1139.7788293748345	0.004291998455597641
1142.8760544546574	0.0042848019144137
1145.9732795344803	0.004277653049714629
1149.0705046143032	0.004270551468520107
1152.1677296941261	0.0042634967820036574
1155.2649547739488	0.004256488605437992
1158.3621798537717	0.004249526558141217
1161.4594049335947	0.004242610263423882
1164.5566300134176	0.004235739348536862
1167.6538550932405	0.0042289134446200655
1170.7510801730632	0.004222132186651931
1173.8483052528861	0.004215395213399717
1176.945530332709	0.0042087021673705705
1180.042755412532	0.004202052694763344
1183.1399804923549	0.004195446445421163
1186.2372055721778	0.004188883072784731
1189.3344306520005	0.0041823622338463436
1192.4316557318234	0.004175883589104613
1195.5288808116463	0.0041694468025198885
1198.6261058914693	0.004163051541470353
1201.7233309712922	0.00415669747670879
1204.820556051115	0.00415038428232001
1207.917781130938	0.004144111635678919
1211.0150062107607	0.004137879217409226
1214.1122312905836	0.004131686711342763
1217.2094563704065	0.0041255338044794325
1220.3066814502295	0.004119420186947738
1223.4039065300524	0.004113345551965922
1226.5011316098753	0.004107309595803675
1229.598356689698	0.004101312017744411
1232.695581769521	0.004095352520048121
1235.7928068493438	0.004089430807914754
1238.8900319291668	0.004083546589448155
1241.9872570089897	0.004077699575620532
1245.0844820888126	0.004071889480237442
1248.1817071686355	0.004066116019903296
1251.2789322484584	0.004060378913987361
1254.3761573282814	0.004054677884590269
1257.4733824081043	0.004049012656511004
1260.5706074879272	0.004043382957214376
1263.6678325677499	0.004037788516798965
1266.7650576475728	0.004032229067965525
1269.8622827273957	0.004026704345985843
1272.9595078072186	0.0040212140886720605
1276.0567328870416	0.004015758036346411
1279.1539579668645	0.004010335931811415
1282.2511830466872	0.004004947520320484
1285.34840812651	0.003999592549548955
1288.445633206333	0.003994270769565527
1291.542858286156	0.003988981932804112
1294.6400833659789	0.003983725794036077
1297.7373084458018	0.003978502110342883
1300.8345335256247	0.003973310641089108
1303.9317586054474	0.003968151147895845
1307.0289836852703	0.003963023394614484
1310.1262087650932	0.003957927147300844
1313.2234338449161	0.003952862174189685
1316.320658924739	0.003947828245669559
1319.417884004562	0.00394282513425802
1322.5151090843847	0.0039378526145771725
1325.6123341642076	0.0039329104633295635
1328.7095592440305	0.003927998459274398
1331.8067843238534	0.003923116383204093
1334.9040094036764	0.003918264017921146
1338.0012344834993	0.0039134411482153195
1341.098459563322	0.003908647560841145
1344.195684643145	0.003903883044495725
1347.2929097229678	0.0038991473897968462
1350.3901348027907	0.003894440389261378
1353.4873598826136	0.0038897618372839746
1356.5845849624366	0.0038851115301160627
1359.6818100422595	0.0038804892658451046
1362.7790351220822	0.0038758948443741517
1365.876260201905	0.003871328067401663
1368.973485281728	0.0038667887384016015
1372.070710361551	0.0038622766626037895
1375.1679354413739	0.0038577916469745327
1378.2651605211968	0.0038533335001974963
1381.3623856010195	0.003848902032654838
1384.4596106808424	0.003844497056408591
1387.5568357606653	0.0038401183851822914
1390.6540608404882	0.0038357658343428505
1393.7512859203111	0.003831439220882662
1396.848511000134	0.003827138363401946
1399.945736079957	0.0038228630820913274
1403.0429611597797	0.003818613198714634
1406.1401862396026	0.0038143885365919286
1409.2374113194255	0.003810188920582755
1412.3346363992484	0.003806014177069604
1415.4318614790714	0.0038018641339415946
1418.5290865588943	0.0037977386205783636
1421.626311638717	0.003793637467834164
1424.72353671854	0.0037895605080221725
1427.8207617983628	0.003785507574898991
1430.9179868781857	0.00378147850364935
1434.0152119580086	0.003777473130871014
1437.1124370378316	0.003773491294559866
1440.2096621176545	0.003769532834095195
1443.3068871974772	0.003765597590225164
1446.4041122773	0.0037616854050524636
1449.501337357123	0.003757796122020145
1452.598562436946	0.003753929585897639
1455.6957875167689	0.0037500856427669415
1458.7930125965918	0.003746264140008979
1461.8902376764145	0.0037424649262901444
1464.9874627562374	0.003738687851549001
1468.0846878360603	0.00373493276698315
1471.1819129158832	0.0037311995250362676
1474.2791379957062	0.0037274879793852966
1477.376363075529	0.003723797984927804
1480.4735881553518	0.0037201293977694866
1483.5708132351747	0.003716482075211843
1486.6680383149976	0.0037128558757399855
1489.7652633948205	0.0037092506590106094
1492.8624884746434	0.003705666285840109
1495.9597135544664	0.0037021026181928395
1499.0569386342893	0.0036985595191695183
1502.154163714112	0.003695036852995776
1505.251388793935	0.0036915344850108394
1508.3486138737578	0.0036880522816563565
1511.4458389535807	0.003684590110465356
1514.5430640334037	0.0036811478400513398
1517.6402891132266	0.0036777253400975107
1520.7375141930493	0.0036743224813461234
1523.8347392728722	0.0036709391355879703
1526.931964352695	0.0036675751756519936
1530.029189432518	0.0036642304753950134
1533.126414512341	0.003660904909691592
1536.2236395921639	0.0036575983544240077
1539.3208646719868	0.0036543106864723542
1542.4180897518095	0.0036510417837047563
1545.5153148316324	0.003647791524967703
1548.6125399114553	0.003644559790076492
1551.7097649912782	0.0036413464598057913
1554.8069900711012	0.0036381514158803085
1557.904215150924	0.0036349745409655736
1561.0014402307468	0.0036318157186588256
1564.0986653105697	0.0036286748334800113
1567.1958903903926	0.0036255517708628877
1570.2931154702155	0.0036224464171462243
1573.3903405500384	0.0036193586595651135
1576.4875656298614	0.0036162883862423814
1579.584790709684	0.0036132354861800955
1582.682015789507	0.0036101998492511717
1585.77924086933	0.0036071813661910828
1588.8764659491528	0.003604179928589655
1591.9736910289757	0.003601195428882967
1595.0709161087987	0.003598227760345337
1598.1681411886216	0.0035952768170814027
1601.2653662684443	0.003592342494018296
1604.3625913482672	0.0035894246868979
1607.45981642809	0.0035865232922692018
1610.557041507913	0.0035836382074807276
1613.654266587736	0.003580769330673066
1616.7514916675589	0.0035779165607714757
1619.8487167473816	0.0035750797974785768
1622.9459418272045	0.0035722589412671255
1626.0431669070274	0.00356945389337287
1629.1403919868503	0.0035666645557874853
1632.2376170666732	0.0035638908312515924
1635.3348421464962	0.0035611326232478477
1638.432067226319	0.003558389835994119
1641.5292923061418	0.0035556623744367314
1644.6265173859647	0.0035529501442437914
1647.7237424657876	0.0035502530517985843
1650.8209675456105	0.0035475710041930463
1653.9181926254332	0.003544903909221306
1657.0154177052561	0.003542251675373304
1660.112642785079	0.0035396142118284744
1663.209867864902	0.003536991428449503
1666.307092944725	0.0035343832357761524
1669.4043180245476	0.003531789545019152
1672.5015431043705	0.0035292102680541597
1675.5987681841934	0.0035266453174157874
1678.6959932640164	0.0035240946062916906
1681.793218343839	0.0035215580485167277
1684.890443423662	0.0035190355585671745
1687.9876685034849	0.0035165270515550105
1691.0848935833078	0.0035140324432222617
1694.1821186631307	0.003511551649935407
1697.2793437429536	0.0035090845886798444
1700.3765688227763	0.003506631177054416
1703.4737939025993	0.003504191333265995
1706.5710189824222	0.003501764976124128
1709.668244062245	0.003499352025035736
1712.765469142068	0.0034969523999998746
1715.862694221891	0.0034945660216025433
1718.9599193017136	0.0034921928110115607
1722.0571443815365	0.0034898326899714836
1725.1543694613595	0.0034874855807985883
1728.2515945411824	0.003485151406375903
1731.3488196210053	0.0034828300901482887
1734.4460447008282	0.0034805215561175785
1737.5432697806511	0.003478225728837766
1740.6404948604738	0.003475942533410242
1743.7377199402968	0.0034736718954790848
1746.8349450201197	0.0034714137412263984
1749.9321700999426	0.0034691679973677
1753.0293951797655	0.003466934591147357
1756.1266202595884	0.0034647134503340677
1759.2238453394111	0.0034625045032163964
1762.321070419234	0.0034603076785983474
1765.418295499057	0.0034581229057949903
1768.51552057888	0.003455950114628128
1771.6127456587028	0.0034537892354220123
1774.7099707385257	0.0034516401989991
1777.8071958183486	0.003449502936675858
1780.9044208981713	0.0034473773802586073
1784.0016459779943	0.0034452634620394107
1787.0988710578172	0.003443161114792006
1790.19609613764	0.003441070271767776
1793.293321217463	0.003438990866691764
1796.390546297286	0.003436922833758729
1799.4877713771086	0.003434866107629239
1802.5849964569315	0.0034328206234258067
1805.6822215367545	0.0034307863167290648
1808.7794466165774	0.003428763123573978
1811.8766716964003	0.0034267509804460946
1814.9738967762232	0.0034247498242778378
1818.071121856046	0.003422759592444831
1821.1683469358688	0.003420780222762263
1824.2655720156918	0.00341881165348129
1827.3627970955147	0.0034168538232854703
1830.4600221753376	0.0034149066712872403
1833.5572472551605	0.0034129701370244213
1836.6544723349834	0.003411044160456763
1839.7516974148061	0.0034091286819625233
1842.848922494629	0.003407223642335079
1845.946147574452	0.003405328982779571
1849.043372654275	0.0034034446449095865
1852.1405977340978	0.0034015705707438693
1855.2378228139207	0.003399706702703067
1858.3350478937434	0.0033978529836065055
1861.4322729735663	0.003396009356669002
1864.5294980533893	0.0033941757654977005
1867.6267231332122	0.003392352154088951
1870.723948213035	0.0033905384668252068
1873.821173292858	0.003388734648471959
1876.918398372681	0.0033869406441747
1880.0156234525036	0.0033851563994559183
1883.1128485323266	0.003383381860212119
1886.2100736121495	0.0033816169727108754
1889.3072986919724	0.0033798616835879116
1892.4045237717953	0.003378115939844209
1895.5017488516182	0.003376379688843145
1898.598973931441	0.003374652878307657
1901.6961990112638	0.003372935456317435
1904.7934240910868	0.00337122737130614
1907.8906491709095	0.0033695285720586527
1910.9878742507326	0.003367839007708345
1914.0850993305553	0.0033661586277343777
1917.1823244103784	0.0033644873819590297
1920.2795494902011	0.003362825220545046
1923.3767745700243	0.0033611720939930143
1926.473999649847	0.003359527953138768
1929.5712247296697	0.0033578927491508107
1932.6684498094928	0.003356266433527769
1935.7656748893155	0.0033546489580958665
1938.8628999691387	0.003353040275006423
1941.9601250489613	0.003351440336733379
1945.0573501287845	0.003349849096070841
1948.1545752086072	0.0033482665061306525
1951.2518002884299	0.003346692520339986
1954.349025368253	0.0033451270924389595
1957.4462504480757	0.0033435701764782735
1960.5434755278989	0.0033420217268168738
1963.6407006077216	0.003340481698119631
1966.7379256875447	0.003338950045355046
1969.8351507673674	0.003337426723792978
1972.93237584719	0.0033359116890023886
1976.0296009270132	0.0033344048968491115
1979.126826006836	0.0033329063034936417
1982.224051086659	0.003331415865388945
1985.3212761664818	0.0033299335392782876
1988.4185012463045	0.003328459282193088
1991.5157263261276	0.0033269930514507867
1994.6129514059503	0.0033255348046527344
1997.7101764857734	0.003324084499682106
2000.8074015655961	0.003322642094701826
2003.9046266454193	0.003321207548152518
2007.001851725242	0.0033197808187504702
2010.0990768050647	0.003318361865485627
2013.1963018848878	0.003316950647619586
2016.2935269647105	0.0033155471246836257
2019.3907520445337	0.003314151256476745
2022.4879771243563	0.003312763003063722
2025.5852022041795	0.0033113823247731913
2028.6824272840022	0.003310009182195737
2031.7796523638249	0.003308643536182007
2034.876877443648	0.003307285347840841
2037.9741025234707	0.0033059345785374132
2041.0713276032939	0.003304591189891401
2044.1685526831166	0.0033032551437751608
2047.2657777629393	0.0033019264023119244
2050.3630028427624	0.003300604927874013
2053.460227922585	0.0032992906830810642
2056.5574530024082	0.003297983630798278
2059.654678082231	0.003296683734134678
2062.751903162054	0.0032953909564413853
2065.8491282418768	0.0032941052613099115
2068.9463533216995	0.003292826612570467
2072.0435784015226	0.003291554974290281
2075.1408034813453	0.0032902903107719424
2078.2380285611684	0.003289032586551748
2081.335253640991	0.003287781766398073
2084.4324787208143	0.0032865378153097502
2087.529703800637	0.0032853006985144677
2090.6269288804597	0.0032840703814671817
2093.724153960283	0.003282846829848534
2096.8213790401055	0.0032816300095632996
2099.9186041199287	0.0032804198867388322
2103.0158291997514	0.003279216427723535
2106.1130542795745	0.0032780195990853365
2109.210279359397	0.0032768293676101895
2112.30750443922	0.003275645700300573
2115.404729519043	0.0032744685643740137
2118.5019545988657	0.0032732979272616196
2121.599179678689	0.0032721337566066254
2124.6964047585116	0.0032709760202629524
2127.7936298383343	0.003269824686293778
2130.8908549181574	0.0032686797229701204
2133.98807999798	0.003267541098769437
2137.0853050778032	0.003266408782374231
2140.182530157626	0.0032652827426706728
2143.279755237449	0.003264162948747234
2146.376980317272	0.0032630493698933313
2149.4742053970945	0.003261941975597984
2152.5714304769176	0.0032608407355484833
2155.6686555567403	0.0032597456196290717
2158.7658806365635	0.0032586565979196326
2161.863105716386	0.0032575736406944
2164.9603307962093	0.0032564967184206648
2168.057555876032	0.003255425801757505
2171.1547809558547	0.003254360861554523
2174.252006035678	0.00325330186885059
2177.3492311155005	0.003252248794872607
2180.4464561953237	0.0032512016110342727
2183.5436812751464	0.0032501602889348628
2186.640906354969	0.0032491248003580233
2189.738131434792	0.0032480951172705686
2192.835356514615	0.003247071211821292
2195.932581594438	0.003246053056339791
2199.0298066742607	0.003245040623335294
2202.127031754084	0.0032440338854955045
2205.2242568339066	0.003243032815685455
2208.3214819137293	0.003242037386946362
2211.4187069935524	0.0032410475724945036
2214.515932073375	0.0032400633457200963
2217.6131571531982	0.0032390846801861883
2220.710382233021	0.0032381115496275567
2223.807607312844	0.0032371439279496187
2226.904832392667	0.003236181789227351
2230.0020574724895	0.003235225107704215
2233.0992825523126	0.003234273857791095
2236.1965076321353	0.003233328014065246
2239.2937327119585	0.0032323875512692475
2242.390957791781	0.0032314524443099657
2245.488182871604	0.00323052266825753
2248.585407951427	0.0032295981983443117
2251.6826330312497	0.003228679009963915
2254.779858111073	0.0032277650786701776
2257.8770831908955	0.0032268563801761737
2260.9743082707187	0.0032259528903532332
2264.0715333505414	0.0032250545852299663
2267.168758430364	0.003224161440991292
2270.265983510187	0.003223273433977482
2273.36320859001	0.0032223905406832086
2276.460433669833	0.0032215127377566
2279.5576587496557	0.003220640001998306
2282.654883829479	0.0032197723103605702
2285.7521089093016	0.0032189096399463115
2288.8493339891243	0.0032180519680082105
2291.9465590689474	0.003217199271947805
2295.04378414877	0.0032163515293145957
2298.1410092285932	0.0032155087178051553
2301.238234308416	0.003214670815262247
2304.335459388239	0.0032138377996739514
2307.432684468062	0.003213009649172799
2310.5299095478845	0.0032121863420349105
2313.6271346277076	0.0032113678566791453
2316.7243597075303	0.0032105541716662554
2319.8215847873535	0.003209745265698048
2322.918809867176	0.0032089411176165553
2326.016034946999	0.003208141706403208
2329.113260026822	0.0032073470111780205
2332.2104851066447	0.0032065570111987803
2335.307710186468	0.0032057716858602437
2338.4049352662905	0.0032049910146933398
2341.5021603461137	0.00320421497736438
2344.5993854259364	0.0032034435536742747
2347.696610505759	0.0032026767235577565
2350.793835585582	0.00320191446708261
2353.891060665405	0.0032011567644489084
2356.988285745228	0.0032004035959882536
2360.0855108250507	0.003199654942163028
2363.182735904874	0.0031989107835656474
2366.2799609846966	0.0031981711009178245
2369.3771860645193	0.003197435875069834
2372.4744111443424	0.003196705086999788
2375.571636224165	0.003195978717812914
2378.6688613039883	0.003195256748740844
2381.766086383811	0.0031945391611409015
2384.8633114636336	0.003193825936495403
2387.960536543457	0.0031931170564109598
2391.0577616232795	0.003192412502617787
2394.1549867031026	0.0031917122569690205
2397.2522117829253	0.003191016301440035
2400.3494368627485	0.0031903246181277734
2403.446661942571	0.0031896371892500765
2406.543887022394	0.003188953997145023
2409.641112102217	0.0031882750242702707
2412.7383371820397	0.003187600253202407
2415.835562261863	0.0031869296666363015
2418.9327873416855	0.003186263247384467
2422.0300124215087	0.0031856009783764244
2425.1272375013314	0.0031849428426580714
2428.224462581154	0.0031842888233910606
2431.321687660977	0.003183638903852178
2434.4189127408	0.0031829930674327307
2437.516137820623	0.0031823512976379364
2440.6133629004457	0.0031817135780863224
2443.710587980269	0.0031810798925091233
2446.8078130600916	0.003180450224749691
2449.9050381399143	0.0031798245587629035
2453.0022632197374	0.0031792028786145816
2456.09948829956	0.003178585168480911
2459.196713379383	0.003177971412647869
2462.293938459206	0.003177361595510652
2465.3911635390286	0.0031767557015731163
2468.488388618852	0.003176153715447214
2471.5856136986745	0.0031755556218524407
2474.682838778497	0.0031749614056152844
2477.7800638583203	0.0031743710516686802
2480.877288938143	0.0031737845450514708
2483.9745140179657	0.0031732018709078667
2487.071739097789	0.003172623014486919
2490.1689641776115	0.003172047961141988
2493.2661892574347	0.003171476696330223
2496.3634143372574	0.003170909205612044
2499.46063941708	0.003170345474650625
2502.557864496903	0.0031697854892113885
2505.655089576726	0.003169229235161496
2508.752314656549	0.0031686766984693514
2511.8495397363718	0.0031681278652041
2514.9467648161944	0.0031675827215351393
2518.0439898960176	0.00316704125373163
2521.1412149758403	0.0031665034481620107
2524.238440055663	0.003165969291293519
2527.335665135486	0.0031654387696917166
2530.432890215309	0.0031649118700200155
2533.530115295132	0.0031643885790392126
2536.6273403749547	0.003163868883607024
2539.724565454778	0.0031633527706776262
2542.8217905346005	0.003162840227301202
2545.919015614423	0.003162331240623485
2549.0162406942463	0.0031618257978853173
2552.113465774069	0.0031613238864221997
2555.210690853892	0.0031608254936638554
2558.307915933715	0.0031603306071337927
2561.405141013538	0.003159839214448872
2564.5023660933607	0.003159351303318879
2567.5995911731834	0.003158866861546097
2570.6968162530065	0.0031583858770248873
2573.7940413328292	0.0031579083377412725
2576.8912664126524	0.00315743423177252
2579.988491492475	0.003156963547286735
2583.085716572298	0.003156496272542452
2586.182941652121	0.0031560323958882306
2589.2801667319436	0.0031555719057622593
2592.3773918117668	0.0031551147906919564
2595.4746168915894	0.0031546610392935806
2598.5718419714126	0.0031542106402718396
2601.6690670512353	0.003153763582419505
2604.766292131058	0.0031533198546170324
2607.863517210881	0.0031528794458321806
2610.960742290704	0.0031524423451196365
2614.057967370527	0.0031520085416206463
2617.1551924503497	0.0031515780245626418
2620.252417530173	0.003151150783258881
2623.3496426099955	0.003150726807108082
2626.446867689818	0.0031503060855940673
2629.5440927696413	0.0031498886082854064
2632.641317849464	0.0031494743648350656
2635.738542929287	0.0031490633449800585
2638.83576800911	0.0031486555385410995
2641.932993088933	0.003148250935422264
2645.0302181687557	0.0031478495256106465
2648.1274432485784	0.003147451299176026
2651.2246683284015	0.003147056246270532
2654.3218934082242	0.0031466643571283165
2657.4191184880474	0.003146275622065226
2660.51634356787	0.0031458900314784775
2663.613568647693	0.003145507575846338
2666.710793727516	0.003145128245727808
2669.8080188073386	0.003144752031762306
2672.9052438871618	0.0031443789246693565
2676.0024689669845	0.0031440089152482823
2679.0996940468076	0.003143641994377898
2682.1969191266303	0.003143278153016208
2685.294144206453	0.003142917382200107
2688.391369286276	0.0031425596730450802
2691.488594366099	0.003142205016744914
2694.585819445922	0.0031418534045714007
2697.6830445257447	0.0031415048278740526
2700.780269605568	0.003141159278079814
2703.8774946853905	0.0031408167466927825
2706.974719765213	0.0031404772252939246
2710.0719448450363	0.003140140705540803
2713.169169924859	0.003139807179167298
2716.266395004682	0.003139476637983339
2719.363620084505	0.0031391490738746346
2722.460845164328	0.0031388244788024063
2725.5580702441507	0.0031385028448031255
2728.6552953239734	0.0031381841639882527
2731.7525204037966	0.003137868428543979
2734.8497454836192	0.003137555630730972
2737.9469705634424	0.0031372457628841208
2741.044195643265	0.003136938817412288
2744.141420723088	0.003136634786798062
2747.238645802911	0.0031363336635975114
2750.3358708827336	0.003136035440439942
2753.4330959625568	0.003135740110027659
2756.5303210423795	0.0031354476651357277
2759.6275461222026	0.0031351580986117428
2762.7247712020253	0.0031348714033755903
2765.821996281848	0.003134587572419224
2768.919221361671	0.0031343065988064345
2772.016446441494	0.0031340284756726264
2775.113671521317	0.003133753196224595
2778.2108966011397	0.003133480753740309
2781.308121680963	0.003133211141568692
2784.4053467607855	0.0031329443531294063
2787.502571840608	0.003132680381912644
2790.5997969204313	0.0031324192214789146
2793.697022000254	0.0031321608654588393
2796.794247080077	0.0031319053075529444
2799.8914721599	0.00313165254153146
2802.9886972397226	0.0031314025612341192
2806.0859223195457	0.003131155360569961
2809.1831473993684	0.003130910933517135
2812.2803724791916	0.003130669274122706
2815.3775975590142	0.0031304303765024655
2818.4748226388374	0.0031301942348407434
2821.57204771866	0.0031299608433902207
2824.669272798483	0.0031297301964717445
2827.766497878306	0.003129502288474151
2830.8637229581286	0.0031292771138540813
2833.9609480379518	0.0031290546671358063
2837.0581731177745	0.0031288349429110535
2840.1553981975976	0.0031286179358388315
2843.2526232774203	0.0031284036406452635
2846.349848357243	0.0031281920521234155
2849.447073437066	0.0031279831651331333
2852.544298516889	0.0031277769746008784
2855.641523596712	0.0031275734755195654
2858.7387486765347	0.003127372662948405
2861.8359737563574	0.003127174532012746
2864.9331988361805	0.003126979077903919
2868.030423916003	0.003126786295879088
2871.1276489958263	0.0031265961812610953
2874.224874075649	0.003126408729438317
2877.322099155472	0.0031262239358645152
2880.419324235295	0.0031260417960586933
2883.5165493151176	0.0031258623056049572
2886.6137743949407	0.0031256854601523724
2889.7109994747634	0.0031255112554148274
2892.8082245545866	0.0031253396871709013
2895.9054496344093	0.003125170751263725
2899.0026747142324	0.003125004443600854
2902.099899794055	0.00312484076015414
2905.197124873878	0.0031246796969595994
2908.294349953701	0.003124521250117293
2911.3915750335236	0.0031243654157912006
2914.4888001133468	0.0031242121902091014
2917.5860251931695	0.003124061569662454
2920.6832502729926	0.0031239135505062815
2923.7804753528153	0.003123768129159055
2926.877700432638	0.0031236253021025826
2929.974925512461	0.0031234850658818977
2933.072150592284	0.003123347417105151
2936.169375672107	0.003123212352443504
2939.2666007519297	0.0031230798686310243
2942.3638258317524	0.0031229499624645836
2945.4610509115755	0.0031228226308037572
2948.558275991398	0.0031226978705707242
2951.6555010712214	0.003122575678750173
2954.752726151044	0.0031224560523892067
2957.849951230867	0.0031223389885972476
2960.94717631069	0.003122224484545951
2964.0444013905126	0.0031221125374691146
2967.1416264703357	0.0031220031446625904
2970.2388515501584	0.0031218963034842042
2973.3360766299816	0.003121792011353668
2976.4333017098043	0.0031216902657525037
2979.5305267896274	0.0031215910642239616
2982.62775186945	0.0031214944043729455
2985.724976949273	0.0031214002838659367
2988.822202029096	0.0031213087004309205
2991.9194271089186	0.0031212196518573183
2995.016652188742	0.003121133135995915
2998.1138772685645	0.0031210491507587938
3001.211102348387	0.003120967694119271
3004.3083274282103	0.0031208887641118324
3007.405552508033	0.0031208123588320727
3010.502777587856	0.003120738476436636
3013.600002667679	0.0031206671151431564
3016.697227747502	0.003120598273230206
3019.7944528273247	0.003120531949037238
3022.8916779071474	0.003120468140964537
3025.9889029869705	0.0031204068474731685
3029.086128066793	0.0031203480670849316
3032.1833531466164	0.003120291798382311
3035.280578226439	0.003120238040008436
3038.377803306262	0.003120186790667035
3041.475028386085	0.003120138049122398
3044.5722534659076	0.0031200918141993366
3047.6694785457307	0.0031200480847831473
3050.7667036255534	0.0031200068598195778
3053.8639287053766	0.0031199681383147935
3056.9611537851993	0.0031199319193353477
3060.0583788650224	0.0031198982020081505
3063.155603944845	0.0031198669855204432
3066.252829024668	0.003119838269119773
3069.350054104491	0.003119812052113969
3072.4472791843136	0.0031197883338711222
3075.544504264137	0.0031197671138195626
3078.6417293439595	0.003119748391447846
3081.738954423782	0.003119732166304733
3084.8361795036053	0.0031197184379991795
3087.933404583428	0.003119707206200322
3091.030629663251	0.0031196984706374684
3094.127854743074	0.0031196922311000886
3097.225079822897	0.003119688487437809
3097.225079822949	0.003119687239560407
