0.0	0.1896378123007291
3.097225079822949	0.1896378123002597
6.194450159645898	0.16538357352130523
9.291675239468848	0.14663077648742753
12.388900319291796	0.1316986408012415
15.486125399114746	0.1195276989152847
18.583350478937696	0.10941702649692313
21.680575558760644	0.10088441485715365
24.777800638583592	0.09358724014804094
27.87502571840654	0.08727536725250501
30.972250798229492	0.08176191563117823
34.06947587805244	0.07690445393388506
37.166700957875385	0.07259252681281304
40.26392603769833	0.06873915864534824
43.36115111752128	0.06527492953570806
46.458376197344236	0.06214375869772164
49.555601277167185	0.05929984743624674
52.65282635699013	0.05670542599114419
55.75005143681309	0.05432906799034362
58.847276516636036	0.052144412413533785
61.944501596459	0.050129182576428614
65.04172667628195	0.04826442460581223
68.13895175610489	0.046533910172171976
71.23617683592785	0.044923663579974474
74.3334019157508	0.04342158402079441
77.43062699557375	0.04201714137331825
80.5278520753967	0.04070112936928903
83.62507715521964	0.039465463888969335
86.7223022350426	0.03830301704443415
89.81952731486555	0.03720747985547127
92.9167523946885	0.036173247929977406
96.01397747451145	0.03519532577498708
99.11120255433441	0.03426924628974414
102.20842763415736	0.0333910027029668
105.30565271398031	0.032556990766546355
108.40287779380327	0.031763959446716235
111.5001028736262	0.031008968690236574
114.59732795344917	0.03028935310891537
117.69455303327211	0.02960269063697221
120.79177811309508	0.02894677538452582
123.88900319291801	0.02831959404610893
126.98622827274096	0.0277193053326639
130.08345335256394	0.02714422198440358
133.18067843238688	0.026592794994456898
136.27790351220983	0.026063599732649656
139.37512859203278	0.025555323707676166
142.47235367185573	0.025066755746328266
145.5695787516787	0.02459677640197307
148.66680383150162	0.024144349432389196
151.76402891132457	0.023708514210405755
154.86125399114752	0.023288378950360508
157.95847907097047	0.022883114649865244
161.05570415079345	0.022491949660274364
164.15292923061637	0.022114164811031903
167.2501543104393	0.021749089023079746
170.3473793902623	0.02139609535503583
173.44460447008524	0.02105459743313625
176.54182954990816	0.020724046222176183
179.63905462973113	0.02040392710004572
182.73627970955408	0.020093757203073142
185.83350478937706	0.01979308301337359
188.9307298692	0.019501478162849518
192.02795494902293	0.019218541431480215
195.1251800288459	0.018943894920137313
198.22240510866885	0.018677182380427843
201.3196301884918	0.01841806768604308
204.41685526831475	0.01816623343182058
207.5140803481377	0.01792137964824202
210.61130542796064	0.017683222620420092
213.70853050778362	0.017451493801798248
216.80575558760657	0.017225938813818613
219.9029806674295	0.01700631652372407
223.00020574725247	0.01679239819346601
226.0974308270754	0.016583966693402497
229.19465590689836	0.016380815775104713
232.2918809867213	0.01618274939815191
235.38910606654426	0.015989581106295798
238.48633114636723	0.015801133448821416
241.58355622619015	0.015617237443329907
244.68078130601313	0.01543773207652454
247.77800638583608	0.01526246383990014
250.875231465659	0.015091286297521636
253.97245654548198	0.014924059683333843
257.06968162530495	0.014760650525675005
260.1669067051279	0.014600931296873943
263.26413178495085	0.014444780085997371
266.36135686477377	0.014292080292982448
269.45858194459674	0.01414272034254176
272.55580702441966	0.013996593416365385
275.65303210424264	0.013853597202269289
278.7502571840656	0.013713633659051962
281.84748226388854	0.013576608795923597
284.9447073437115	0.013442432465464938
288.0419324235345	0.013311018169157399
291.1391575033574	0.013182282874602824
294.23638258318033	0.013056146843621257
297.3336076630033	0.012932533470478841
300.4308327428262	0.012811369129556157
303.5280578226492	0.012692583031820475
306.6252829024722	0.012576107089513948
309.7225079822951	0.012461875788514265
312.8197330621181	0.012349826067864935
315.91695814194105	0.012239897206009754
319.014183221764	0.012132030713300133
322.1114083015869	0.01202617023037549
325.20863338140987	0.011922261432045684
328.3058584612328	0.01182025193633105
331.40308354105576	0.01172009121834005
334.50030862087874	0.011621730528686973
337.59753370070166	0.011525122816172916
340.69475878052464	0.011430222654472367
343.7919838603476	0.011336986172585358
346.88920894017053	0.011245370988831462
349.98643401999345	0.011155336148176966
353.08365909981643	0.011066842062700493
356.18088417963935	0.010979850455015223
359.2781092594623	0.010894324304477827
362.3753343392853	0.01081022779602528
365.4725594191082	0.010727526271490977
368.5697844989312	0.01064618618326112
371.6670095787542	0.010566175050141175
374.7642346585771	0.010487461415310371
377.8614597384	0.010410014806249951
380.958684818223	0.010333805696537843
384.05590989804597	0.010258805469409186
387.1531349778689	0.010184986382988164
390.25036005769186	0.010112321537102408
393.34758513751484	0.010040784841596581
396.44481021733776	0.0099703509860667
399.54203529716074	0.009900995410941417
402.6392603769837	0.00983269427984088
405.7364854568066	0.009765424453147759
408.83371053662955	0.009699163462728894
411.93093561645253	0.009633889487749545
415.02816069627545	0.00956958133152554
418.1253857760984	0.009506218399361712
421.2226108559214	0.009443780677327955
424.3198359357443	0.009382248711926958
427.4170610155673	0.009321603590610177
430.5142860953903	0.009261826923101086
433.61151117521314	0.009202900823486918
436.7087362550361	0.009144807893042282
439.8059613348591	0.00908753120374998
442.903186414682	0.009031054282486232
446.000411494505	0.008975361095839289
449.09763657432796	0.00892043603553198
452.1948616541509	0.00886626390442042
455.29208673397386	0.008812829903042418
458.38931181379684	0.008760119616690628
461.4865368936197	0.008708119002986658
464.5837619734427	0.008656814379933696
467.68098705326565	0.008606192414426233
470.7782121330886	0.008556240111196647
473.87543721291155	0.008506944802179374
476.97266229273447	0.008458294136274387
480.0698873725575	0.008410276069492604
483.1671124523804	0.008362878855466676
486.26433753220334	0.008316091036311488
489.3615626120263	0.008269901433819395
492.45878769184924	0.008224299140975989
495.55601277167216	0.008179273513782875
498.6532378514952	0.008134814163374558
501.7504629313181	0.008090910948417174
504.84768801114103	0.0080475539677774
507.94491309096406	0.008004733553450364
511.042138170787	0.007962440263735989
514.1393632506099	0.007920664876653619
517.2365883304329	0.007879398383585277
520.3338134102559	0.00783863198313837
523.4310384900788	0.00779835707521901
526.5282635699018	0.007758565255307633
529.6254886497246	0.0077192483089288215
532.7227137295475	0.00768039820630777
535.8199388093706	0.00764200709720603
538.9171638891935	0.007604067305929568
542.0143889690164	0.0075665713265024885
545.1116140488394	0.007529511818000014
548.2088391286624	0.0074928816000346425
551.3060642084854	0.007456673648389641
554.4032892883083	0.007420881090794295
557.5005143681312	0.007385497202835581
560.5977394479543	0.007350515404001148
563.6949645277772	0.007315929253848695
566.7921896076001	0.007281732448297099
569.8894146874231	0.007247918816034758
572.9866397672461	0.007214482315040878
576.083864847069	0.007181417029215585
579.181089926892	0.007148717165114881
582.2783150067149	0.007116377048786698
585.3755400865377	0.0070843911227043786
588.4727651663608	0.007052753942794135
591.5699902461837	0.007021460175553112
594.6672153260066	0.0069905045952548765
597.7644404058296	0.006959882081239236
600.8616654856526	0.006929587615283438
603.9588905654755	0.006899616279051913
607.0561156452985	0.006869963251621844
610.1533407251214	0.006840623807081926
613.2505658049444	0.006811593312201833
616.3477908847674	0.006782867224169939
619.4450159645902	0.006754441088397004
622.5422410444131	0.006726310536383567
625.639466124236	0.006698471283648926
628.7366912040588	0.00667091912771961
631.8339162838818	0.006643649946175391
634.9311413637047	0.006616659694750891
638.0283664435275	0.006589944405490978
641.1255915233504	0.006563500184958167
644.2228166031733	0.006537323212490314
647.3200416829961	0.006511409738506991
650.417266762819	0.006485756082862929
653.514491842642	0.006460358633247042
656.6117169224649	0.006435213843625549
659.7089420022877	0.006410318232727777
662.8061670821106	0.0063856683825733096
665.9033921619335	0.006361260937039146
669.0006172417563	0.006337092600465621
672.0978423215793	0.006313160136299871
675.1950674014022	0.006289460365775659
678.292292481225	0.006265990166628434
681.3895175610479	0.006242746471844536
684.4867426408708	0.006219726268443491
687.5839677206936	0.006196926596292365
690.6811928005166	0.006174344546951227
693.7784178803395	0.006151977262548741
696.8756429601623	0.006129821934686989
699.9728680399852	0.006107875803374647
703.0700931198081	0.00608613615598765
706.167318199631	0.006064600326256527
709.2645432794538	0.006043265693279619
712.3617683592768	0.006022129680561396
715.4589934390997	0.006001189755075144
718.5562185189225	0.005980443426349304
721.6534435987454	0.0059598882455767594
724.7506686785682	0.005939521804746413
727.8478937583911	0.0059193417357964
730.9451188382141	0.005899345709788315
734.0423439180369	0.005879531436101839
737.1395689978598	0.005859896661649191
740.2367940776826	0.005840439170108831
743.3340191575055	0.0058211567811778655
746.4312442373284	0.005802047349842631
749.5284693171512	0.005783108765666933
752.6256943969742	0.005764338952097458
755.7229194767971	0.005745735865785854
758.8201445566199	0.0057272974959270435
761.9173696364428	0.0057090218636132945
765.0145947162657	0.005690907021203624
768.1118197960885	0.005672951051708105
771.2090448759114	0.005655152068186678
774.3062699557344	0.005637508213162057
777.4034950355572	0.005620017658046358
780.5007201153801	0.005602678602581064
783.597945195203	0.005585489274289984
786.6951702750258	0.005568447927944832
789.7923953548487	0.005551552845043112
792.8896204346717	0.005534802333297967
795.9868455144946	0.005518194726139664
799.0840705943174	0.005501728382228435
802.1812956741403	0.005485401684978338
805.2785207539632	0.00546921304209188
808.375745833786	0.005453160885105097
811.472970913609	0.005437243668942831
814.5701959934319	0.0054214598714839276
817.6674210732547	0.005405807993136108
820.7646461530776	0.0053902865564202625
823.8618712329005	0.00537489410556391
826.9590963127233	0.00535962920610361
830.0563213925462	0.005344490444496081
833.1535464723692	0.005329476427737811
836.250771552192	0.005314585782992942
839.3479966320149	0.005299817157229226
842.4452217118378	0.005285169216861833
845.5424467916607	0.005270640647404835
848.6396718714835	0.005256230153130153
851.7368969513064	0.005241936456733809
854.8341220311294	0.005227758299009257
857.9313471109522	0.00521369443852767
861.0285721907751	0.005199743651324973
864.125797270598	0.005185904730595469
867.2230223504208	0.005172176486391906
870.3202474302437	0.005158557745331806
873.4174725100667	0.005145047350309927
876.5146975898895	0.005131644160216692
879.6119226697124	0.005118347049662452
882.7091477495353	0.005105154908707433
885.8063728293581	0.005092066642597243
888.903597909181	0.00507908117150379
892.000822989004	0.0050661974302715
895.0980480688269	0.00505341436816869
898.1952731486497	0.005040730948643995
901.2924982284726	0.0050281461490877125
904.3897233082955	0.005015658960597952
907.4869483881183	0.005003268387751491
910.5841734679412	0.004990973448379204
913.6813985477642	0.004978773173345983
916.778623627587	0.004966666606335024
919.8758487074099	0.0049546528036363904
922.9730737872328	0.004942730833939759
926.0702988670556	0.004930899778131233
929.1675239468785	0.00491915872909415
932.2647490267015	0.004907506791513791
935.3619741065244	0.004895943081685878
938.4591991863472	0.004884466727328811
941.5564242661701	0.004873076867399534
944.653649345993	0.00486177265191295
947.7508744258158	0.004850553241764822
950.8480995056387	0.0048394178085580655
953.9453245854615	0.00482836553443236
957.0425496652845	0.004817395611897007
960.1397747451074	0.004806507243666979
963.2369998249303	0.004795699642502048
966.3342249047532	0.00478497203104897
969.4314499845761	0.004774323641686638
972.5286750643988	0.004763753716374132
975.6259001442218	0.004753261506501615
978.7231252240447	0.004742846272744013
981.8203503038676	0.004732507284917408
984.9175753836905	0.004722243821838094
988.0148004635134	0.004712055171184243
991.1120255433361	0.004701940629360106
994.209250623159	0.0046918995013627215
997.306475702982	0.004681931100651049
1000.4037007828049	0.004672034749017507
1003.5009258626277	0.004662209776461829
1006.5981509424506	0.0046524555210672265
1009.6953760222735	0.004642771328878775
1012.7926011020963	0.004633156553784006
1015.8898261819191	0.004623610557395635
1018.9870512617421	0.0046141327089363965
1022.084276341565	0.004604722385125936
1025.181501421388	0.0045953789700697144
1028.278726501211	0.004586101855149891
1031.3759515810336	0.004576890438918131
1034.4731766608566	0.0045677441269903135
1037.5704017406795	0.004558662331943087
1040.6676268205024	0.004549644473212247
1043.7648519003253	0.004540689976992887
1046.8620769801482	0.004531798276141291
1049.959302059971	0.0045229688100785394
1053.0565271397938	0.004514201024695782
1056.1537522196168	0.004505494372261153
1059.2509772994397	0.00449684831132829
1062.3482023792626	0.004488262306646424
1065.4454274590855	0.004479735829072021
1068.5426525389084	0.004471268355481921
1071.6398776187311	0.004462859368687971
1074.737102698554	0.004454508357353101
1077.834327778377	0.004446214815908828
1080.9315528582	0.004437978244474154
1084.0287779380228	0.004429798148775831
1087.1260030178457	0.004421674040069964
1090.2232280976684	0.004413605435064939
1093.3204531774913	0.004405591855845623
1096.4176782573143	0.004397632829798842
1099.5149033371372	0.004389727889540094
1102.61212841696	0.004381876572841475
1105.709353496783	0.0043740784225608
1108.806578576606	0.004366332986571889
1111.9038036564286	0.004358639817696006
1115.0010287362516	0.004350998473634412
1118.0982538160745	0.004343408516902036
1121.1954788958974	0.004335869514762213
1124.2927039757203	0.004328381039162494
1127.389929055543	0.00432094266667149
1130.487154135366	0.004313553978416748
1133.5843792151888	0.004306214560023614
1136.6816042950118	0.004298924001555098
1139.7788293748345	0.004291681897452686
1142.8760544546574	0.004284487846478119
1145.9732795344803	0.004277341451656081
1149.0705046143032	0.004270242320217814
1152.1677296941261	0.004263190063545623
1155.2649547739488	0.004256184297118263
1158.3621798537717	0.0042492246404571814
1161.4594049335947	0.0042423107170736175
1164.5566300134176	0.004235442154416525
1167.6538550932405	0.004228618583821315
1170.7510801730632	0.004221839640459398
1173.8483052528861	0.004215104963288512
1176.945530332709	0.004208414195003829
1180.042755412532	0.004201766981989811
1183.1399804923549	0.0041951629742728175
1186.2372055721778	0.004188601825474441
1189.3344306520005	0.004182083192765558
1192.4316557318234	0.004175606736821099
1195.5288808116463	0.0041691721217754895
1198.6261058914693	0.004162779015178787
1201.7233309712922	0.0041564270879534855
1204.820556051115	0.00415011601435197
1207.917781130938	0.004143845471914616
1211.0150062107607	0.004137615141428532
1214.1122312905836	0.004131424706886913
1217.2094563704065	0.004125273855449007
1220.3066814502295	0.004119162277400694
1223.4039065300524	0.00411308966611564
1226.5011316098753	0.004107055718017033
1229.598356689698	0.004101060132539904
1232.695581769521	0.004095102612093986
1235.7928068493438	0.004089182862027141
1238.8900319291668	0.004083300590589318
1241.9872570089897	0.004077455508897042
1245.0844820888126	0.004071647330898438
1248.1817071686355	0.004065875773338747
1251.2789322484584	0.004060140555726367
1254.3761573282814	0.004054441400299377
1257.4733824081043	0.004048778031992556
1260.5706074879272	0.004043150178404876
1263.6678325677499	0.004037557569767468
1266.7650576475728	0.004031999938912056
1269.8622827273957	0.004026477021239837
1272.9595078072186	0.004020988554690815
1276.0567328870416	0.004015534279713578
1279.1539579668645	0.0040101139392355
1282.2511830466872	0.004004727278633375
1285.34840812651	0.003999374045704464
1288.445633206333	0.003994053990637963
1291.542858286156	0.003988766865986866
1294.6400833659789	0.003983512426640232
1297.7373084458018	0.003978290429795837
1300.8345335256247	0.003973100634933224
1303.9317586054474	0.003967942803787119
1307.0289836852703	0.003962816700321222
1310.1262087650932	0.003957722090702374
1313.2234338449161	0.0039526587432750695
1316.320658924739	0.003947626428536339
1319.417884004562	0.003942624919110971
1322.5151090843847	0.003937653989727075
1325.6123341642076	0.003932713417191994
1328.7095592440305	0.003927802980368538
1331.8067843238534	0.003922922460151552
1334.9040094036764	0.003918071639444799
1338.0012344834993	0.003913250303138165
1341.098459563322	0.003908458238085175
1344.195684643145	0.003903695233080813
1347.2929097229678	0.0038989610788396447
1350.3901348027907	0.0038942555679742402
1353.4873598826136	0.0038895784949738834
1356.5845849624366	0.003884929656183575
1359.6818100422595	0.003880308849783313
1362.7790351220822	0.0038757158757676572
1365.876260201905	0.003871150535925564
1368.973485281728	0.003866612633820494
1372.070710361551	0.0038621019747707816
1375.1679354413739	0.0038576183658302725
1378.2651605211968	0.003853161615769211
1381.3623856010195	0.0038487315350553913
1384.4596106808424	0.003844327935835544
1387.5568357606653	0.003839950631916985
1390.6540608404882	0.003835599438749491
1393.7512859203111	0.0038312741734074277
1396.848511000134	0.0038269746545720996
1399.945736079957	0.0038227007025143397
1403.0429611597797	0.003818452139077325
1406.1401862396026	0.003814228787659613
1409.2374113194255	0.0038100304731984026
1412.3346363992484	0.003805857022153009
1415.4318614790714	0.003801708262488558
1418.5290865588943	0.003797584023659882
1421.626311638717	0.003793484136595637
1424.72353671854	0.003789408433682609
1427.8207617983628	0.0037853567487502356
1430.9179868781857	0.003781328917055315
1434.0152119580086	0.0037773247752669182
1437.1124370378316	0.0037733441614514903
1440.2096621176545	0.0037693869150581434
1443.3068871974772	0.003765452876904132
1446.4041122773	0.00376154188916052
1449.501337357123	0.003757653795338022
1452.598562436946	0.0037537884402730265
1455.6957875167689	0.003749945670113798
1458.7930125965918	0.003746125332306845
1461.8902376764145	0.003742327275583468
1464.9874627562374	0.0037385513499464686
1468.0846878360603	0.0037347974066570294
1471.1819129158832	0.0037310652982217554
1474.2791379957062	0.003727354878379877
1477.376363075529	0.003723666002090612
1480.4735881553518	0.0037199985255206847
1483.5708132351747	0.003716352306031998
1486.6680383149976	0.0037127272021694594
1489.7652633948205	0.0037091230736489545
1492.8624884746434	0.0037055397813454726
1495.9597135544664	0.0037019771872813714
1499.0569386342893	0.003698435154614793
1502.154163714112	0.0036949135476282147
1505.251388793935	0.0036914122317171427
1508.3486138737578	0.0036879310733789446
1511.4458389535807	0.003684469940201813
1514.5430640334037	0.0036810287008538674
1517.6402891132266	0.0036776072250723855
1520.7375141930493	0.0036742053836531638
1523.8347392728722	0.003670823048440009
1526.931964352695	0.0036674600923143536
1530.029189432518	0.0036641163891849957
1533.126414512341	0.0036607918139779645
1536.2236395921639	0.0036574862426265015
1539.3208646719868	0.0036541995520611675
1542.4180897518095	0.0036509316202000637
1545.5153148316324	0.0036476823259391686
1548.6125399114553	0.00364445154914279
1551.7097649912782	0.0036412391706341332
1554.8069900711012	0.0036380450721859733
1557.904215150924	0.0036348691365114447
1561.0014402307468	0.0036317112472549345
1564.0986653105697	0.003628571288983085
1567.1958903903926	0.003625449147175902
1570.2931154702155	0.00362234470821796
1573.3903405500384	0.0036192578593897237
1576.4875656298614	0.0036161884888589574
1579.584790709684	0.0036131364856722406
1582.682015789507	0.00361010173974658
1585.77924086933	0.003607084141861123
1588.8764659491528	0.0036040835836489587
1591.9736910289757	0.0036010999575890206
1595.0709161087987	0.0035981331569980802
1598.1681411886216	0.003595183076022831
1601.2653662684443	0.003592249609632066
1604.3625913482672	0.0035893326536089415
1607.45981642809	0.0035864321045433337
1610.557041507913	0.0035835478598242785
1613.654266587736	0.0035806798176324962
1616.7514916675589	0.0035778278769330084
1619.8487167473816	0.00357499193746783
1622.9459418272045	0.0035721718997487484
1626.0431669070274	0.003569367665050184
1629.1403919868503	0.0035665791354021308
1632.2376170666732	0.003563806213583175
1635.3348421464962	0.0035610488031135945
1638.432067226319	0.003558306808248533
1641.5292923061418	0.003555580133971253
1644.6265173859647	0.003552868685986463
1647.7237424657876	0.0035501723707137183
1650.8209675456105	0.003547491095280896
1653.9181926254332	0.003544824767517744
1657.0154177052561	0.003542173295949497
1660.112642785079	0.003539536589790571
1663.209867864902	0.0035369145589383153
1666.307092944725	0.0035343071139668472
1669.4043180245476	0.0035317141661209447
1672.5015431043705	0.0035291356273100096
1675.5987681841934	0.003526571410102098
1678.6959932640164	0.0035240214277180125
1681.793218343839	0.0035214855940254625
1684.890443423662	0.0035189638235332884
1687.9876685034849	0.003516456031385743
1691.0848935833078	0.0035139621333568427
1694.1821186631307	0.0035114820458447757
1697.2793437429536	0.0035090156858663705
1700.3765688227763	0.003506562971051625
1703.4737939025993	0.003504123819638295
1706.5710189824222	0.0035016981504665413
1709.668244062245	0.0034992858829736326
1712.765469142068	0.0034968869371887067
1715.862694221891	0.0034945012337275864
1718.9599193017136	0.0034921286937876547
1722.0571443815365	0.003489769239142778
1725.1543694613595	0.0034874227921382886
1728.2515945411824	0.0034850892756860207
1731.3488196210053	0.0034827686132593953
1734.4460447008282	0.0034804607288885596
1737.5432697806511	0.0034781655471555796
1740.6404948604738	0.0034758829931896785
1743.7377199402968	0.0034736129926625304
1746.8349450201197	0.0034713554717836
1749.9321700999426	0.0034691103572955326
1753.0293951797655	0.0034668775764695953
1756.1266202595884	0.003464657057101158
1759.2238453394111	0.0034624487275052318
1762.321070419234	0.003460252516512044
1765.418295499057	0.0034580683534626683
1768.51552057888	0.0034558961682046936
1771.6127456587028	0.0034537358910879403
1774.7099707385257	0.0034515874529602226
1777.8071958183486	0.003449450785163151
1780.9044208981713	0.003447325819527981
1784.0016459779943	0.003445212488371505
1787.0988710578172	0.003443110724491983
1790.19609613764	0.003441020461165119
1793.293321217463	0.003438941632140075
1796.390546297286	0.0034368741716355312
1799.4877713771086	0.0034348180143357783
1802.5849964569315	0.00343277309538686
1805.6822215367545	0.0034307393503927434
1808.7794466165774	0.003428716715411539
1811.8766716964003	0.003426705126951753
1814.9738967762232	0.003424704521968576
1818.071121856046	0.003422714837860217
1821.1683469358688	0.0034207360124642646
1824.2655720156918	0.003418767984054094
1827.3627970955147	0.0034168106913353047
1830.4600221753376	0.003414864073442194
1833.5572472551605	0.0034129280699342684
1836.6544723349834	0.0034110026207927894
1839.7516974148061	0.0034090876664173535
1842.848922494629	0.0034071831476225043
1845.946147574452	0.0034052890056343816
1849.043372654275	0.003403405182087404
1852.1405977340978	0.0034015316190209805
1855.2378228139207	0.003399668258876258
1858.3350478937434	0.003397815044492901
1861.4322729735663	0.003395971919105903
1864.5294980533893	0.0033941388263424273
1867.6267231332122	0.0033923157102186815
1870.723948213035	0.0033905025151368213
1873.821173292858	0.0033886991858818865
1876.918398372681	0.0033869056676187645
1880.0156234525036	0.003385121905889186
1883.1128485323266	0.0033833478466087485
1886.2100736121495	0.0033815834360639684
1889.3072986919724	0.0033798286209093652
1892.4045237717953	0.003378083348164571
1895.5017488516182	0.0033763475652114666
1898.598973931441	0.0033746212197913504
1901.6961990112638	0.0033729042600021326
1904.7934240910868	0.003371196634295553
1907.8906491709095	0.0033694982914744325
1910.9878742507326	0.003367809180689943
1914.0850993305553	0.0033661292514389116
1917.1823244103784	0.003364458453561146
1920.2795494902011	0.003362796737236787
1923.3767745700243	0.003361144052983685
1926.473999649847	0.0033595003516548034
1929.5712247296697	0.0033578655844356477
1932.6684498094928	0.0033562397028417154
1935.7656748893155	0.003354622658715975
1938.8628999691387	0.0033530144042263625
1941.9601250489613	0.0033514148918633107
1945.0573501287845	0.003349824074437293
1948.1545752086072	0.0033482419050763976
1951.2518002884299	0.0033466683372239186
1954.349025368253	0.003345103324635976
1957.4462504480757	0.0033435468213791515
1960.5434755278989	0.0033419987818281535
1963.6407006077216	0.0033404591606634977
1966.7379256875447	0.003338927912869215
1969.8351507673674	0.0033374049937305765
1972.93237584719	0.0033358903588318447
1976.0296009270132	0.0033343839640540378
1979.126826006836	0.0033328857655727244
1982.224051086659	0.003331395719855833
1985.3212761664818	0.0033299137836614824
1988.4185012463045	0.0033284399140358334
1991.5157263261276	0.003326974068310962
1994.6129514059503	0.0033255162041027457
1997.7101764857734	0.003324066279308781
2000.8074015655961	0.0033226242521063078
2003.9046266454193	0.0033211900809501623
2007.001851725242	0.003319763724570742
2010.0990768050647	0.003318345141971995
2013.1963018848878	0.0033169342924294245
2016.2935269647105	0.003315531135488112
2019.3907520445337	0.0033141356309607604
2022.4879771243563	0.0033127477389257535
2025.5852022041795	0.003311367419725232
2028.6824272840022	0.003309994633963192
2031.7796523638249	0.0033086293425035936
2034.876877443648	0.0033072715064684953
2037.9741025234707	0.003305921087236196
2041.0713276032939	0.0033045780464394025
2044.1685526831166	0.0033032423459634095
2047.2657777629393	0.0033019139479442943
2050.3630028427624	0.003300592814767132
2053.460227922585	0.0032992789090642246
2056.5574530024082	0.0032979721937133463
2059.654678082231	0.003296672631836006
2062.751903162054	0.0032953801867957218
2065.8491282418768	0.003294094822196316
2068.9463533216995	0.0032928165018802223
2072.0435784015226	0.003291545189926808
2075.1408034813453	0.003290280850650715
2078.2380285611684	0.003289023448600208
2081.335253640991	0.0032877729485555475
2084.4324787208143	0.0032865293155273684
2087.529703800637	0.003285292514755081
2090.6269288804597	0.003284062511705276
2093.724153960283	0.003282839272070158
2096.8213790401055	0.0032816227617659764
2099.9186041199287	0.003280412946931486
2103.0158291997514	0.0032792097939264076
2106.1130542795745	0.0032780132693299145
2109.210279359397	0.0032768233399391227
2112.30750443922	0.0032756399727676003
2115.404729519043	0.003274463135043886
2118.5019545988657	0.0032732927942100243
2121.599179678689	0.0032721289179201128
2124.6964047585116	0.00327097147403886
2127.7936298383343	0.003269820430640158
2130.8908549181574	0.0032686757560056686
2133.98807999798	0.0032675374186234172
2137.0853050778032	0.003266405387186406
2140.182530157626	0.003265279630591232
2143.279755237449	0.0032641601179367236
2146.376980317272	0.003263046818522585
2149.4742053970945	0.0032619397018480534
2152.5714304769176	0.003260838737610568
2155.6686555567403	0.0032597438957044527
2158.7658806365635	0.0032586551462196064
2161.863105716386	0.0032575724594402066
2164.9603307962093	0.0032564958058434266
2168.057555876032	0.003255425156098159
2171.1547809558547	0.0032543604810637535
2174.252006035678	0.003253301751788767
2177.3492311155005	0.0032522489395097197
2180.4464561953237	0.003251202015649868
2183.5436812751464	0.0032501609518179805
2186.640906354969	0.0032491257198071343
2189.738131434792	0.0032480962915935113
2192.835356514615	0.0032470726393352125
2195.932581594438	0.0032460547353710804
2199.0298066742607	0.0032450425522195293
2202.127031754084	0.003244036062577389
2205.2242568339066	0.003243035239318756
2208.3214819137293	0.003242040055493853
2211.4187069935524	0.0032410504843279064
2214.515932073375	0.0032400664992200227
2217.6131571531982	0.0032390880737420804
2220.710382233021	0.0032381151816376326
2223.807607312844	0.0032371477968208143
2226.904832392667	0.0032361858933752617
2230.0020574724895	0.003235229445553043
2233.0992825523126	0.003234278427773593
2236.1965076321353	0.003233332814622661
2239.2937327119585	0.0032323925808512674
2242.390957791781	0.0032314577013746646
2245.488182871604	0.003230528151271315
2248.585407951427	0.0032296039057818694
2251.6826330312497	0.0032286849403081585
2254.779858111073	0.0032277712304121936
2257.8770831908955	0.0032268627518151722
2260.9743082707187	0.0032259594803964948
2264.0715333505414	0.0032250613921927904
2267.168758430364	0.003224168463396947
2270.265983510187	0.003223280670357155
2273.36320859001	0.0032223979895759547
2276.460433669833	0.0032215203977092933
2279.5576587496557	0.0032206478715655898
2282.654883829479	0.0032197803881048094
2285.7521089093016	0.0032189179244375425
2288.8493339891243	0.0032180604578240938
2291.9465590689474	0.0032172079656735786
2295.04378414877	0.0032163604255430263
2298.1410092285932	0.003215517815136492
2301.238234308416	0.0032146801123041748
2304.335459388239	0.003213847295041545
2307.432684468062	0.0032130193414884765
2310.5299095478845	0.003212196229928389
2313.6271346277076	0.0032113779387873942
2316.7243597075303	0.003210564446633453
2319.8215847873535	0.003209755732175536
2322.918809867176	0.0032089517742627943
2326.016034946999	0.0032081525518837355
2329.113260026822	0.003207358044165407
2332.2104851066447	0.0032065682303725846
2335.307710186468	0.0032057830899069714
2338.4049352662905	0.0032050026023064016
2341.5021603461137	0.003204226747244047
2344.5993854259364	0.0032034555045276397
2347.696610505759	0.0032026888540986906
2350.793835585582	0.0032019267760317214
2353.891060665405	0.0032011692505335017
2356.988285745228	0.0032004162579422897
2360.0855108250507	0.0031996677787270843
2363.182735904874	0.003198923793486877
2366.2799609846966	0.0031981842829499163
2369.3771860645193	0.003197449227972974
2372.4744111443424	0.00319671860954062
2375.571636224165	0.0031959924087645013
2378.6688613039883	0.0031952706068826297
2381.766086383811	0.003194553185258672
2384.8633114636336	0.0031938401253812482
2387.960536543457	0.003193131408863237
2391.0577616232795	0.0031924270174410836
2394.1549867031026	0.0031917269329741153
2397.2522117829253	0.0031910311374438636
2400.3494368627485	0.0031903396129533894
2403.446661942571	0.0031896523417266178
2406.543887022394	0.0031889693061076733
2409.641112102217	0.0031882904885602256
2412.7383371820397	0.003187615871666837
2415.835562261863	0.0031869454381283197
2418.9327873416855	0.003186279170763091
2422.0300124215087	0.003185617052506542
2425.1272375013314	0.003184959066410408
2428.224462581154	0.0031843051956421445
2431.321687660977	0.003183655423484305
2434.4189127408	0.0031830097333339314
2437.516137820623	0.0031823681087019447
2440.6133629004457	0.003181730533212538
2443.710587980269	0.003181096990602583
2446.8078130600916	0.003180467464721033
2449.9050381399143	0.0031798419395283367
2453.0022632197374	0.003179220399095853
2456.09948829956	0.003178602827605274
2459.196713379383	0.0031779892093480493
2462.293938459206	0.00317737952872482
2465.3911635390286	0.003176773770244853
2468.488388618852	0.00317617191852548
2471.5856136986745	0.003175573958291546
2474.682838778497	0.003174979874374859
2477.7800638583203	0.0031743896517136415
2480.877288938143	0.003173803275351994
2483.9745140179657	0.003173220730439356
2487.071739097789	0.003172642002229976
2490.1689641776115	0.003172067076082384
2493.2661892574347	0.0031714959374588686
2496.3634143372574	0.0031709285719249596
2499.46063941708	0.0031703649651489128
2502.557864496903	0.003169805102901203
2505.655089576726	0.0031692489710540167
2508.752314656549	0.003168696555580752
2511.8495397363718	0.003168147842555523
2514.9467648161944	0.003167602818152667
2518.0439898960176	0.0031670614686462564
2521.1412149758403	0.0031665237804096137
2524.238440055663	0.0031659897399148353
2527.335665135486	0.0031654593337323116
2530.432890215309	0.0031649325485302577
2533.530115295132	0.0031644093710742464
2536.6273403749547	0.0031638897882267443
2539.724565454778	0.0031633737869466508
2542.8217905346005	0.0031628613542888455
2545.919015614423	0.003162352477403734
2549.0162406942463	0.0031618471435368024
2552.113465774069	0.0031613453400281713
2555.210690853892	0.003160847054312158
2558.307915933715	0.0031603522739168397
2561.405141013538	0.003159860986463621
2564.5023660933607	0.0031593731796668045
2567.5995911731834	0.003158888841333168
2570.6968162530065	0.0031584079593615427
2573.7940413328292	0.003157930521742395
2576.8912664126524	0.003157456516557414
2579.988491492475	0.0031569859319791
2583.085716572298	0.0031565187562703594
2586.182941652121	0.0031560549777841017
2589.2801667319436	0.0031555945849628397
2592.3773918117668	0.0031551375663382932
2595.4746168915894	0.0031546839105309993
2598.5718419714126	0.0031542336062499194
2601.6690670512353	0.0031537866422920594
2604.766292131058	0.0031533430075420823
2607.863517210881	0.0031529026909719337
2610.960742290704	0.003152465681640466
2614.057967370527	0.003152031968693065
2617.1551924503497	0.003151601541361283
2620.252417530173	0.003151174388962475
2623.3496426099955	0.003150750500899435
2626.446867689818	0.0031503298666600388
2629.5440927696413	0.0031499124758168876
2632.641317849464	0.0031494983180269586
2635.738542929287	0.003149087383031255
2638.83576800911	0.003148679660654459
2641.932993088933	0.0031482751408045927
2645.0302181687557	0.0031478738134726766
2648.1274432485784	0.0031474756687323953
2651.2246683284015	0.0031470806967397636
2654.3218934082242	0.003146688887732797
2657.4191184880474	0.0031463002320311854
2660.51634356787	0.0031459147200359706
2663.613568647693	0.0031455323422292223
2666.710793727516	0.003145153089173725
2669.8080188073386	0.0031447769515126614
2672.9052438871618	0.003144403919969299
2676.0024689669845	0.003144033985346686
2679.0996940468076	0.003143667138527342
2682.1969191266303	0.0031433033704729575
2685.294144206453	0.0031429426722240934
2688.391369286276	0.0031425850348998827
2691.488594366099	0.003142230449697741
2694.585819445922	0.0031418789078930696
2697.6830445257447	0.0031415304008389727
2700.780269605568	0.003141184919965968
2703.8774946853905	0.0031408424567817062
2706.974719765213	0.003140503002870691
2710.0719448450363	0.0031401665498940017
2713.169169924859	0.0031398330895890192
2716.266395004682	0.003139502613769155
2719.363620084505	0.003139175114323581
2722.460845164328	0.0031388505832169664
2725.5580702441507	0.00313852901248921
2728.6552953239734	0.0031382103942551843
2731.7525204037966	0.003137894720704474
2734.8497454836192	0.0031375819841011226
2737.9469705634424	0.0031372721767833804
2741.044195643265	0.0031369652911634525
2744.141420723088	0.0031366613197272514
2747.238645802911	0.0031363602550341547
2750.3358708827336	0.003136062089716762
2753.4330959625568	0.0031357668164806525
2756.5303210423795	0.003135474428104152
2759.6275461222026	0.003135184917438096
2762.7247712020253	0.0031348982774055986
2765.821996281848	0.0031346145010018233
2768.919221361671	0.0031343335812937544
2772.016446441494	0.0031340555114199756
2775.113671521317	0.0031337802845904446
2778.2108966011397	0.0031335078940862766
2781.308121680963	0.0031332383332595254
2784.4053467607855	0.0031329715955329706
2787.502571840608	0.003132707674399903
2790.5997969204313	0.0031324465634239174
2793.697022000254	0.0031321882562387045
2796.794247080077	0.0031319327465478444
2799.8914721599	0.003131680028124607
2802.9886972397226	0.0031314300948117506
2806.0859223195457	0.0031311829405213224
2809.1831473993684	0.003130938559234467
2812.2803724791916	0.0031306969450012293
2815.3775975590142	0.0031304580919403672
2818.4748226388374	0.003130221994239161
2821.57204771866	0.0031299886461532275
2824.669272798483	0.003129758042006338
2827.766497878306	0.003129530176190235
2830.8637229581286	0.003129305043164455
2833.9609480379518	0.0031290826374561482
2837.0581731177745	0.0031288629536599085
2840.1553981975976	0.003128645986437597
2843.2526232774203	0.003128431730518175
2846.349848357243	0.003128220180697534
2849.447073437066	0.0031280113318383302
2852.544298516889	0.003127805178869823
2855.641523596712	0.003127601716787712
2858.7387486765347	0.0031274009406539786
2861.8359737563574	0.003127202845596729
2864.9331988361805	0.0031270074268100394
2868.030423916003	0.0031268146795538046
2871.1276489958263	0.0031266245991535863
2874.224874075649	0.003126437181000465
2877.322099155472	0.0031262524205508966
2880.419324235295	0.003126070313326565
2883.5165493151176	0.003125890854914243
2886.6137743949407	0.00312571404096565
2889.7109994747634	0.0031255398671973193
2892.8082245545866	0.0031253683293904575
2895.9054496344093	0.003125199423390815
2899.0026747142324	0.0031250331451085516
2902.099899794055	0.003124869490518112
2905.197124873878	0.0031247084556580945
2908.294349953701	0.003124550036631129
2911.3915750335236	0.0031243942296037513
2914.4888001133468	0.003124241030806287
2917.5860251931695	0.0031240904365327274
2920.6832502729926	0.0031239424431406173
2923.7804753528153	0.003123797047050938
2926.877700432638	0.0031236542447479958
2929.974925512461	0.0031235140327793114
2933.072150592284	0.0031233764077555105
2936.169375672107	0.0031232413663502185
2939.2666007519297	0.003123108905299957
2942.3638258317524	0.003122979021404038
2945.4610509115755	0.0031228517115244677
2948.558275991398	0.0031227269725858445
2951.6555010712214	0.0031226048015752655
2954.752726151044	0.00312248519554223
2957.849951230867	0.003122368151598548
2960.94717631069	0.00312225366691825
2964.0444013905126	0.003122141738737498
2967.1416264703357	0.0031220323643544995
2970.2388515501584	0.003121925541129423
2973.3360766299816	0.003121821266484315
2976.4333017098043	0.003121719537903019
2979.5305267896274	0.003121620352931098
2982.62775186945	0.0031215237091757565
2985.724976949273	0.0031214296043057684
2988.822202029096	0.0031213380360514014
2991.9194271089186	0.003121249002204347
2995.016652188742	0.0031211625006176504
2998.1138772685645	0.003121078529205648
3001.211102348387	0.003120997085943896
3004.3083274282103	0.0031209181688691126
3007.405552508033	0.0031208417760791134
3010.502777587856	0.0031207679057327535
3013.600002667679	0.0031206965560498707
3016.697227747502	0.0031206277253112277
3019.7944528273247	0.0031205614118584623
3022.8916779071474	0.003120497614094031
3025.9889029869705	0.003120436330481164
3029.086128066793	0.003120377559543814
3032.1833531466164	0.0031203212998666117
3035.280578226439	0.0031202675500948207
3038.377803306262	0.0031202163089342977
3041.475028386085	0.0031201675751514495
3044.5722534659076	0.003120121347573195
3047.6694785457307	0.003120077625086931
3050.7667036255534	0.0031200364066404952
3053.8639287053766	0.0031199976912421345
3056.9611537851993	0.003119961477960474
3060.0583788650224	0.0031199277659244877
3063.155603944845	0.0031198965543234717
3066.252829024668	0.0031198678424070197
3069.350054104491	0.003119841629484998
3072.4472791843136	0.0031198179149275252
3075.544504264137	0.0031197966981649536
3078.6417293439595	0.0031197779786878493
3081.738954423782	0.0031197617560469767
3084.8361795036053	0.0031197480298532873
3087.933404583428	0.0031197367997779033
3091.030629663251	0.0031197280655521115
3094.127854743074	0.003119721826967351
3097.225079822897	0.0031197180838752115
3097.225079822949	0.0031197168361874234
