0.0	0.15253089251942745
3.097225079822949	0.15253089251912386
6.194450159645898	0.13644070947744563
9.291675239468848	0.12342272937989908
12.388900319291796	0.11267393665536396
15.486125399114746	0.10364872547688345
18.583350478937696	0.09596341742790175
21.680575558760644	0.0893403420294223
24.777800638583592	0.08357359208870022
27.87502571840654	0.07850724766519314
30.972250798229492	0.07402107540421614
34.06947587805244	0.07002087149921724
37.166700957875385	0.06643177949087112
40.26392603769833	0.06319356601234345
43.36115111752128	0.060257216345830665
46.458376197344236	0.057582438768635814
49.555601277167185	0.05513580672171218
52.65282635699013	0.05288935639395341
55.75005143681309	0.05081951459219119
58.847276516636036	0.04890626957466727
61.944501596459	0.04713252294991932
65.04172667628195	0.045483578132083216
68.13895175610489	0.0439467329234086
71.23617683592785	0.042510952307348346
74.3334019157508	0.041166603614190236
77.43062699557375	0.03990524061529129
80.5278520753967	0.03871942631473858
83.62507715521964	0.03760258658134016
86.7223022350426	0.0365488885356503
89.81952731486555	0.03555313894136766
92.9167523946885	0.03461069886456544
96.01397747451145	0.03371741164111864
99.11120255433441	0.032869541792477155
102.20842763415736	0.03206372299635265
105.30565271398031	0.03129691358409742
108.40287779380327	0.030566358324381235
111.5001028736262	0.029869555481016895
114.59732795344917	0.029204228314842918
117.69455303327211	0.028568300345599307
120.79177811309508	0.02795987380748175
123.88900319291801	0.027377210827487352
126.98622827274096	0.026818716933375675
130.08345335256394	0.02628292656164358
133.18067843238688	0.025768490288151286
136.27790351220983	0.025274163547142906
139.37512859203278	0.02479879664011723
142.47235367185573	0.02434132586570699
145.5695787516787	0.023900765626519774
148.66680383150162	0.02347620138966649
151.76402891132457	0.023066783395165328
154.86125399114752	0.02267172102113719
157.95847907097047	0.02229027772716954
161.05570415079345	0.021921766507801168
164.15292923061637	0.021565545797081923
167.2501543104393	0.021221015772845356
170.3473793902623	0.020887615015908974
173.44460447008524	0.02056481748506135
176.54182954990816	0.0202521297735517
179.63905462973113	0.019949088616986584
182.73627970955408	0.019655258626160164
185.83350478937706	0.019370230221483143
188.9307298692	0.019093617748401848
192.02795494902293	0.01882505775557176
195.1251800288459	0.018564207419619998
198.22240510866885	0.018310743102140474
201.3196301884918	0.018064359026150164
204.41685526831475	0.017824766060625476
207.5140803481377	0.01759169060296025
210.61130542796064	0.017364873550263615
213.70853050778362	0.017144069351366014
216.80575558760657	0.016929045132241312
219.9029806674295	0.016719579888296334
223.00020574725247	0.016515463737638323
226.0974308270754	0.016316497230016276
229.19465590689836	0.016122490706652948
232.2918809867213	0.015933263706648267
235.38910606654426	0.015748644416048774
238.48633114636723	0.015568469156047707
241.58355622619015	0.01539258190711103
244.68078130601313	0.015220833866121383
247.77800638583608	0.01505308303389772
250.875231465659	0.014889193830687413
253.97245654548198	0.01472903673744244
257.06968162530495	0.014572487960884728
260.1669067051279	0.014419429120540311
263.26413178495085	0.014269746956079275
266.36135686477377	0.014123333053440932
269.45858194459674	0.01398008358835236
272.55580702441966	0.013839899085965056
275.65303210424264	0.01370268419544023
278.7502571840656	0.013568347478409246
281.84748226388854	0.013436801210322907
284.9447073437115	0.013307961193782598
288.0419324235345	0.01318174658301856
291.1391575033574	0.013058079718746302
294.23638258318033	0.012936885972692267
297.3336076630033	0.012818093601134622
300.4308327428262	0.012701633606855148
303.5280578226492	0.012587439608944024
306.6252829024722	0.012475447719941232
309.7225079822951	0.012365596429836746
312.8197330621181	0.01225782649648689
315.91695814194105	0.01215208084203663
319.014183221764	0.012048304454967228
322.1114083015869	0.011946444297416026
325.20863338140987	0.011846449217440264
328.3058584612328	0.011748269865919914
331.40308354105576	0.01165185861781589
334.50030862087874	0.011557169497519601
337.59753370070166	0.011464158108047977
340.69475878052464	0.011372781563854819
343.7919838603476	0.011282998427044796
346.88920894017053	0.011194768646790759
349.98643401999345	0.011108053501768226
353.08365909981643	0.011022815545433183
356.18088417963935	0.010939018553980688
359.2781092594623	0.010856627476832314
362.3753343392853	0.010775608389510196
365.4725594191082	0.010695928448764564
368.5697844989312	0.01061755584983002
371.6670095787542	0.010540459785693679
374.7642346585771	0.010464610408265542
377.8614597384	0.010389978791348273
380.958684818223	0.010316536895309833
384.05590989804597	0.010244257533368311
387.1531349778689	0.010173114339403771
390.25036005769186	0.010103081737217008
393.34758513751484	0.010034134911159929
396.44481021733776	0.009966249778066663
399.54203529716074	0.009899402960418694
402.6392603769837	0.009833571760681174
405.7364854568066	0.009768734136751228
408.83371053662955	0.009704868678462432
411.93093561645253	0.009641954585092826
415.02816069627545	0.009579971643826833
418.1253857760984	0.009518900209124187
421.2226108559214	0.009458721182951647
424.3198359357443	0.009399415995835667
427.4170610155673	0.009340966588696549
430.5142860953903	0.009283355395426704
433.61151117521314	0.009226565326177718
436.7087362550361	0.0091705797513228
439.8059613348591	0.009115382486062988
442.903186414682	0.009060957775647164
446.000411494505	0.009007290281177496
449.09763657432796	0.00895436506597348
452.1948616541509	0.008902167582469034
455.29208673397386	0.008850683659618545
458.38931181379684	0.00879989949078894
461.4865368936197	0.008749801622116013
464.5837619734427	0.008700376941304409
467.68098705326565	0.008651612666851646
470.7782121330886	0.008603496337677569
473.87543721291155	0.00855601580314154
476.97266229273447	0.008509159213430576
480.0698873725575	0.008462915010302439
483.1671124523804	0.008417271918168477
486.26433753220334	0.008372218935501769
489.3615626120263	0.008327745326556791
492.45878769184924	0.008283840613387543
495.55601277167216	0.008240494568151607
498.6532378514952	0.008197697205688317
501.7504629313181	0.008155438776359662
504.84768801114103	0.008113709759143174
507.94491309096406	0.008072500854966504
511.042138170787	0.008031802980273854
514.1393632506099	0.007991607260814961
517.2365883304329	0.007951905025647632
520.3338134102559	0.007912687801345387
523.4310384900788	0.007873947306402021
526.5282635699018	0.007835675445825328
529.6254886497246	0.007797864305912597
532.7227137295475	0.007760506149200745
535.8199388093706	0.007723593409584358
538.9171638891935	0.0076871186875951255
542.0143889690164	0.0076510747458365036
545.1116140488394	0.007615454504567674
548.2088391286624	0.007580251037431129
551.3060642084854	0.007545457567318475
554.4032892883083	0.0075110674623692555
557.5005143681312	0.007477074232097824
560.5977394479543	0.007443471523643527
563.6949645277772	0.007410253118139626
566.7921896076001	0.007377412927196601
569.8894146874231	0.007344944989495649
572.9866397672461	0.007312843467488387
576.083864847069	0.00728110264419888
579.181089926892	0.007249716920124369
582.2783150067149	0.007218680810231091
585.3755400865377	0.007187988941041877
588.4727651663608	0.007157636047812221
591.5699902461837	0.0071276169717917216
594.6672153260066	0.007097926657567899
597.7644404058296	0.007068560150489513
600.8616654856526	0.00703951259416661
603.9588905654755	0.00701077922804466
607.0561156452985	0.006982355385050218
610.1533407251214	0.0069542364893056775
613.2505658049444	0.00692641805391076
616.3477908847674	0.006898895678788455
619.4450159645902	0.0068716650485932795
622.5422410444131	0.006844721930679719
625.639466124236	0.006818062173128871
628.7366912040588	0.006791681702831334
631.8339162838818	0.006765576523624503
634.9311413637047	0.006739742714482449
638.0283664435275	0.006714176427756695
641.1255915233504	0.006688873887466188
644.2228166031733	0.006663831387634898
647.3200416829961	0.0066390452906755
650.417266762819	0.006614512025817631
653.514491842642	0.006590228087579337
656.6117169224649	0.006566190034280286
659.7089420022877	0.006542394486595455
662.8061670821106	0.006518838126148002
665.9033921619335	0.006495517694140074
669.0006172417563	0.006472429990020394
672.0978423215793	0.006449571870187448
675.1950674014022	0.0064269402467271915
678.292292481225	0.00640453208618419
681.3895175610479	0.006382344408365183
684.4867426408708	0.006360374285174056
687.5839677206936	0.006338618839477284
690.6811928005166	0.006317075243998913
693.7784178803395	0.006295740720244168
696.8756429601623	0.006274612537450868
699.9728680399852	0.006253688011567768
703.0700931198081	0.006232964504259049
706.167318199631	0.006212439421934184
709.2645432794538	0.006192110214802409
712.3617683592768	0.006171974375951085
715.4589934390997	0.006152029440447253
718.5562185189225	0.006132272984461699
721.6534435987454	0.006112702624414866
724.7506686785682	0.006093316016144004
727.8478937583911	0.006074110854090911
730.9451188382141	0.006055084870509703
734.0423439180369	0.0060362358346940275
737.1395689978598	0.006017561552223155
740.2367940776826	0.005999059864226435
743.3340191575055	0.005980728646665583
746.4312442373284	0.0059625658096342906
749.5284693171512	0.00594456929667469
752.6256943969742	0.005926737084110187
755.7229194767971	0.005909067180394217
758.8201445566199	0.00589155762547447
761.9173696364428	0.005874206490172171
765.0145947162657	0.005857011875575994
768.1118197960885	0.0058399719124502154
771.2090448759114	0.005823084760656701
774.3062699557344	0.0058063486085903745
777.4034950355572	0.005789761672627786
780.5007201153801	0.005773322196588429
783.597945195203	0.00575702845120847
786.6951702750258	0.005740878733626556
789.7923953548487	0.005724871366881367
792.8896204346717	0.005709004699420618
795.9868455144946	0.005693277104621203
799.0840705943174	0.005677686980320172
802.1812956741403	0.005662232748356281
805.2785207539632	0.005646912854121818
808.375745833786	0.00563172576612445
811.472970913609	0.005616669975558819
814.5701959934319	0.005601743995887651
817.6674210732547	0.005586946362432114
820.7646461530776	0.0055722756319711965
823.8618712329005	0.005557730382349887
826.9590963127233	0.005543309212095903
830.0563213925462	0.005529010740044776
833.1535464723692	0.0055148336049730745
836.250771552192	0.00550077646523955
839.3479966320149	0.005486837998434021
842.4452217118378	0.005473016901033796
845.5424467916607	0.00545931188806744
848.6396718714835	0.00544572169278571
851.7368969513064	0.005432245066339486
854.8341220311294	0.005418880777464508
857.9313471109522	0.005405627612172771
861.0285721907751	0.005392484373450404
864.125797270598	0.005379449880961869
867.2230223504208	0.0053665229707603465
870.3202474302437	0.0053537024950041315
873.4174725100667	0.005340987321678919
876.5146975898895	0.005328376334325812
879.6119226697124	0.005315868431774944
882.7091477495353	0.005303462527884555
885.8063728293581	0.005291157551285399
888.903597909181	0.005278952445130373
892.000822989004	0.005266846166849214
895.0980480688269	0.005254837687908172
898.1952731486497	0.005242925993574522
901.2924982284726	0.005231110082685812
904.3897233082955	0.005219388967423734
907.4869483881183	0.005207761673092512
910.5841734679412	0.005196227237901699
913.6813985477642	0.0051847847127532735
916.778623627587	0.005173433161032963
919.8758487074099	0.005162171658405664
922.9730737872328	0.005150999292614883
926.0702988670556	0.005139915163286107
929.1675239468785	0.005128918381734008
932.2647490267015	0.0051180080707734
935.3619741065244	0.005107183364533852
938.4591991863472	0.0050964434082778984
941.5564242661701	0.005085787358222734
944.653649345993	0.005075214381365342
947.7508744258158	0.005064723655310968
950.8480995056387	0.005054314368104864
953.9453245854615	0.005043985718067232
957.0425496652845	0.005033736913631297
960.1397747451074	0.005023567173184439
963.2369998249303	0.0050134757249123175
966.3342249047532	0.005003461806645928
969.4314499845761	0.00499352466571151
972.5286750643988	0.004983663558783268
975.6259001442218	0.004973877751738825
978.7231252240447	0.004964166519517356
981.8203503038676	0.00495452914598035
984.9175753836905	0.0049449649237749355
988.0148004635134	0.004935473154199711
991.1120255433361	0.004926053147073045
994.209250623159	0.004916704220603773
997.306475702982	0.004907425701264245
1000.4037007828049	0.00489821692366569
1003.5009258626277	0.004889077230435827
1006.5981509424506	0.004880005972098681
1009.6953760222735	0.004871002506956569
1012.7926011020963	0.004862066200974201
1015.8898261819191	0.004853196427664845
1018.9870512617421	0.004844392567978532
1022.084276341565	0.004835654010192242
1025.181501421388	0.004826980149802034
1028.278726501211	0.004818370389417093
1031.3759515810336	0.004809824138655625
1034.4731766608566	0.0048013408140426
1037.5704017406795	0.004792919838909271
1040.6676268205024	0.004784560643294455
1043.7648519003253	0.004776262663847537
1046.8620769801482	0.004768025343733142
1049.959302059971	0.0047598481325374755
1053.0565271397938	0.004751730486176268
1056.1537522196168	0.004743671866804309
1059.2509772994397	0.004735671742726535
1062.3482023792626	0.004727729588310635
1065.4454274590855	0.004719844883901148
1068.5426525389084	0.004712017115735023
1071.6398776187311	0.004704245775858612
1074.737102698554	0.004696530362046069
1077.834327778377	0.00468887037771912
1080.9315528582	0.004681265331868188
1084.0287779380228	0.004673714738974838
1087.1260030178457	0.004666218118935522
1090.2232280976684	0.004658774996986593
1093.3204531774913	0.004651384903630572
1096.4176782573143	0.0046440473745636285
1099.5149033371372	0.00463676195060427
1102.61212841696	0.004629528177623204
1105.709353496783	0.004622345606474355
1108.806578576606	0.004615213792927009
1111.9038036564286	0.004608132297599074
1115.0010287362516	0.004601100685891428
1118.0982538160745	0.004594118527923335
1121.1954788958974	0.004587185398468903
1124.2927039757203	0.004580300876894584
1127.389929055543	0.004573464547097665
1130.487154135366	0.00456667599744577
1133.5843792151888	0.004559934820717312
1136.6816042950118	0.00455324061404291
1139.7788293748345	0.004546592978847747
1142.8760544546574	0.0045399915207948284
1145.9732795344803	0.0045334358497291566
1149.0705046143032	0.004526925579622785
1152.1677296941261	0.004520460328520739
1155.2649547739488	0.00451403971848779
1158.3621798537717	0.004507663375556066
1161.4594049335947	0.004501330929673481
1164.5566300134176	0.004495042014652976
1167.6538550932405	0.0044887962681225465
1170.7510801730632	0.004482593331476046
1173.8483052528861	0.00447643284982476
1176.945530332709	0.0044703144719497176
1180.042755412532	0.0044642378502547505
1183.1399804923549	0.004458202640720271
1186.2372055721778	0.004452208502857748
1189.3344306520005	0.004446255099664901
1192.4316557318234	0.004440342097581561
1195.5288808116463	0.004434469166446209
1198.6261058914693	0.004428635979453179
1201.7233309712922	0.004422842213110504
1204.820556051115	0.0044170875471983995
1207.917781130938	0.00441137166472838
1211.0150062107607	0.0044056942519029784
1214.1122312905836	0.004400054998076079
1217.2094563704065	0.004394453595713844
1220.3066814502295	0.0043888897403562156
1223.4039065300524	0.0043833631305789985
1226.5011316098753	0.004377873467956504
1229.598356689698	0.004372420457024743
1232.695581769521	0.00436700380524517
1235.7928068493438	0.004361623222968956
1238.8900319291668	0.004356278423401788
1241.9872570089897	0.004350969122569188
1245.0844820888126	0.0043456950392823344
1248.1817071686355	0.004340455895104386
1251.2789322484584	0.0043352514143172914
1254.3761573282814	0.004330081323889092
1257.4733824081043	0.00432494535344168
1260.5706074879272	0.0043198432352190425
1263.6678325677499	0.004314774704055947
1266.7650576475728	0.004309739497347089
1269.8622827273957	0.004304737355016674
1272.9595078072186	0.004299768019488442
1276.0567328870416	0.0042948312356561125
1279.1539579668645	0.004289926750854258
1282.2511830466872	0.004285054314829582
1285.34840812651	0.0042802136797126175
1288.445633206333	0.004275404599989813
1291.542858286156	0.004270626832476018
1294.6400833659789	0.004265880136287357
1297.7373084458018	0.00426116427281448
1300.8345335256247	0.004256479005696192
1303.9317586054474	0.004251824100793451
1307.0289836852703	0.004247199326163719
1310.1262087650932	0.00424260445203569
1313.2234338449161	0.0042380392507843445
1316.320658924739	0.004233503496906367
1319.417884004562	0.004228996966995897
1322.5151090843847	0.004224519439720613
1325.6123341642076	0.004220070695798145
1328.7095592440305	0.004215650517972816
1331.8067843238534	0.004211258690992693
1334.9040094036764	0.004206895001586958
1338.0012344834993	0.004202559238443589
1341.098459563322	0.0041982511921873356
1344.195684643145	0.004193970655357998
1347.2929097229678	0.004189717422389003
1350.3901348027907	0.004185491289586265
1353.4873598826136	0.004181292055107332
1356.5845849624366	0.004177119518940815
1359.6818100422595	0.004172973482886083
1362.7790351220822	0.004168853750533249
1365.876260201905	0.0041647601272434024
1368.973485281728	0.004160692420129115
1372.070710361551	0.004156650438035206
1375.1679354413739	0.00415263399151976
1378.2651605211968	0.004148642892835393
1381.3623856010195	0.004144676955910775
1384.4596106808424	0.004140735996332384
1387.5568357606653	0.004136819831326507
1390.6540608404882	0.004132928279741475
1393.7512859203111	0.004129061162030132
1396.848511000134	0.0041252183002325315
1399.945736079957	0.0041213995179588524
1403.0429611597797	0.0041176046403725505
1406.1401862396026	0.004113833494173714
1409.2374113194255	0.004110085907582643
1412.3346363992484	0.0041063617103236395
1415.4318614790714	0.004102660733609003
1418.5290865588943	0.004098982810123233
1421.626311638717	0.004095327774007439
1424.72353671854	0.004091695460843942
1427.8207617983628	0.004088085707641077
1430.9179868781857	0.004084498352818187
1434.0152119580086	0.004080933236190813
1437.1124370378316	0.004077390198956064
1440.2096621176545	0.004073869083678178
1443.3068871974772	0.004070369734274264
1446.4041122773	0.004066891996000218
1449.501337357123	0.004063435715436828
1452.598562436946	0.004060000740476042
1455.6957875167689	0.004056586920307413
1458.7930125965918	0.004053194105404714
1461.8902376764145	0.004049822147512716
1464.9874627562374	0.004046470899634135
1468.0846878360603	0.004043140216016739
1471.1819129158832	0.004039829952140613
1474.2791379957062	0.004036539964705584
1477.376363075529	0.0040332701116188
1480.4735881553518	0.004030020251982466
1483.5708132351747	0.004026790246081718
1486.6680383149976	0.004023579955372664
1489.7652633948205	0.004020389242470554
1492.8624884746434	0.004017217971138109
1495.9597135544664	0.004014066006273979
1499.0569386342893	0.00401093321390135
1502.154163714112	0.004007819461156691
1505.251388793935	0.004004724616278625
1508.3486138737578	0.004001648548596947
1511.4458389535807	0.003998591128521773
1514.5430640334037	0.00399555222753281
1517.6402891132266	0.003992531718168764
1520.7375141930493	0.003989529474016874
1523.8347392728722	0.003986545369702566
1526.931964352695	0.003983579280879237
1530.029189432518	0.003980631084218156
1533.126414512341	0.003977700657398485
1536.2236395921639	0.003974787879097425
1539.3208646719868	0.0039718926289804635
1542.4180897518095	0.003969014787691761
1545.5153148316324	0.003966154236844623
1548.6125399114553	0.003963310859012111
1551.7097649912782	0.00396048453771774
1554.8069900711012	0.003957675157426304
1557.904215150924	0.003954882603534794
1561.0014402307468	0.0039521067623634375
1564.0986653105697	0.0039493475211468225
1567.1958903903926	0.003946604768025145
1570.2931154702155	0.003943878392035544
1573.3903405500384	0.003941168283103546
1576.4875656298614	0.003938474332034599
1579.584790709684	0.003935796430505711
1582.682015789507	0.003933134471057187
1585.77924086933	0.00393048834708445
1588.8764659491528	0.003927857952829969
1591.9736910289757	0.00392524318337527
1595.0709161087987	0.00392264393463304
1598.1681411886216	0.003920060103339327
1601.2653662684443	0.003917491587045821
1604.3625913482672	0.003914938284112226
1607.45981642809	0.003912400093698716
1610.557041507913	0.003909876915758487
1613.654266587736	0.003907368651030373
1616.7514916675589	0.0039048752010315676
1619.8487167473816	0.003902396468050408
1622.9459418272045	0.0038999323551392566
1626.0431669070274	0.0038974827661074477
1629.1403919868503	0.0038950476055143253
1632.2376170666732	0.003892626778662351
1635.3348421464962	0.00389022019159029
1638.432067226319	0.003887827751066475
1641.5292923061418	0.0038854493645821436
1644.6265173859647	0.0038830849403448504
1647.7237424657876	0.00388073438727195
1650.8209675456105	0.003878397614984152
1653.9181926254332	0.0038760745337991518
1657.0154177052561	0.003873765054725324
1660.112642785079	0.00387146908945549
1663.209867864902	0.0038691865503607532
1666.307092944725	0.0038669173504844007
1669.4043180245476	0.0038646614035358715
1672.5015431043705	0.0038624186238847913
1675.5987681841934	0.003860188926555072
1678.6959932640164	0.0038579722272190724
1681.793218343839	0.0038557684421918286
1684.890443423662	0.003853577488425341
1687.9876685034849	0.0038513992835029235
1691.0848935833078	0.003849233745633618
1694.1821186631307	0.0038470807936466624
1697.2793437429536	0.003844940346986024
1700.3765688227763	0.0038428123257049896
1703.4737939025993	0.00384069665046081
1706.5710189824222	0.0038385932425094075
1709.668244062245	0.0038365020237001355
1712.765469142068	0.0038344229164705944
1715.862694221891	0.003832355843841505
1718.9599193017136	0.003830300729411635
1722.0571443815365	0.0038282574973527777
1725.1543694613595	0.0038262260724047856
1728.2515945411824	0.0038242063798706546
1731.3488196210053	0.003822198345611662
1734.4460447008282	0.0038202018960425553
1737.5432697806511	0.0038182169581267903
1740.6404948604738	0.003816243459371819
1743.7377199402968	0.003814281327824429
1746.8349450201197	0.0038123304920661275
1749.9321700999426	0.0038103908812085773
1753.0293951797655	0.0038084624248890795
1756.1266202595884	0.0038065450532661018
1759.2238453394111	0.003804638697014853
1762.321070419234	0.003802743287322905
1765.418295499057	0.0038008587558858585
1768.51552057888	0.003798985034903055
1771.6127456587028	0.0037971220570733296
1774.7099707385257	0.003795269755590812
1777.8071958183486	0.0037934280641407692
1780.9044208981713	0.0037915969168954857
1784.0016459779943	0.003789776248510195
1787.0988710578172	0.0037879659941190435
1790.19609613764	0.0037861660893311025
1793.293321217463	0.0037843764702264176
1796.390546297286	0.003782597073352097
1799.4877713771086	0.003780827835718443
1802.5849964569315	0.0037790686947951208
1805.6822215367545	0.003777319588507362
1808.7794466165774	0.003775580455232218
1811.8766716964003	0.003773851233794835
1814.9738967762232	0.003772131863464781
1818.071121856046	0.0037704222839524022
1821.1683469358688	0.0037687224354052153
1824.2655720156918	0.0037670322584043405
1827.3627970955147	0.0037653516939609665
1830.4600221753376	0.0037636806835128524
1833.5572472551605	0.0037620191689208635
1836.6544723349834	0.003760367092465542
1839.7516974148061	0.003758724396843712
1842.848922494629	0.003757091025165119
1845.946147574452	0.0037554669209490985
1849.043372654275	0.0037538520281212846
1852.1405977340978	0.0037522462910103433
1855.2378228139207	0.003750649654344744
1858.3350478937434	0.0037490620632495615
1861.4322729735663	0.0037474834632433046
1864.5294980533893	0.003745913800234783
1867.6267231332122	0.0037443530205200012
1870.723948213035	0.0037428010707790805
1873.821173292858	0.003741257898073217
1876.918398372681	0.0037397234498416625
1880.0156234525036	0.0037381976738987415
1883.1128485323266	0.003736680518430891
1886.2100736121495	0.0037351719319937333
1889.3072986919724	0.003733671863509175
1892.4045237717953	0.003732180262262535
1895.5017488516182	0.003730697077899701
1898.598973931441	0.0037292222604243096
1901.6961990112638	0.0037277557601949596
1904.7934240910868	0.003726297527922447
1907.8906491709095	0.003724847514667028
1910.9878742507326	0.003723405671835711
1914.0850993305553	0.0037219719511795684
1917.1823244103784	0.0037205463047910816
1920.2795494902011	0.003719128685101506
1923.3767745700243	0.0037177190448782612
1926.473999649847	0.0037163173372223505
1929.5712247296697	0.0037149235155658003
1932.6684498094928	0.003713537533669125
1935.7656748893155	0.0037121593456188188
1938.8628999691387	0.0037107889058248657
1941.9601250489613	0.0037094261690182777
1945.0573501287845	0.003708071090248656
1948.1545752086072	0.003706723624881772
1951.2518002884299	0.0037053837285971726
1954.349025368253	0.003704051357385812
1957.4462504480757	0.003702726467547697
1960.5434755278989	0.0037014090156895644
1963.6407006077216	0.003700098958722571
1966.7379256875447	0.003698796253860013
1969.8351507673674	0.003697500858615061
1972.93237584719	0.0036962127307985184
1976.0296009270132	0.003694931828516602
1979.126826006836	0.0036936581101687403
1982.224051086659	0.003692391534445394
1985.3212761664818	0.0036911320603258972
1988.4185012463045	0.003689879647076317
1991.5157263261276	0.003688634254247335
1994.6129514059503	0.003687395841672145
1997.7101764857734	0.003686164369464375
2000.8074015655961	0.003684939798016023
2003.9046266454193	0.003683722087995416
2007.001851725242	0.0036825112003451856
2010.0990768050647	0.0036813070962802624
2013.1963018848878	0.0036801097372858907
2016.2935269647105	0.0036789190851156586
2019.3907520445337	0.003677735101789548
2022.4879771243563	0.003676557749592
2025.5852022041795	0.0036753869910700018
2028.6824272840022	0.003674222789031189
2031.7796523638249	0.0036730651065419646
2034.876877443648	0.0036719139069256346
2037.9741025234707	0.0036707691537605637
2041.0713276032939	0.003669630810878344
2044.1685526831166	0.0036684988423619845
2047.2657777629393	0.0036673732125441097
2050.3630028427624	0.0036662538860051854
2053.460227922585	0.0036651408275717484
2056.5574530024082	0.0036640340023146633
2059.654678082231	0.0036629333755473868
2062.751903162054	0.003661838912824252
2065.8491282418768	0.003660750579938766
2068.9463533216995	0.0036596683429219244
2072.0435784015226	0.003658592168040541
2075.1408034813453	0.003657522021795588
2078.2380285611684	0.0036564578709205606
2081.335253640991	0.003655399682379846
2084.4324787208143	0.0036543474233671114
2087.529703800637	0.0036533010613037094
2090.6269288804597	0.003652260563837092
2093.724153960283	0.003651225898839243
2096.8213790401055	0.0036501970344051202
2099.9186041199287	0.0036491739388511174
2103.0158291997514	0.0036481565807135337
2106.1130542795745	0.0036471449287470616
2109.210279359397	0.0036461389519232847
2112.30750443922	0.0036451386194291903
2115.404729519043	0.003644143900665697
2118.5019545988657	0.0036431547652461906
2121.599179678689	0.0036421711829950788
2124.6964047585116	0.0036411931239463528
2127.7936298383343	0.003640220558342167
2130.8908549181574	0.0036392534566314283
2133.98807999798	0.0036382917894683957
2137.0853050778032	0.003637335527711298
2140.182530157626	0.0036363846424209588
2143.279755237449	0.0036354391048594352
2146.376980317272	0.0036344988864886697
2149.4742053970945	0.0036335639589691513
2152.5714304769176	0.003632634294158591
2155.6686555567403	0.003631709864110606
2158.7658806365635	0.003630790641073418
2161.863105716386	0.0036298765974885627
2164.9603307962093	0.00362896770598961
2168.057555876032	0.003628063939400893
2171.1547809558547	0.0036271652707362523
2174.252006035678	0.0036262716731977895
2177.3492311155005	0.00362538312017463
2180.4464561953237	0.0036244995852417
2183.5436812751464	0.0036236210421585085
2186.640906354969	0.0036227474648679483
2189.738131434792	0.003621878827495099
2192.835356514615	0.0036210151043460457
2195.932581594438	0.0036201562699067057
2199.0298066742607	0.0036193022988416667
2202.127031754084	0.0036184531659930333
2205.2242568339066	0.003617608846379287
2208.3214819137293	0.00361676931519415
2211.4187069935524	0.0036159345478054663
2214.515932073375	0.0036151045197540866
2217.6131571531982	0.003614279206752765
2220.710382233021	0.003613458584685066
2223.807607312844	0.0036126426296042807
2226.904832392667	0.003611831317732351
2230.0020574724895	0.0036110246254588037
2233.0992825523126	0.003610222529339696
2236.1965076321353	0.0036094250060965654
2239.2937327119585	0.0036086320326153935
2242.390957791781	0.0036078435859455775
2245.488182871604	0.003607059643298907
2248.585407951427	0.0036062801820485545
2251.6826330312497	0.003605505179728074
2254.779858111073	0.0036047346140304025
2257.8770831908955	0.0036039684628068783
2260.9743082707187	0.0036032067040662617
2264.0715333505414	0.003602449315973769
2267.168758430364	0.0036016962768501077
2270.265983510187	0.00360094756517053
2273.36320859001	0.003600203159563884
2276.460433669833	0.0035994630388116807
2279.5576587496557	0.0035987271818471666
2282.654883829479	0.0035979955677544018
2285.7521089093016	0.0035972681757673514
2288.8493339891243	0.003596544985268978
2291.9465590689474	0.0035958259757903482
2295.04378414877	0.0035951111270097445
2298.1410092285932	0.0035944004187517826
2301.238234308416	0.0035936938309865402
2304.335459388239	0.0035929913438286897
2307.432684468062	0.003592292937536641
2310.5299095478845	0.0035915985925116917
2313.6271346277076	0.0035909082892971816
2316.7243597075303	0.003590222008577658
2319.8215847873535	0.0035895397311780457
2322.918809867176	0.003588861438062827
2326.016034946999	0.003588187110335226
2329.113260026822	0.0035875167292364
2332.2104851066447	0.0035868502761446396
2335.307710186468	0.003586187732574576
2338.4049352662905	0.003585529080176393
2341.5021603461137	0.0035848743007350463
2344.5993854259364	0.0035842233761694915
2347.696610505759	0.003583576288531916
2350.793835585582	0.0035829330200069813
2353.891060665405	0.0035822935529110657
2356.988285745228	0.003581657869691522
2360.0855108250507	0.0035810259529259333
2363.182735904874	0.0035803977853213808
2366.2799609846966	0.003579773349713715
2369.3771860645193	0.0035791526290668355
2372.4744111443424	0.003578535606471976
2375.571636224165	0.0035779222651469928
2378.6688613039883	0.0035773125884356665
2381.766086383811	0.0035767065598070018
2384.8633114636336	0.0035761041628545385
2387.960536543457	0.003575505381295667
2391.0577616232795	0.0035749101989709484
2394.1549867031026	0.003574318599843444
2397.2522117829253	0.0035737305679980464
2400.3494368627485	0.003573146087640822
2403.446661942571	0.003572565143098351
2406.543887022394	0.003571987718817082
2409.641112102217	0.003571413799362687
2412.7383371820397	0.0035708433694194236
2415.835562261863	0.0035702764137895016
2418.9327873416855	0.0035697129173924568
2422.0300124215087	0.003569152865264532
2425.1272375013314	0.0035685962425580564
2428.224462581154	0.003568043034540839
2431.321687660977	0.0035674932265955623
2434.4189127408	0.0035669468042191835
2437.516137820623	0.003566403753022338
2440.6133629004457	0.0035658640587287543
2443.710587980269	0.0035653277071746644
2446.8078130600916	0.0035647946843082325
2449.9050381399143	0.0035642649761889744
2453.0022632197374	0.003563738568987194
2456.09948829956	0.0035632154489834192
2459.196713379383	0.0035626956025678414
2462.293938459206	0.003562179016239765
2465.3911635390286	0.0035616656766070585
2468.488388618852	0.00356115557038561
2471.5856136986745	0.0035606486843987907
2474.682838778497	0.0035601450055769202
2477.7800638583203	0.0035596445209567376
2480.877288938143	0.0035591472176808793
2483.9745140179657	0.0035586530829973587
2487.071739097789	0.003558162104259051
2490.1689641776115	0.0035576742689231848
2493.2661892574347	0.003557189564550837
2496.3634143372574	0.0035567079788064336
2499.46063941708	0.00355622949945725
2502.557864496903	0.0035557541143729243
2505.655089576726	0.003555281811524967
2508.752314656549	0.003554812578986282
2511.8495397363718	0.003554346404930687
2514.9467648161944	0.00355388327763244
2518.0439898960176	0.0035534231854657708
2521.1412149758403	0.0035529661169044183
2524.238440055663	0.003552512060521167
2527.335665135486	0.0035520610049873933
2530.432890215309	0.003551612939072615
2533.530115295132	0.0035511678516440414
2536.6273403749547	0.0035507257316661324
2539.724565454778	0.0035502865682001585
2542.8217905346005	0.0035498503504037674
2545.919015614423	0.00354941706753055
2549.0162406942463	0.003548986708929621
2552.113465774069	0.0035485592640451882
2555.210690853892	0.0035481347224161418
2558.307915933715	0.0035477130736756343
2561.405141013538	0.0035472943075506753
2564.5023660933607	0.0035468784138617203
2567.5995911731834	0.0035464653825222742
2570.6968162530065	0.0035460552035384884
2573.7940413328292	0.0035456478670087698
2576.8912664126524	0.0035452433631233864
2579.988491492475	0.0035448416821640856
2583.085716572298	0.0035444428145037076
2586.182941652121	0.0035440467506058096
2589.2801667319436	0.0035436534810242876
2592.3773918117668	0.003543262996403007
2595.4746168915894	0.003542875287475436
2598.5718419714126	0.003542490345064278
2601.6690670512353	0.0035421081600811167
2604.766292131058	0.0035417287235260555
2607.863517210881	0.003541352026487367
2610.960742290704	0.003540978060141142
2614.057967370527	0.003540606815750946
2617.1551924503497	0.0035402382846674756
2620.252417530173	0.003539872458328221
2623.3496426099955	0.0035395093282571326
2626.446867689818	0.0035391488860642855
2629.5440927696413	0.0035387911234455584
2632.641317849464	0.0035384360321823027
2635.738542929287	0.003538083604141025
2638.83576800911	0.0035377338312730703
2641.932993088933	0.003537386705614308
2645.0302181687557	0.0035370422192848184
2648.1274432485784	0.0035367003644885906
2651.2246683284015	0.0035363611335132157
2654.3218934082242	0.003536024518729587
2657.4191184880474	0.0035356905125916026
2660.51634356787	0.003535359107635874
2663.613568647693	0.0035350302964814325
2666.710793727516	0.0035347040718294465
2669.8080188073386	0.0035343804264629333
2672.9052438871618	0.003534059353246481
2676.0024689669845	0.003533740845125972
2679.0996940468076	0.003533424895128307
2682.1969191266303	0.003533111496361135
2685.294144206453	0.003532800642012587
2688.391369286276	0.003532492325351011
2691.488594366099	0.003532186539724708
2694.585819445922	0.003531883278561679
2697.6830445257447	0.0035315825353693653
2700.780269605568	0.003531284303734399
2703.8774946853905	0.003530988577322356
2706.974719765213	0.0035306953498775054
2710.0719448450363	0.0035304046152225712
2713.169169924859	0.003530116367258492
2716.266395004682	0.0035298305999641837
2719.363620084505	0.003529547307396305
2722.460845164328	0.0035292664836890308
2725.5580702441507	0.00352898812305382
2728.6552953239734	0.0035287122197791942
2731.7525204037966	0.003528438768230516
2734.8497454836192	0.0035281677628497686
2737.9469705634424	0.0035278991981553434
2741.044195643265	0.0035276330687418244
2744.141420723088	0.00352736936927978
2747.238645802911	0.0035271080945155574
2750.3358708827336	0.003526849239271074
2753.4330959625568	0.003526592798443624
2756.5303210423795	0.0035263387670056738
2759.6275461222026	0.0035260871400046687
2762.7247712020253	0.003525837912562842
2765.821996281848	0.0035255910798770254
2768.919221361671	0.0035253466372184585
2772.016446441494	0.0035251045799326113
2775.113671521317	0.0035248649034389967
2778.2108966011397	0.0035246276032309975
2781.308121680963	0.0035243926748756873
2784.4053467607855	0.0035241601140136598
2787.502571840608	0.0035239299163588584
2790.5997969204313	0.003523702077698409
2793.697022000254	0.0035234765938924545
2796.794247080077	0.003523253460873997
2799.8914721599	0.003523032674648733
2802.9886972397226	0.003522814231294902
2806.0859223195457	0.003522598126963132
2809.1831473993684	0.0035223843578762863
2812.2803724791916	0.0035221729203293185
2815.3775975590142	0.003521963810689125
2818.4748226388374	0.0035217570253944053
2821.57204771866	0.003521552560955517
2824.669272798483	0.0035213504139543425
2827.766497878306	0.003521150581044154
2830.8637229581286	0.0035209530589494784
2833.9609480379518	0.0035207578444659718
2837.0581731177745	0.0035205649344602894
2840.1553981975976	0.0035203743258699636
2843.2526232774203	0.003520186015703282
2846.349848357243	0.003520000001039166
2849.447073437066	0.0035198162790270595
2852.544298516889	0.0035196348468868096
2855.641523596712	0.00351945570190856
2858.7387486765347	0.0035192788414526383
2861.8359737563574	0.003519104262949455
2864.9331988361805	0.003518931963899394
2868.030423916003	0.003518761941872718
2871.1276489958263	0.0035185941945094644
2874.224874075649	0.0035184287195193548
2877.322099155472	0.003518265514681698
2880.419324235295	0.0035181045778452996
2883.5165493151176	0.0035179459069283785
2886.6137743949407	0.0035177894999184733
2889.7109994747634	0.0035176353548723683
2892.8082245545866	0.0035174834699160046
2895.9054496344093	0.0035173338432444084
2899.0026747142324	0.003517186473121612
2902.099899794055	0.0035170413578805813
2905.197124873878	0.0035168984959231464
2908.294349953701	0.0035167578857199337
2911.3915750335236	0.003516619525810298
2914.4888001133468	0.0035164834148022632
2917.5860251931695	0.0035163495513724583
2920.6832502729926	0.003516217934266062
2923.7804753528153	0.003516088562296745
2926.877700432638	0.0035159614343466187
2929.974925512461	0.0035158365493661837
2933.072150592284	0.0035157139063742814
2936.169375672107	0.0035155935044580496
2939.2666007519297	0.003515475342772878
2942.3638258317524	0.0035153594205423683
2945.4610509115755	0.003515245737058295
2948.558275991398	0.003515134291680572
2951.6555010712214	0.0035150250838372143
2954.752726151044	0.0035149181130243127
2957.849951230867	0.003514813378806003
2960.94717631069	0.0035147108808144386
2964.0444013905126	0.003514610618749769
2967.1416264703357	0.003514512592380118
2970.2388515501584	0.003514416801541565
2973.3360766299816	0.0035143232461381283
2976.4333017098043	0.003514231926141753
2979.5305267896274	0.003514142841592297
2982.62775186945	0.0035140559925975253
2985.724976949273	0.0035139713793331004
2988.822202029096	0.00351388900204258
2991.9194271089186	0.0035138088610374165
2995.016652188742	0.003513730956696955
2998.1138772685645	0.003513655289468439
3001.211102348387	0.0035135818598670144
3004.3083274282103	0.0035135106684757397
3007.405552508033	0.003513441715945595
3010.502777587856	0.003513375002995496
3013.600002667679	0.003513310530412308
3016.697227747502	0.003513248299050867
3019.7944528273247	0.0035131883098339953
3022.8916779071474	0.0035131305637525283
3025.9889029869705	0.0035130750618653384
3029.086128066793	0.003513021805299362
3032.1833531466164	0.0035129707952496324
3035.280578226439	0.003512922032979308
3038.377803306262	0.0035128755198197107
3041.475028386085	0.003512831257170362
3044.5722534659076	0.0035127892464990244
3047.6694785457307	0.0035127494893417406
3050.7667036255534	0.0035127119873028826
3053.8639287053766	0.0035126767420551957
3056.9611537851993	0.0035126437553398486
3060.0583788650224	0.0035126130289664876
3063.155603944845	0.0035125845648132895
3066.252829024668	0.003512558364827019
3069.350054104491	0.003512534431023089
3072.4472791843136	0.003512512765485622
3075.544504264137	0.0035124933703675146
3078.6417293439595	0.0035124762478905055
3081.738954423782	0.0035124614003452436
3084.8361795036053	0.00351244883009136
3087.933404583428	0.003512438539557545
3091.030629663251	0.003512430531241622
3094.127854743074	0.0035124248077106285
3097.225079822897	0.0035124213716008976
3097.225079822949	0.003512420225618142
