0.0	0.1874392194805534
3.097225079822949	0.18743921948009482
6.194450159645898	0.163709179440703
9.291675239468848	0.14531334744084745
12.388900319291796	0.13063519269559581
15.486125399114746	0.11865136745416147
18.583350478937696	0.10868251744926567
21.680575558760644	0.10025995945054894
24.777800638583592	0.09304989929144529
27.87502571840654	0.08680816434191664
30.972250798229492	0.0813520181048279
34.06947587805244	0.07654198188461558
37.166700957875385	0.0722697501672241
40.26392603769833	0.06844994271573072
43.36115111752128	0.06501434371236359
46.458376197344236	0.06190779490761702
49.555601277167185	0.05908521405612706
52.65282635699013	0.05650939463505298
55.75005143681309	0.054149357996240245
58.847276516636036	0.05197910263459583
61.944501596459	0.04997664323347062
65.04172667628195	0.048123264072948875
68.13895175610489	0.04640293301291852
71.23617683592785	0.04480183715354514
74.3334019157508	0.04330801168401648
77.43062699557375	0.0419110408069046
80.5278520753967	0.0406018149206697
83.62507715521964	0.039372332089362444
86.7223022350426	0.038215534653828986
89.81952731486555	0.03712517393533846
92.9167523946885	0.03609569755351179
96.01397747451145	0.035122155068199636
99.11120255433441	0.034200118560646926
102.20842763415736	0.03332561546541329
105.30565271398031	0.032495071503615455
108.40287779380327	0.03170526198851835
111.5001028736262	0.030953270104641217
114.59732795344917	0.03023645102242015
117.69455303327211	0.0295524009178565
120.79177811309508	0.028898930132396458
123.88900319291801	0.02827403984158709
126.98622827274096	0.027675901708772776
130.08345335256394	0.0271028400875737
133.18067843238688	0.026553316408264412
136.27790351220983	0.026025915441672678
139.37512859203278	0.02551933318237592
142.47235367185573	0.025032366132778417
145.5695787516787	0.024563901802685265
148.66680383150162	0.024112910266506405
151.76402891132457	0.02367843664322936
154.86125399114752	0.023259594383601166
157.95847907097047	0.02285555926520825
161.05570415079345	0.0224655640098655
164.15292923061637	0.02208889344935163
167.2501543104393	0.021724880175406407
170.3473793902623	0.021372900618324416
173.44460447008524	0.021032371505674413
176.54182954990816	0.02070274665883861
179.63905462973113	0.020383514090363007
182.73627970955408	0.020074193369672047
185.83350478937706	0.01977433322863998
188.9307298692	0.019483509381920568
192.02795494902293	0.019201322539893855
195.1251800288459	0.018927396594659883
198.22240510866885	0.01866137696174893
201.3196301884918	0.018402929062173605
204.41685526831475	0.018151736931158752
207.5140803481377	0.017907501941384754
210.61130542796064	0.017669941629896675
213.70853050778362	0.01743878861899045
216.80575558760657	0.017213789622408472
219.9029806674295	0.01699470452907877
223.00020574725247	0.01678130555742946
226.0974308270754	0.016573376474016827
229.19465590689836	0.016370711870832184
232.2918809867213	0.016173116496210137
235.38910606654426	0.015980404634756664
238.48633114636723	0.015792399532157653
241.58355622619015	0.01560893286112327
244.68078130601313	0.015429844225076367
247.77800638583608	0.015254980696508994
250.875231465659	0.015084196387214364
253.97245654548198	0.014917352047855693
257.06968162530495	0.014754314694561852
260.1669067051279	0.01459495726044532
263.26413178495085	0.014439158270123159
266.36135686477377	0.01428680153548879
269.45858194459674	0.0141377758711333
272.55580702441966	0.013991974827951354
275.65303210424264	0.013849296443590401
278.7502571840656	0.013709643008513598
281.84748226388854	0.01357292084654858
284.9447073437115	0.013439040108886208
288.0419324235345	0.013307914580577333
291.1391575033574	0.013179461498651792
294.23638258318033	0.013053601381053291
297.3336076630033	0.01293025786564719
300.4308327428262	0.012809357558615909
303.5280578226492	0.012690829891609474
306.6252829024722	0.012574606987066958
309.7225079822951	0.012460623531168674
312.8197330621181	0.01234881665391947
315.91695814194105	0.012239125815900448
319.014183221764	0.012131492701260474
322.1114083015869	0.012025861116550003
325.20863338140987	0.011922176895028466
328.3058584612328	0.011820387806102796
331.40308354105576	0.011720443469578925
334.50030862087874	0.011622295274430493
337.59753370070166	0.011525896301809502
340.69475878052464	0.01143120125204277
343.7919838603476	0.011338166375375448
346.88920894017053	0.011246749406239166
349.98643401999345	0.011156909500837276
353.08365909981643	0.011068607177853523
356.18088417963935	0.010981804262103318
359.2781092594623	0.010896463830958596
362.3753343392853	0.010812550163388317
365.4725594191082	0.01073002869146681
368.5697844989312	0.010648865954211637
371.6670095787542	0.010569029553621481
374.7642346585771	0.010490488112792669
377.8614597384	0.010413211236000574
380.958684818223	0.010337169470639208
384.05590989804597	0.010262334270918827
387.1531349778689	0.010188677963227573
390.25036005769186	0.010116173713068822
393.34758513751484	0.01004479549349125
396.44481021733776	0.009974518054933565
399.54203529716074	0.0099053168964105
402.6392603769837	0.009837168237971004
405.7364854568066	0.009770048994363536
408.83371053662955	0.009703936749847215
411.93093561645253	0.009638809734091078
415.02816069627545	0.009574646799106981
418.1253857760984	0.00951142739716482
421.2226108559214	0.009449131559641567
424.3198359357443	0.009387739876758441
427.4170610155673	0.009327233478162934
430.5142860953903	0.009267594014314942
433.61151117521314	0.009208803638638385
436.7087362550361	0.009150844990401853
439.8059613348591	0.009093701178293756
442.903186414682	0.009037355764659348
446.000411494505	0.008981792750368716
449.09763657432796	0.008926996560286428
452.1948616541509	0.00887295202931517
455.29208673397386	0.008819644388987047
458.38931181379684	0.008767059254577656
461.4865368936197	0.008715182612719311
464.5837619734427	0.00866400080949099
467.68098705326565	0.008613500538963755
470.7782121330886	0.008563668832181435
473.87543721291155	0.008514493046557412
476.97266229273447	0.008465960855669283
480.0698873725575	0.00841806023943409
483.1671124523804	0.008370779474647663
486.26433753220334	0.008324107125872438
489.3615626120263	0.008278032036658858
492.45878769184924	0.00823254332108619
495.55601277167216	0.008187630355609295
498.6532378514952	0.00814328277119851
501.7504629313181	0.00809949044576042
504.84768801114103	0.008056243496827892
507.94491309096406	0.00801353227450825
511.042138170787	0.007971347354679041
514.1393632506099	0.007929679532421314
517.2365883304329	0.007888519815680764
520.3338134102559	0.007847859419147602
523.4310384900788	0.007807689758346379
526.5282635699018	0.007768002443927414
529.6254886497246	0.007728789276151852
532.7227137295475	0.007690042239562714
535.8199388093706	0.0076517534978346935
538.9171638891935	0.0076139153887957185
542.0143889690164	0.007576520419613634
545.1116140488394	0.00753956126214167
548.2088391286624	0.007503030748416591
551.3060642084854	0.00746692186630374
554.4032892883083	0.0074312277552833995
557.5005143681312	0.007395941702373153
560.5977394479543	0.007361057138181151
563.6949645277772	0.007326567633085413
566.7921896076001	0.007292466893534487
569.8894146874231	0.007258748758464994
572.9866397672461	0.007225407195831767
576.083864847069	0.007192436299246496
579.181089926892	0.007159830284720915
582.2783150067149	0.007127583487510779
585.3755400865377	0.007095690359056997
588.4727651663608	0.007064145464020453
591.5699902461837	0.007032943477407194
594.6672153260066	0.0070020791817807715
597.7644404058296	0.006971547464558675
600.8616654856526	0.0069413433153899294
603.9588905654755	0.006911461823611002
607.0561156452985	0.006881898175777319
610.1533407251214	0.006852647653267782
613.2505658049444	0.0068237056299597755
616.3477908847674	0.006795067569972262
619.4450159645902	0.006766729025474639
622.5422410444131	0.006738685634559142
625.639466124236	0.0067109331191746585
628.7366912040588	0.006683467283119882
631.8339162838818	0.006656284010093834
634.9311413637047	0.006629379261801848
638.0283664435275	0.006602749076115194
641.1255915233504	0.006576389565282561
644.2228166031733	0.006550296914191709
647.3200416829961	0.006524467378679666
650.417266762819	0.00649889728388988
653.514491842642	0.006473583022674822
656.6117169224649	0.006448521054042568
659.7089420022877	0.006423707901645976
662.8061670821106	0.006399140152313068
665.9033921619335	0.006374814454617349
669.0006172417563	0.006350727517486774
672.0978423215793	0.006326876108850162
675.1950674014022	0.0063032570543198815
678.292292481225	0.006279867235909692
681.3895175610479	0.006256703590786627
684.4867426408708	0.006233763110055893
687.5839677206936	0.006211042837577757
690.6811928005166	0.006188539868815442
693.7784178803395	0.006166251349713102
696.8756429601623	0.006144174475602944
699.9728680399852	0.006122306490140632
703.0700931198081	0.006100644684268123
706.167318199631	0.006079186395203097
709.2645432794538	0.006057929005454213
712.3617683592768	0.006036869941861406
715.4589934390997	0.0060160066746604915
718.5562185189225	0.005995336716571364
721.6534435987454	0.0059748576219091
724.7506686785682	0.005954566985717281
727.8478937583911	0.005934462442922921
730.9451188382141	0.005914541667512341
734.0423439180369	0.005894802371727407
737.1395689978598	0.005875242305281543
740.2367940776826	0.005855859254594952
743.3340191575055	0.005836651042048492
746.4312442373284	0.005817615525255697
749.5284693171512	0.005798750596352407
752.6256943969742	0.005780054181303522
755.7229194767971	0.005761524239226419
758.8201445566199	0.005743158761730523
761.9173696364428	0.005724955772272632
765.0145947162657	0.0057069133255275226
768.1118197960885	0.005689029506773441
771.2090448759114	0.0056713024312920485
774.3062699557344	0.005653730243782445
777.4034950355572	0.005636311117788877
780.5007201153801	0.005619043255141756
783.597945195203	0.0056019248854116376
786.6951702750258	0.0055849542653758025
789.7923953548487	0.005568129678497112
792.8896204346717	0.005551449434414787
795.9868455144946	0.005534911868446834
799.0840705943174	0.005518515341103761
802.1812956741403	0.005502258237613318
805.2785207539632	0.005486138967455971
808.375745833786	0.005470155963910797
811.472970913609	0.005454307683611573
814.5701959934319	0.005438592606112757
817.6674210732547	0.005423009233465122
820.7646461530776	0.005407556089800785
823.8618712329005	0.005392231720927404
826.9590963127233	0.005377034693931285
830.0563213925462	0.0053619635967891936
833.1535464723692	0.005347017037988632
836.250771552192	0.005332193646156379
839.3479966320149	0.005317492069695079
842.4452217118378	0.005302910976427675
845.5424467916607	0.005288449053249494
848.6396718714835	0.00527410500578779
851.7368969513064	0.005259877558068556
854.8341220311294	0.005245765452190436
857.9313471109522	0.005231767448005542
861.0285721907751	0.005217882322807033
864.125797270598	0.005204108871023252
867.2230223504208	0.005190445903918303
870.3202474302437	0.005176892249298881
873.4174725100667	0.0051634467512272075
876.5146975898895	0.00515010826973994
879.6119226697124	0.005136875680572889
882.7091477495353	0.005123747874891418
885.8063728293581	0.005110723759026382
888.903597909181	0.005097802254215484
892.000822989004	0.005084982296349898
895.0980480688269	0.005072262835726062
898.1952731486497	0.005059642836802495
901.2924982284726	0.005047121277961528
904.3897233082955	0.005034697151275841
907.4869483881183	0.005022369462279684
910.5841734679412	0.005010137229744669
913.6813985477642	0.004997999485460043
916.778623627587	0.004985955274017321
919.8758487074099	0.00497400365259919
922.9730737872328	0.004962143690772573
926.0702988670556	0.004950374470285778
929.1675239468785	0.004938695084869612
932.2647490267015	0.004927104640042396
935.3619741065244	0.004915602252918768
938.4591991863472	0.004904187052022213
941.5564242661701	0.00489285817710121
944.653649345993	0.004881614778948934
947.7508744258158	0.004870456019226428
950.8480995056387	0.004859381070289162
953.9453245854615	0.004848389115016906
957.0425496652845	0.004837479346646853
960.1397747451074	0.0048266509686099
963.2369998249303	0.004815903194370041
966.3342249047532	0.004805235247266778
969.4314499845761	0.004794646360360512
972.5286750643988	0.00478413577628082
975.6259001442218	0.0047737027470775815
978.7231252240447	0.004763346534074867
981.8203503038676	0.004753066407727551
984.9175753836905	0.004742861647480581
988.0148004635134	0.004732731541630841
991.1120255433361	0.004722675387191557
994.209250623159	0.004712692489759201
997.306475702982	0.004702782163382818
1000.4037007828049	0.0046929437304357455
1003.5009258626277	0.0046831765214896655
1006.5981509424506	0.004673479875190933
1009.6953760222735	0.00466385313813915
1012.7926011020963	0.004654295664767922
1015.8898261819191	0.00464480681722776
1018.9870512617421	0.004635385965271076
1022.084276341565	0.0046260324861392395
1025.181501421388	0.004616745764451639
1028.278726501211	0.004607525192096722
1031.3759515810336	0.004598370168124951
1034.4731766608566	0.004589280098643661
1037.5704017406795	0.004580254396713765
1040.6676268205024	0.004571292482248265
1043.7648519003253	0.004562393781912548
1046.8620769801482	0.00455355772902642
1049.959302059971	0.004544783763467833
1053.0565271397938	0.004536071331578302
1056.1537522196168	0.004527419886069941
1059.2509772994397	0.004518828885934107
1062.3482023792626	0.004510297796351619
1065.4454274590855	0.004501826088604513
1068.5426525389084	0.004493413239989308
1071.6398776187311	0.004485058733731746
1074.737102698554	0.004476762058902986
1077.834327778377	0.00446852271033722
1080.9315528582	0.004460340188550679
1084.0287779380228	0.004452213999662
1087.1260030178457	0.004444143655313944
1090.2232280976684	0.0044361286725964144
1093.3204531774913	0.004428168573970767
1096.4176782573143	0.004420262887195384
1099.5149033371372	0.004412411145252481
1102.61212841696	0.00440461288627613
1105.709353496783	0.00439686765348147
1108.806578576606	0.0043891749950950906
1111.9038036564286	0.0043815344642865505
1115.0010287362516	0.0043739456191010315
1118.0982538160745	0.004366408022393079
1121.1954788958974	0.004358921241761436
1124.2927039757203	0.004351484849484932
1127.389929055543	0.004344098422459407
1130.487154135366	0.004336761542135663
1133.5843792151888	0.004329473794458416
1136.6816042950118	0.004322234769806223
1139.7788293748345	0.004315044062932383
1142.8760544546574	0.004307901272906774
1145.9732795344803	0.0043008060030586244
1149.0705046143032	0.004293757860920198
1152.1677296941261	0.00428675645817136
1155.2649547739488	0.00427980141058504
1158.3621798537717	0.004272892337973535
1161.4594049335947	0.0042660288641356795
1164.5566300134176	0.004259210616804827
1167.6538550932405	0.004252437227597659
1170.7510801730632	0.004245708331963788
1173.8483052528861	0.004239023569136146
1176.945530332709	0.004232382582082149
1180.042755412532	0.004225785017455612
1183.1399804923549	0.004219230525549415
1186.2372055721778	0.0042127187602488915
1189.3344306520005	0.004206249378985939
1192.4316557318234	0.004199822042693836
1195.5288808116463	0.004193436415762742
1198.6261058914693	0.004187092165995887
1201.7233309712922	0.00418078896456642
1204.820556051115	0.004174526485974919
1207.917781130938	0.00416830440800754
1211.0150062107607	0.004162122411694805
1214.1122312905836	0.004155980181271002
1217.2094563704065	0.004149877404134204
1220.3066814502295	0.004143813770806886
1223.4039065300524	0.004137788974897125
1226.5011316098753	0.004131802713060387
1229.598356689698	0.004125854684961881
1232.695581769521	0.004119944593239467
1235.7928068493438	0.004114072143467123
1238.8900319291668	0.004108237044118942
1241.9872570089897	0.0041024390065336645
1245.0844820888126	0.004096677744879735
1248.1817071686355	0.004090952976120866
1251.2789322484584	0.004085264419982108
1254.3761573282814	0.004079611798916416
1257.4733824081043	0.004073994838071703
1260.5706074879272	0.004068413265258369
1263.6678325677499	0.004062866810917303
1266.7650576475728	0.004057355208088349
1269.8622827273957	0.004051878192379222
1272.9595078072186	0.004046435501934877
1276.0567328870416	0.004041026877407312
1279.1539579668645	0.004035652061925812
1282.2511830466872	0.004030310801067603
1285.34840812651	0.0040250028428289435
1288.445633206333	0.004019727937596607
1291.542858286156	0.004014485838119788
1294.6400833659789	0.00400927629948239
1297.7373084458018	0.004004099079075714
1300.8345335256247	0.003998953936571529
1303.9317586054474	0.003993840633895518
1307.0289836852703	0.003988758935201099
1310.1262087650932	0.003983708606843614
1313.2234338449161	0.003978689417354876
1316.320658924739	0.003973701137418066
1319.417884004562	0.003968743539842987
1322.5151090843847	0.003963816399541656
1325.6123341642076	0.003958919493504229
1328.7095592440305	0.003954052600775269
1331.8067843238534	0.0039492155024303316
1334.9040094036764	0.003944407981552875
1338.0012344834993	0.003939629823211486
1341.098459563322	0.003934880814437415
1344.195684643145	0.003930160744202425
1347.2929097229678	0.00392546940339693
1350.3901348027907	0.003920806584808439
1353.4873598826136	0.003916172083100291
1356.5845849624366	0.003911565694790673
1359.6818100422595	0.003906987218231922
1362.7790351220822	0.003902436453590111
1365.876260201905	0.0038979132028249017
1368.973485281728	0.0038934172696696696
1372.070710361551	0.003888948459611895
1375.1679354413739	0.0038845065798738167
1378.2651605211968	0.0038800914393933394
1381.3623856010195	0.0038757028488051975
1384.4596106808424	0.0038713406204223663
1387.5568357606653	0.0038670045682177214
1390.6540608404882	0.003862694507805935
1393.7512859203111	0.0038584102564256186
1396.848511000134	0.0038541516329216883
1399.945736079957	0.0038499184577279726
1403.0429611597797	0.003845710552850041
1406.1401862396026	0.0038415277418482573
1409.2374113194255	0.0038373698498210536
1412.3346363992484	0.003833236703388423
1415.4318614790714	0.0038291281306756246
1418.5290865588943	0.003825043961297098
1421.626311638717	0.003820984026340588
1424.72353671854	0.0038169481583514723
1427.8207617983628	0.0038129361913172882
1430.9179868781857	0.0038089479606524626
1434.0152119580086	0.003804983303183232
1437.1124370378316	0.0038010420571327596
1440.2096621176545	0.0037971240621064353
1443.3068871974772	0.003793229159077371
1446.4041122773	0.0037893571903720733
1449.501337357123	0.0037855079996563
1452.598562436946	0.0037816814319210942
1455.6957875167689	0.0037778773334689957
1458.7930125965918	0.0037740955519004232
1461.8902376764145	0.0037703359361002313
1464.9874627562374	0.00376659833622443
1468.0846878360603	0.0037628826036870777
1471.1819129158832	0.0037591885911473296
1474.2791379957062	0.0037555161524966537
1477.376363075529	0.003751865142846201
1480.4735881553518	0.0037482354185143347
1483.5708132351747	0.003744626837014312
1486.6680383149976	0.00374103925704212
1489.7652633948205	0.0037374725384644574
1492.8624884746434	0.0037339265423068702
1495.9597135544664	0.0037304011307420265
1499.0569386342893	0.0037268961670781364
1502.154163714112	0.0037234115157475174
1505.251388793935	0.003719947042295292
1508.3486138737578	0.003716502613368231
1511.4458389535807	0.0037130780967037248
1514.5430640334037	0.0037096733611188906
1517.6402891132266	0.0037062882764998155
1520.7375141930493	0.003702922713790923
1523.8347392728722	0.003699576544984471
1526.931964352695	0.0036962496431101766
1530.029189432518	0.0036929418822249606
1533.126414512341	0.0036896531374028215
1536.2236395921639	0.0036863832847248254
1539.3208646719868	0.0036831322012692174
1542.4180897518095	0.003679899765101649
1545.5153148316324	0.0036766858552655227
1548.6125399114553	0.003673490351772452
1551.7097649912782	0.0036703131355928314
1554.8069900711012	0.0036671540886465195
1557.904215150924	0.0036640130937936324
1561.0014402307468	0.0036608900348254433
1564.0986653105697	0.00365778479645539
1567.1958903903926	0.0036546972643101898
1570.2931154702155	0.003651627324921051
1573.3903405500384	0.0036485748657149983
1576.4875656298614	0.0036455397750062885
1579.584790709684	0.0036425219419879296
1582.682015789507	0.0036395212567233025
1585.77924086933	0.0036365376101378725
1588.8764659491528	0.0036335708940110033
1591.9736910289757	0.003630621000967858
1595.0709161087987	0.003627687824471398
1598.1681411886216	0.0036247712588144774
1601.2653662684443	0.0036218711991120186
1604.3625913482672	0.0036189875412932842
1607.45981642809	0.0036161201820942355
1610.557041507913	0.0036132690190499787
1613.654266587736	0.003610433950487293
1616.7514916675589	0.0036076148755172497
1619.8487167473816	0.0036048116940279127
1622.9459418272045	0.003602024306677117
1626.0431669070274	0.0035992526148853356
1629.1403919868503	0.0035964965208286222
1632.2376170666732	0.003593755927431636
1635.3348421464962	0.0035910307383607404
1638.432067226319	0.0035883208580171863
1641.5292923061418	0.0035856261915303634
1644.6265173859647	0.003582946644751133
1647.7237424657876	0.0035802821242452336
1650.8209675456105	0.003577632537286757
1653.9181926254332	0.0035749977918516987
1657.0154177052561	0.003572377796611582
1660.112642785079	0.0035697724609271494
1663.209867864902	0.0035671816948421244
1666.307092944725	0.0035646054090770424
1669.4043180245476	0.00356204351502315
1672.5015431043705	0.00355949592473637
1675.5987681841934	0.0035569625509313343
1678.6959932640164	0.003554443306975479
1681.793218343839	0.0035519381068832073
1684.890443423662	0.0035494468653101147
1687.9876685034849	0.0035469694975472765
1691.0848935833078	0.003544505919515596
1694.1821186631307	0.003542056047760219
1697.2793437429536	0.003539619799445004
1700.3765688227763	0.003537197092347051
1703.4737939025993	0.003534787844851297
1706.5710189824222	0.003532391975945159
1709.668244062245	0.0035300094052132434
1712.765469142068	0.0035276400528321075
1715.862694221891	0.0035252838395650773
1718.9599193017136	0.0035229406867571247
1722.0571443815365	0.0035206105163297927
1725.1543694613595	0.003518293250776181
1728.2515945411824	0.003515988813155979
1731.3488196210053	0.003513697127090559
1734.4460447008282	0.0035114181167581124
1737.5432697806511	0.0035091517068888433
1740.6404948604738	0.0035068978227602134
1743.7377199402968	0.0035046563901922323
1746.8349450201197	0.0035024273355428012
1749.9321700999426	0.003500210585703105
1753.0293951797655	0.0034980060680930487
1756.1266202595884	0.00349581371065675
1759.2238453394111	0.0034936334418580696
1762.321070419234	0.0034914651906761923
1765.418295499057	0.0034893088866012585
1768.51552057888	0.00348716445963003
1771.6127456587028	0.0034850318402616137
1774.7099707385257	0.0034829109594932185
1777.8071958183486	0.0034808017488159645
1780.9044208981713	0.0034787041402107297
1784.0016459779943	0.003476618066144041
1787.0988710578172	0.003474543459564011
1790.19609613764	0.00347248025389631
1793.293321217463	0.0034704283830401857
1796.390546297286	0.0034683877813645194
1799.4877713771086	0.0034663583837039238
1802.5849964569315	0.0034643401253548816
1805.6822215367545	0.003462332942071921
1808.7794466165774	0.0034603367700638352
1811.8766716964003	0.00345835154598993
1814.9738967762232	0.0034563772069563237
1818.071121856046	0.003454413690512271
1821.1683469358688	0.003452460934646533
1824.2655720156918	0.0034505188777837793
1827.3627970955147	0.0034485874587810283
1830.4600221753376	0.003446666616924122
1833.5572472551605	0.003444756291924239
1836.6544723349834	0.0034428564239144346
1839.7516974148061	0.003440966953446227
1842.848922494629	0.0034390878214862106
1845.946147574452	0.0034372189694127017
1849.043372654275	0.0034353603390124216
1852.1405977340978	0.0034335118724772113
1855.2378228139207	0.003431673512400778
1858.3350478937434	0.003429845201775476
1861.4322729735663	0.003428026883989114
1864.5294980533893	0.0034262185028218033
1867.6267231332122	0.0034244200024428264
1870.723948213035	0.0034226313274075453
1873.821173292858	0.003420852422654334
1876.918398372681	0.003419083233501546
1880.0156234525036	0.003417323705644506
1883.1128485323266	0.0034155737851525366
1886.2100736121495	0.003413833418466011
1889.3072986919724	0.003412102552393435
1892.4045237717953	0.0034103811341085555
1895.5017488516182	0.0034086691111475027
1898.598973931441	0.0034069664314059526
1901.6961990112638	0.003405273043136324
1904.7934240910868	0.0034035888949449956
1907.8906491709095	0.0034019139357895586
1910.9878742507326	0.003400248114976086
1914.0850993305553	0.0033985913821564383
1917.1823244103784	0.003396943687325585
1920.2795494902011	0.0033953049808189586
1923.3767745700243	0.003393675213309836
1926.473999649847	0.003392054335806734
1929.5712247296697	0.0033904422996508424
1932.6684498094928	0.0033888390565134756
1935.7656748893155	0.0033872445583935456
1938.8628999691387	0.0033856587576150663
1941.9601250489613	0.0033840816068246757
1945.0573501287845	0.003382513058989184
1948.1545752086072	0.003380953067393144
1951.2518002884299	0.0033794015856364458
1954.349025368253	0.0033778585676319324
1957.4462504480757	0.0033763239676030416
1960.5434755278989	0.0033747977400814637
1963.6407006077216	0.0033732798399048265
1966.7379256875447	0.0033717702222144023
1969.8351507673674	0.0033702688424528306
1972.93237584719	0.003368775656361871
1976.0296009270132	0.0033672906199801677
1979.126826006836	0.0033658136896410422
1982.224051086659	0.003364344821970304
1985.3212761664818	0.0033628839738840794
1988.4185012463045	0.0033614311025866655
1991.5157263261276	0.0033599861655683977
1994.6129514059503	0.0033585491206035442
1997.7101764857734	0.003357119925748215
2000.8074015655961	0.0033556985393382917
2003.9046266454193	0.003354284919987375
2007.001851725242	0.0033528790265847552
2010.0990768050647	0.003351480818293397
2013.1963018848878	0.0033500902545479444
2016.2935269647105	0.003348707295052746
2019.3907520445337	0.003347331899779894
2022.4879771243563	0.003345964028967287
2025.5852022041795	0.003344603643116703
2028.6824272840022	0.003343250702991898
2031.7796523638249	0.003341905169616718
2034.876877443648	0.0033405670042732255
2037.9741025234707	0.0033392361684998506
2041.0713276032939	0.0033379126240895497
2044.1685526831166	0.0033365963330879893
2047.2657777629393	0.00333528725779174
2050.3630028427624	0.003333985360746492
2053.460227922585	0.003332690604745282
2056.5574530024082	0.0033314029528267405
2059.654678082231	0.00333012236827335
2062.751903162054	0.0033288488146097253
2065.8491282418768	0.003327582255600902
2068.9463533216995	0.0033263226552506476
2072.0435784015226	0.0033250699777997808
2075.1408034813453	0.0033238241877245125
2078.2380285611684	0.003322585249734797
2081.335253640991	0.003321353128772699
2084.4324787208143	0.0033201277900107777
2087.529703800637	0.0033189091988504813
2090.6269288804597	0.003317697320920558
2093.724153960283	0.0033164921220754833
2096.8213790401055	0.0033152935683938966
2099.9186041199287	0.003314101626177054
2103.0158291997514	0.0033129162619472984
2106.1130542795745	0.003311737442446536
2109.210279359397	0.003310565134634731
2112.30750443922	0.0033093993056884136
2115.404729519043	0.0033082399229992002
2118.5019545988657	0.003307086954172326
2121.599179678689	0.0033059403670251913
2124.6964047585116	0.003304800129585922
2127.7936298383343	0.0033036662100919393
2130.8908549181574	0.003302538576988546
2133.98807999798	0.003301417198927523
2137.0853050778032	0.003300302044765736
2140.182530157626	0.00329919308356376
2143.279755237449	0.0032980902845845114
2146.376980317272	0.003296993617291893
2149.4742053970945	0.0032959030513494522
2152.5714304769176	0.0032948185566190483
2155.6686555567403	0.0032937401031595346
2158.7658806365635	0.00329266766122545
2161.863105716386	0.0032916012012657214
2164.9603307962093	0.0032905406939223803
2168.057555876032	0.0032894861100292868
2171.1547809558547	0.0032884374206108677
2174.252006035678	0.003287394596880864
2177.3492311155005	0.003286357610241089
2180.4464561953237	0.0032853264322802007
2183.5436812751464	0.0032843010347724765
2186.640906354969	0.0032832813896766094
2189.738131434792	0.0032822674691345053
2192.835356514615	0.0032812592454700973
2195.932581594438	0.003280256691188165
2199.0298066742607	0.0032792597789731677
2202.127031754084	0.003278268481688086
2205.2242568339066	0.0032772827723732746
2208.3214819137293	0.003276302624245321
2211.4187069935524	0.003275328010695921
2214.515932073375	0.0032743589052907558
2217.6131571531982	0.003273395281768388
2220.710382233021	0.0032724371140391557
2223.807607312844	0.0032714843761840876
2226.904832392667	0.0032705370424538187
2230.0020574724895	0.0032695950872675197
2233.0992825523126	0.0032686584852118336
2236.1965076321353	0.003267727211039824
2239.2937327119585	0.003266801239669928
2242.390957791781	0.003265880546184923
2245.488182871604	0.003264965105830898
2248.585407951427	0.003264054894016236
2251.6826330312497	0.0032631498863106064
2254.779858111073	0.003262250058443961
2257.8770831908955	0.003261355386305543
2260.9743082707187	0.003260465845942905
2264.0715333505414	0.0032595814135609295
2267.168758430364	0.003258702065520865
2270.265983510187	0.0032578277783393648
2273.36320859001	0.003256958528687538
2276.460433669833	0.0032560942933900043
2279.5576587496557	0.0032552350494239606
2282.654883829479	0.0032543807739182523
2285.7521089093016	0.003253531444152457
2288.8493339891243	0.00325268703755597
2291.9465590689474	0.0032518475317071015
2295.04378414877	0.003251012904332182
2298.1410092285932	0.00325018313330467
2301.238234308416	0.003249358196644275
2304.335459388239	0.003248538072516082
2307.432684468062	0.0032477227392296855
2310.5299095478845	0.003246912175238329
2313.6271346277076	0.003246106359138055
2316.7243597075303	0.0032453052696668604
2319.8215847873535	0.0032445088857038576
2322.918809867176	0.0032437171862684452
2326.016034946999	0.0032429301505194842
2329.113260026822	0.0032421477577544815
2332.2104851066447	0.00324136998740878
2335.307710186468	0.0032405968190547547
2338.4049352662905	0.0032398282324010187
2341.5021603461137	0.003239064207291632
2344.5993854259364	0.0032383047237053205
2347.696610505759	0.0032375497617546964
2350.793835585582	0.0032367993016854924
2353.891060665405	0.0032360533238757943
2356.988285745228	0.0032353118088352876
2360.0855108250507	0.0032345747372045063
2363.182735904874	0.0032338420897540863
2366.2799609846966	0.00323311384738403
2369.3771860645193	0.0032323899911229728
2372.4744111443424	0.0032316705021274584
2375.571636224165	0.003230955361681219
2378.6688613039883	0.0032302445511944605
2381.766086383811	0.0032295380522031573
2384.8633114636336	0.003228835846368349
2387.960536543457	0.0032281379154754436
2391.0577616232795	0.003227444241433531
2394.1549867031026	0.0032267548062746947
2397.2522117829253	0.0032260695921533366
2400.3494368627485	0.0032253885813455026
2403.446661942571	0.003224711756248216
2406.543887022394	0.003224039099378816
2409.641112102217	0.0032233705933743017
2412.7383371820397	0.003222706220990683
2415.835562261863	0.0032220459651023316
2418.9327873416855	0.0032213898087013475
2422.0300124215087	0.0032207377348969194
2425.1272375013314	0.0032200897269146988
2428.224462581154	0.0032194457680961757
2431.321687660977	0.0032188058418980607
2434.4189127408	0.0032181699318916705
2437.516137820623	0.0032175380217623227
2440.6133629004457	0.0032169100953087296
2443.710587980269	0.0032162861364424034
2446.8078130600916	0.0032156661291870615
2449.9050381399143	0.0032150500576780404
2453.0022632197374	0.0032144379061617117
2456.09948829956	0.003213829658994905
2459.196713379383	0.003213225300644335
2462.293938459206	0.0032126248156860325
2465.3911635390286	0.003212028188804782
2468.488388618852	0.003211435404793564
2471.5856136986745	0.0032108464485529997
2474.682838778497	0.003210261305090802
2477.7800638583203	0.003209679959521232
2480.877288938143	0.0032091023970645598
2483.9745140179657	0.0032085286030465263
2487.071739097789	0.003207958562897817
2490.1689641776115	0.0032073922621535314
2493.2661892574347	0.003206829686452665
2496.3634143372574	0.00320627082153759
2499.46063941708	0.003205715653253543
2502.557864496903	0.0032051641675481164
2505.655089576726	0.003204616350470756
2508.752314656549	0.0032040721881722587
2511.8495397363718	0.0032035316669042787
2514.9467648161944	0.0032029947730188367
2518.0439898960176	0.0032024614929678312
2521.1412149758403	0.0032019318133025584
2524.238440055663	0.0032014057206732303
2527.335665135486	0.0032008832018285025
2530.432890215309	0.0032003642436150043
2533.530115295132	0.00319984883297687
2536.6273403749547	0.003199336956955279
2539.724565454778	0.003198828602687996
2542.8217905346005	0.003198323757408919
2545.919015614423	0.0031978224084476246
2549.0162406942463	0.0031973245432289263
2552.113465774069	0.0031968301492724307
2555.210690853892	0.0031963392141920966
2558.307915933715	0.0031958517256958033
2561.405141013538	0.0031953676715849176
2564.5023660933607	0.0031948870397538677
2567.5995911731834	0.003194409818189719
2570.6968162530065	0.003193935994971756
2573.7940413328292	0.0031934655582710643
2576.8912664126524	0.0031929984963501197
2579.988491492475	0.003192534797562379
2583.085716572298	0.0031920744503518748
2586.182941652121	0.0031916174432528154
2589.2801667319436	0.0031911637648891857
2592.3773918117668	0.003190713403974355
2595.4746168915894	0.003190266349310681
2598.5718419714126	0.00318982258978913
2601.6690670512353	0.0031893821143888887
2604.766292131058	0.0031889449121769845
2607.863517210881	0.003188510972307909
2610.960742290704	0.003188080284023245
2614.057967370527	0.003187652836651296
2617.1551924503497	0.0031872286196067204
2620.252417530173	0.003186807622390168
2623.3496426099955	0.003186389834587919
2626.446867689818	0.0031859752458715286
2629.5440927696413	0.0031855638459974737
2632.641317849464	0.0031851556248068025
2635.738542929287	0.003184750572224787
2638.83576800911	0.0031843486782605814
2641.932993088933	0.003183949933006879
2645.0302181687557	0.0031835543266395777
2648.1274432485784	0.0031831618494174443
2651.2246683284015	0.0031827724916817838
2654.3218934082242	0.0031823862438561117
2657.4191184880474	0.003182003096445831
2660.51634356787	0.0031816230400379076
2663.613568647693	0.0031812460653005544
2666.710793727516	0.0031808721629829144
2669.8080188073386	0.0031805013239147493
2672.9052438871618	0.0031801335390061283
2676.0024689669845	0.0031797687992471237
2679.0996940468076	0.0031794070957075074
2682.1969191266303	0.003179048419536449
2685.294144206453	0.003178692761962218
2688.391369286276	0.0031783401142918915
2691.488594366099	0.003177990467911061
2694.585819445922	0.0031776438142835425
2697.6830445257447	0.003177300144951093
2700.780269605568	0.0031769594515331256
2703.8774946853905	0.00317662172572643
2706.974719765213	0.003176286959304894
2710.0719448450363	0.003175955144119231
2713.169169924859	0.003175626272096706
2716.266395004682	0.003175300335240867
2719.363620084505	0.00317497732563128
2722.460845164328	0.003174657235423264
2725.5580702441507	0.003174340056847632
2728.6552953239734	0.0031740257822104297
2731.7525204037966	0.0031737144038926825
2734.8497454836192	0.0031734059143501427
2737.9469705634424	0.003173100306113039
2741.044195643265	0.003172797571785829
2744.141420723088	0.0031724977040469547
2747.238645802911	0.0031722006956485995
2750.3358708827336	0.00317190653941645
2753.4330959625568	0.0031716152282494584
2756.5303210423795	0.0031713267551196087
2759.6275461222026	0.003171041113071684
2762.7247712020253	0.0031707582952230375
2765.821996281848	0.0031704782947633674
2768.919221361671	0.0031702011049544905
2772.016446441494	0.003169926719130123
2775.113671521317	0.0031696551306956587
2778.2108966011397	0.003169386333127955
2781.308121680963	0.0031691203199751177
2784.4053467607855	0.0031688570848562893
2787.502571840608	0.0031685966214614397
2790.5997969204313	0.0031683389235511606
2793.697022000254	0.003168083984956461
2796.794247080077	0.0031678317995785625
2799.8914721599	0.0031675823613887054
2802.9886972397226	0.003167335664427947
2806.0859223195457	0.0031670917028069692
2809.1831473993684	0.003166850470705885
2812.2803724791916	0.003166611962374051
2815.3775975590142	0.0031663761721298766
2818.4748226388374	0.0031661430943606427
2821.57204771866	0.0031659127235223153
2824.669272798483	0.003165685054139368
2827.766497878306	0.0031654600808046014
2830.8637229581286	0.003165237798178969
2833.9609480379518	0.003165018200991404
2837.0581731177745	0.0031648012840386464
2840.1553981975976	0.0031645870421850757
2843.2526232774203	0.003164375470362544
2846.349848357243	0.0031641665635702095
2849.447073437066	0.0031639603168743787
2852.544298516889	0.003163756725408342
2855.641523596712	0.0031635557843722193
2858.7387486765347	0.0031633574890328033
2861.8359737563574	0.0031631618347234066
2864.9331988361805	0.0031629688168437107
2868.030423916003	0.0031627784308596164
2871.1276489958263	0.0031625906723030993
2874.224874075649	0.003162405536772064
2877.322099155472	0.003162223019930202
2880.419324235295	0.003162043117506852
2883.5165493151176	0.0031618658252968628
2886.6137743949407	0.003161691139160456
2889.7109994747634	0.0031615190550230944
2892.8082245545866	0.003161349568875349
2895.9054496344093	0.0031611826767727713
2899.0026747142324	0.0031610183748357642
2902.099899794055	0.0031608566592494594
2905.197124873878	0.003160697526263593
2908.294349953701	0.003160540972192386
2911.3915750335236	0.003160386993414424
2914.4888001133468	0.003160235586372542
2917.5860251931695	0.0031600867475737103
2920.6832502729926	0.0031599404735889207
2923.7804753528153	0.0031597967610530776
2926.877700432638	0.0031596556066648884
2929.974925512461	0.0031595170071867604
2933.072150592284	0.003159380959444693
2936.169375672107	0.0031592474603281766
2939.2666007519297	0.003159116506790096
2942.3638258317524	0.003158988095846629
2945.4610509115755	0.0031588622245771504
2948.558275991398	0.003158738890124141
2951.6555010712214	0.0031586180896930934
2954.752726151044	0.0031584998205524237
2957.849951230867	0.003158384080033383
2960.94717631069	0.003158270865529971
2964.0444013905126	0.003158160174498855
2967.1416264703357	0.003158052004459286
2970.2388515501584	0.0031579463529930176
2973.3360766299816	0.003157843217744233
2976.4333017098043	0.0031577425964194644
2979.5305267896274	0.003157644486787523
2982.62775186945	0.0031575488866794252
2985.724976949273	0.0031574557939883243
2988.822202029096	0.0031573652066694403
2991.9194271089186	0.0031572771227399974
2995.016652188742	0.0031571915402791584
2998.1138772685645	0.0031571084574279623
3001.211102348387	0.003157027872389267
3004.3083274282103	0.003156949783427688
3007.405552508033	0.003156874188869547
3010.502777587856	0.003156801087102812
3013.600002667679	0.0031567304765770508
3016.697227747502	0.003156662355803378
3019.7944528273247	0.0031565967233544074
3022.8916779071474	0.0031565335778642074
3025.9889029869705	0.0031564729180282537
3029.086128066793	0.00315641474260339
3032.1833531466164	0.003156359050407787
3035.280578226439	0.0031563058403209026
3038.377803306262	0.0031562551112834475
3041.475028386085	0.0031562068622973476
3044.5722534659076	0.0031561610924257166
3047.6694785457307	0.0031561178007928196
3050.7667036255534	0.0031560769865840487
3053.8639287053766	0.0031560386490458933
3056.9611537851993	0.003156002787485918
3060.0583788650224	0.0031559694012727366
3063.155603944845	0.003155938489835994
3066.252829024668	0.0031559100526663453
3069.350054104491	0.003155884089315438
3072.4472791843136	0.003155860599395901
3075.544504264137	0.003155839582581325
3078.6417293439595	0.003155821038606255
3081.738954423782	0.0031558049672661815
3084.8361795036053	0.003155791368417531
3087.933404583428	0.0031557802419776592
3091.030629663251	0.0031557715879248515
3094.127854743074	0.003155765406298317
3097.225079822897	0.0031557616971981907
3097.225079822949	0.0031557604607855352
