0.0	0.12214066455607861
0.09796034216346627	0.11916096066027786
0.19592068432693255	0.11624355194136993
0.2938810264903988	0.11338722461512638
0.3918413686538651	0.11059079073192135
0.4898017108173314	0.1078530875652002
0.5877620529807976	0.10517297701783505
0.685722395144264	0.10254934504567452
0.7836827373077302	0.09998110109762473
0.8816430794711965	0.09746717757163527
0.9796034216346629	0.09500652928599013
1.077563763798129	0.09259813296533585
1.1755241059615953	0.09024098674090325
1.2734844481250616	0.08793410966440798
1.371444790288528	0.08567654123513598
1.4694051324519941	0.08346734093974517
1.5673654746154604	0.08130558780433601
1.6653258167789269	0.07919037995836326
1.763286158942393	0.07712083420998093
1.8612465011058592	0.07509608563243139
1.9592068432693257	0.073115287161106
2.0571671854327915	0.07117760920092232
2.155127527596258	0.06928223924367657
2.2530878697597245	0.06742838149504711
2.3510482119231906	0.06561525651093658
2.4490085540866566	0.06384210084285522
2.546968896250123	0.0621081666920595
2.6449292384135896	0.060412721572172104
2.742889580577056	0.05875504798002126
2.840849922740522	0.057134443074447774
2.9388102649039882	0.055550218362838036
3.0367706070674547	0.05400169939515136
3.1347309492309208	0.0524882254652193
3.2326912913943873	0.05100914931910296
3.3306516335578538	0.04956383687030254
3.4286119757213203	0.04815166692162212
3.526572317884786	0.04677203089349907
3.6245326600482524	0.04542433255861571
3.7224930022117184	0.04410798778261625
3.8204533443751854	0.042822424270761036
3.9184136865386514	0.04156708132035242
4.016374028702118	0.04034140957877755
4.114334370865583	0.039144870807013205
4.21229471302905	0.03797693764844928
4.310255055192516	0.03683709340288657
4.408215397355982	0.03572483180557522
4.506175739519449	0.03463965681115934
4.604136081682916	0.033581082382403024
4.702096423846381	0.03254863228357252
4.800056766009847	0.0315418398783571
4.898017108173313	0.03056024793221285
4.99597745033678	0.029603408419018172
5.093937792500246	0.028670882331933073
5.191898134663713	0.02776223949835842
5.289858476827179	0.026877058398893632
5.387818818990646	0.026014925990195056
5.485779161154112	0.025175437531639977
5.583739503317578	0.02435819641570458
5.681699845481044	0.02356281400196676
5.77966018764451	0.022788909454646285
5.8776205298079764	0.02203610958359986
5.9755808719714425	0.021304048688687793
6.073541214134909	0.02059236840743511
6.1715015562983755	0.019900717565908
6.2694618984618415	0.019228752032733182
6.367422240625308	0.018576134576185593
6.4653825827887745	0.01794253472427547
6.563342924952241	0.01732762862776487
6.6613032671157075	0.016731098926048196
6.759263609279174	0.016152634615830625
6.8572239514426405	0.015591930922542352
6.955184293606105	0.015048689174426269
7.053144635769572	0.014522616679240166
7.151104977933039	0.014013426603514258
7.249065320096505	0.013520837854308156
7.347025662259971	0.013044574963411451
7.444986004423437	0.012584367973934564
7.542946346586905	0.012139952329236554
7.640906688750371	0.011711068764139895
7.738867030913837	0.011297463198381586
7.836827373077303	0.010898886632252077
7.93478771524077	0.010515095044374742
8.032748057404236	0.010145849291579835
8.130708399567702	0.009790915010827468
8.228668741731166	0.009450062523135863
8.326629083894632	0.009123066739471695
8.4245894260581	0.008809707068560976
8.522549768221566	0.008509767326579303
8.620510110385032	0.008223035648681338
8.718470452548498	0.007949304402331256
8.816430794711964	0.007688370102394971
8.91439113687543	0.0074400333279581315
9.012351479038898	0.007204098640832497
9.110311821202364	0.006980374505716074
9.208272163365832	0.006768673211971561
9.306232505529298	0.0065688107969899615
9.404192847692762	0.006380606971105478
9.502153189856228	0.0062038850440301035
9.600113532019694	0.006038471852775536
9.69807387418316	0.005884197691032137
9.796034216346627	0.00574089623997423
9.893994558510094	0.005608404500462379
9.99195490067356	0.005486562726613728
10.089915242837026	0.005375214360712156
10.187875585000493	0.005274205969430484
10.285835927163959	0.005183387181337939
10.383796269327426	0.005102610625665985
10.481756611490892	0.005031731872307321
10.579716953654358	0.0049706093730220065
10.677677295817826	0.00491910440382653
10.775637637981292	0.004877081008541232
10.873597980144758	0.0048444059434726
10.971558322308224	0.004820948623207089
11.06951866447169	0.004806581067493964
11.167479006635157	0.004801177849194581
11.265439348798623	0.004804616043276852
11.363399690962089	0.004816775176833274
11.461360033125555	0.004837537180101735
11.55932037528902	0.004866786338468911
11.657280717452487	0.0049044092454358975
11.755241059615953	0.00495029475652713
11.853201401779419	0.0050043339441228196
11.951161743942885	0.005066420053196774
12.049122086106353	0.005136448457940602
12.147082428269819	0.0052143166192572055
12.245042770433285	0.005299924043105041
12.343003112596751	0.005393172239676894
12.440963454760217	0.0054939646833952905
12.538923796923683	0.005602206773709091
12.63688413908715	0.005717805796674198
12.734844481250615	0.005840670887303246
12.832804823414083	0.005970712992668267
12.930765165577549	0.006107844835741518
13.028725507741015	0.0062519808799592035
13.126685849904481	0.0064030372944942114
13.224646192067947	0.006560931920222593
13.322606534231415	0.0067255842363709295
13.420566876394881	0.00689691532782989
13.518527218558347	0.0070748478531215565
13.616487560721815	0.007259306013006214
13.714447902885281	0.00745021551971715
13.812408245048744	0.007647503566809523
13.91036858721221	0.007851098799611895
14.008328929375677	0.008060931286267864
14.106289271539143	0.00827693248935611
14.20424961370261	0.00849903523807729
14.302209955866077	0.008727173700996344
14.400170298029543	0.008961283359328965
14.49813064019301	0.009201300980761683
14.596090982356476	0.009447164593794324
14.694051324519942	0.009698813462595093
14.792011666683408	0.009956188062357239
14.889972008846874	0.01021923005514775
14.987932351010341	0.010487882266238278
15.08589269317381	0.010762088660908152
15.183853035337274	0.011041794321710735
15.281813377500741	0.01132694542619293
15.379773719664206	0.01161748922505994
15.477734061827674	0.011913374020775202
15.575694403991138	0.012214549146587636
15.673654746154606	0.012520964945977197
15.771615088318072	0.0128325727525106
15.86957543048154	0.01314932487009892
15.967535772645004	0.013471174553649094
16.06549611480847	0.013798075990101279
16.163456456971936	0.01412998427984464
16.261416799135404	0.014466855418503729
16.359377141298868	0.014808646279088431
16.457337483462332	0.015155314594499422
16.5552978256258	0.015506818940383204
16.653258167789264	0.015863118718328694
16.751218509952732	0.01622417413939905
16.8491788521162	0.016589946207992028
16.947139194279668	0.016960396706022042
17.045099536443132	0.017335488177417986
17.1430598786066	0.017715183912929876
17.241020220770064	0.01809944793523873
17.338980562933532	0.018488244984363206
17.436940905096996	0.01888154050335745
17.534901247260464	0.019279300624293963
17.63286158942393	0.019681492154526206
17.730821931587396	0.02008808256322478
17.82878227375086	0.020499039968182493
17.92674261591433	0.020914333122882156
18.024702958077796	0.021333931403822712
18.12266330024126	0.021757804798097368
18.22062364240473	0.02218592389122029
18.318583984568196	0.022618259855195177
18.416544326731664	0.0230547844368224
18.51450466889513	0.023495469946238752
18.612465011058596	0.023940289245686187
18.71042535322206	0.024389215738504028
18.808385695385525	0.024842223358341027
18.906346037548992	0.025299286558582247
19.004306379712457	0.025760380301986897
19.102266721875925	0.026225480050532712
19.20022706403939	0.02669456175546281
19.298187406202857	0.027167601847531038
19.39614774836632	0.02764457722744157
19.49410809052979	0.028125465256479628
19.592068432693253	0.028610243747328318
19.69002877485672	0.029098890955069106
19.78798911702019	0.029591385568361453
19.885949459183657	0.030087706700798304
19.98390980134712	0.030587833882434023
20.081870143510585	0.031091747051481176
20.179830485674053	0.03159942654617279
20.277790827837517	0.032110853096786934
20.375751170000985	0.03262600781783037
20.47371151216445	0.03314487220037771
20.571671854327917	0.0336674281045639
20.66963219649138	0.03419365775222551
20.767592538654853	0.03472354371968974
20.865552880818313	0.035257068930706285
20.963513222981785	0.0357942166495207
21.061473565145246	0.036334970474085564
21.159433907308717	0.036879314329407165
21.25739424947218	0.03742723246102468
21.355354591635653	0.03797870942861938
21.453314933799117	0.0385337300997513
21.551275275962585	0.03909227964372085
21.64923561812605	0.03965434352555255
21.747195960289517	0.040219907500099
21.84515630245298	0.04078895760626211
21.94311664461645	0.04136148016132981
22.041076986779913	0.04193746175542549
22.13903732894338	0.04251688924606814
22.236997671106845	0.04309974975284088
22.334958013270313	0.043686030652166
22.432918355433777	0.04427571957218386
22.530878697597245	0.044868804387734045
22.62883903976071	0.0454652732154367
22.726799381924177	0.04606511440887169
22.824759724087645	0.04666831655385391
22.92272006625111	0.04727486846380296
23.020680408414577	0.04788475917520513
23.11864075057804	0.04849797794316533
23.21660109274151	0.04911451423704863
23.314561434904974	0.04973435773620788
23.41252177706844	0.0503574983257968
23.510482119231906	0.05098392609266677
23.608442461395374	0.051613631321344985
23.706402803558838	0.05224660449009309
23.804363145722306	0.052882836267044375
23.90232348788577	0.053522317506417796
24.000283830049238	0.05416503924480772
24.098244172212706	0.05481099269754745
24.196204514376173	0.05546016925514544
24.294164856539638	0.056112560479792226
24.392125198703106	0.05676815810193751
24.49008554086657	0.05742695401693484
24.588045883030038	0.058088940281753945
24.686006225193502	0.058754109111757886
24.78396656735697	0.059422452877544926
24.881926909520434	0.06009396410185319
24.979887251683902	0.06076863545652718
25.077847593847366	0.061446459759544464
25.17580793601083	0.062127429972101994
25.2737682781743	0.06281153919576041
25.371728620337763	0.06349878066964498
25.46968896250123	0.06418914776770293
25.567649304664698	0.06488263399601493
25.665609646828166	0.0655792329901604
25.76356998899163	0.06627893851263529
25.861530331155098	0.06698174445032165
25.959490673318562	0.06768764481200694
26.05745101548203	0.0683966337259536
26.155411357645495	0.06910870543751653
26.253371699808962	0.06982385430680839
26.351332041972427	0.07054207480641117
26.449292384135894	0.0712633615191337
26.54725272629936	0.0719877091358136
26.64521306846283	0.07271511245316317
26.74317341062629	0.07344556637165825
26.841133752789762	0.07417906589346923
26.939094094953223	0.07491560612043291
27.037054437116694	0.07565518225206566
27.13501477928016	0.07639778958361503
27.23297512144363	0.07714342350415133
27.330935463607094	0.07789207949469645
27.428895805770562	0.07864375312639049
27.526856147934026	0.07939844005869455
27.624816490097487	0.08015613603762976
27.72277683226096	0.08091683689405114
27.82073717442442	0.08168053854195584
27.91869751658789	0.08244723697682535
28.016657858751355	0.08321692827400072
28.114618200914823	0.08398960858708997
28.212578543078287	0.08476527414640722
28.310538885241755	0.08554392125744353
28.40849922740522	0.08632554629936748
28.506459569568687	0.08711014572355591
28.604419911732155	0.08789771605215434
28.702380253895623	0.08868825387666555
28.800340596059087	0.08948175585656644
28.898300938222555	0.09027821871795284
28.99626128038602	0.0910776392522107
29.094221622549487	0.09188001431471454
29.19218196471295	0.09268534082355091
29.29014230687642	0.09349361575826844
29.388102649039883	0.09430483615865169
29.48606299120335	0.0951189991235203
29.584023333366815	0.09593610180955156
29.681983675530283	0.09675614143012674
29.779944017693747	0.09757911525420034
29.877904359857215	0.09840502060519186
29.975864702020683	0.09923385485989948
30.07382504418415	0.10006561544743611
30.17178538634762	0.10090029984818565
30.269745728511076	0.10173790559278081
30.367706070674547	0.10257843026110108
30.46566641283801	0.10342187148129045
30.563626755001483	0.10426822692879524
30.66158709716494	0.10511749432542056
30.75954743932841	0.10596967143840602
30.857507781491876	0.10682475607951955
30.955468123655347	0.1076827461041695
31.05342846581881	0.10854363941053424
31.151388807982276	0.10940743393870948
31.24934915014574	0.11027412766987221
31.34730949230921	0.1111437186254614
31.445269834472676	0.11201620486637512
31.543230176636143	0.11289158449218396
31.641190518799608	0.1137698556403592
31.73915086096308	0.11465101648551762
31.837111203126543	0.11553506523868028
31.935071545290008	0.11642200014654694
32.03303188745347	0.11731181949078401
32.13099222961694	0.11820452158732801
32.22895257178041	0.11910010478570125
32.32691291394387	0.11999856746834293
32.42487325610734	0.12089990804995188
32.52283359827081	0.12180412497684387
32.620793940434275	0.12271121672632072
32.718754282597736	0.12362118180605258
32.816714624761204	0.12453401875347227
32.914674966924665	0.12544972613518152
33.01263530908814	0.12636830254636966
33.1105956512516	0.127289746610243
33.20855599341507	0.12821405697746682
33.30651633557853	0.1291412323256169
33.404476677742004	0.13007127135864355
33.502437019905464	0.13100417280634533
33.60039736206893	0.1319399354238536
33.6983577042324	0.13287855799112733
33.79631804639587	0.13382003931245803
33.894278388559336	0.13476437821598433
33.992238730722796	0.1357115735532166
34.090199072886264	0.13666162419857078
34.18815941504973	0.13761452904891142
34.2861197572132	0.1385702870231043
34.38408009937666	0.13952889706157737
34.48204044154013	0.1404903581258908
34.580000783703596	0.14145466919831587
34.677961125867064	0.14242182928142133
34.775921468030525	0.14339183739766925
34.87388181019399	0.14436469258901768
34.97184215235746	0.14534039391653228
35.06980249452093	0.14631894046000518
35.167762836684396	0.14730033131758133
35.26572317884786	0.1482845656053926
35.363683521011325	0.14927164245719918
35.46164386317479	0.15026156102403776
35.55960420533826	0.1512543204738772
35.65756454750172	0.15224991999128087
35.75552488966519	0.1532483587770753
35.85348523182866	0.1542496360480265
35.951445573992125	0.15525375103652145
36.04940591615559	0.15626070299025704
36.14736625831905	0.15727049117193437
36.24532660048252	0.15828311485895963
36.34328694264599	0.1592985733431511
36.44124728480946	0.1603168659304514
36.539207626972924	0.16133799194064574
36.63716796913639	0.16236195070708623
36.73512831129985	0.16338874157642097
36.83308865346333	0.16441836390832903
36.93104899562679	0.16545081707526058
37.02900933779026	0.16648610046218204
37.12696967995372	0.16752421346632662
37.22493002211719	0.16856515549694967
37.32289036428065	0.16960892597508873
37.42085070644412	0.17065552433332884
37.51881104860758	0.17170495001557193
37.61677139077105	0.17275720247681142
37.71473173293452	0.17381228118291084
37.812692075097985	0.1748701856103869
37.910652417261446	0.17593091524619736
38.00861275942491	0.17699446958753248
38.10657310158839	0.17806084814161138
38.20453344375185	0.17913005042548133
38.30249378591532	0.18020207596582244
38.40045412807878	0.18127692429875503
38.49841447024225	0.18235459496965187
38.59637481240571	0.183435087532953
38.69433515456918	0.18451840155198548
38.79229549673264	0.18560453659878576
38.89025583889612	0.1866934922539263
38.98821618105958	0.18778526810634497
39.086176523223045	0.1888798637531784
39.184136865386506	0.1899772787995986
39.282097207549974	0.1910775128586525
39.38005754971344	0.19218056555110496
39.47801789187691	0.19328643650528474
39.57597823404038	0.19439512535693362
39.67393857620384	0.19550663174905902
39.77189891836731	0.19662095533178855
39.869859260530774	0.19773809576222814
39.96781960269424	0.19885805270432286
40.0657799448577	0.19998082582872084
40.16374028702117	0.20110641481263905
40.26170062918464	0.20223481933973267
40.359660971348106	0.2033660390999664
40.45762131351157	0.2045000737894891
40.555581655675034	0.2056369231105097
40.6535419978385	0.20677658677117738
40.75150234000197	0.20791906448546166
40.84946268216544	0.20906435597303785
40.9474230243289	0.21021246095917226
41.04538336649237	0.21136337917461104
41.143343708655834	0.21251711035547055
41.2413040508193	0.21367365424313087
41.33926439298276	0.2148330105841303
41.437224735146245	0.21599517913006272
41.535185077309706	0.21716015963747648
41.633145419473166	0.21832795186777604
41.73110576163663	0.21949855558712472
41.82906610380011	0.22067197056635013
41.92702644596357	0.22184819658085045
42.02498678812703	0.22302723341050432
42.12294713029049	0.22420908083958066
42.22090747245397	0.22539373865665135
42.318867814617434	0.2265812066545055
42.4168281567809	0.22777148463006508
42.51478849894436	0.22896457238430304
42.61274884110784	0.2301604697221619
42.710709183271305	0.2313591764524747
42.808669525434766	0.23256069238788765
42.906629867598234	0.23376501734478405
43.00459020976169	0.23497215114320952
43.10255055192517	0.23618209360679934
43.20051089408863	0.23739484456270615
43.2984712362521	0.23861040384153065
43.39643157841555	0.2398287712772521
43.494391920579034	0.24104994670716173
43.592352262742494	0.24227392997179564
43.69031260490596	0.24350072091487104
43.78827294706942	0.24473031938322232
43.8862332892329	0.24596272522673912
43.984193631396366	0.24719793829830475
44.08215397355983	0.24843595845373745
44.180114315723294	0.2496767855517313
44.27807465788676	0.25092041945379895
44.37603500005023	0.25216686002421496
44.47399534221369	0.2534161071299618
44.57195568437716	0.2546681606406748
44.669916026540626	0.2559230204285899
44.767876368704094	0.2571806863684908
44.865836710867555	0.2584411583376597
44.96379705303102	0.25970443621582606
45.06175739519449	0.2609705198851186
45.15971773735796	0.26223940923001726
45.25767807952142	0.2635111041373056
45.35563842168489	0.2647856044960264
45.453598763848355	0.2660629101974349
45.55155910601182	0.2673430211349561
45.64951944817529	0.2686259372041402
45.74747979033875	0.2699116583026211
45.84544013250222	0.27120018433007476
45.94340047466569	0.2724915151881782
46.041360816829155	0.2737856507805695
46.139321158992615	0.2750825910128089
46.23728150115608	0.2763823357923406
46.33524184331955	0.2776848850284551
46.43320218548302	0.27899023863225175
46.53116252764648	0.28029839651660365
46.62912286980995	0.2816093585961218
46.727083211973415	0.2829231247871205
46.82504355413688	0.2842396950075828
46.92300389630035	0.2855590691771285
47.02096423846381	0.28688124721698016
47.11892458062729	0.2882062290499323
47.21688492279075	0.2895340146003187
47.314845264954215	0.2908646037939833
47.412805607117676	0.2921979965582486
47.51076594928115	0.29353419282188725
47.60872629144461	0.2948731925150923
47.70668663360808	0.29621499556944964
47.80464697577154	0.29755960191790953
47.90260731793501	0.2989070114947598
48.000567660098476	0.30025722423559936
48.09852800226194	0.3016102400773111
48.19648834442541	0.30296605895803747
48.29444868658887	0.3043246808171546
48.39240902875235	0.3056861055952482
48.49036937091581	0.3070503332340886
48.588329713079276	0.308417363676608
48.686290055242736	0.3097871968668769
48.78425039740621	0.31115983275008186
48.88221073956967	0.312535271272502
48.98017108173314	0.3139135123814886
49.0781314238966	0.31529455602544315
49.176091766060075	0.31667840215379645
49.274052108223536	0.31806505071698743
49.372012450387004	0.31945450166644435
49.469972792550465	0.3208467549545641
49.56793313471394	0.3222418105346933
49.6658934768774	0.32363966836110897
49.76385381904087	0.3250403283890001
49.861814161204336	0.3264437905744499
49.959774503367804	0.32785005487441754
50.05773484553127	0.3292591212467206
50.15569518769473	0.33067098965001823
50.2536555298582	0.3320856600437941
50.35161587202166	0.33350313238834
50.449576214185136	0.33492340664474074
50.5475365563486	0.3363464827748559
50.645496898512064	0.3377723607413069
50.743457240675525	0.33920104050746075
50.841417582839	0.340632522037415
50.93937792500246	0.34206680529598305
51.03733826716593	0.3435038902486808
51.135298609329396	0.3449437768617116
51.233258951492864	0.34638646510195376
51.33121929365633	0.34783195493694485
51.42917963581979	0.34928024633487126
51.52713997798326	0.35073133926455374
51.62510032014673	0.3521852336954346
51.723060662310196	0.35364192959756635
51.82102100447366	0.355101426941598
51.918981346637125	0.356563725698765
52.01694168880059	0.3580288258408762
52.11490203096406	0.35949672734030264
52.21286237312752	0.3609674301699668
52.31082271529099	0.36244093430333113
52.408783057454464	0.36391723971438755
52.506743399617925	0.36539634637764673
52.60470374178139	0.3668782542681279
52.70266408394485	0.36836296336134866
52.80062442610832	0.3698504736333147
52.89858476827179	0.3713407850605109
52.99654511043526	0.3728338976198905
53.09450545259872	0.374329811288867
53.192465794762185	0.3758285260453045
53.29042613692566	0.3773300418675084
53.38838647908912	0.37883435873421706
53.48634682125258	0.3803414766245929
53.58430716341605	0.3818513955182139
53.682267505579524	0.38336411539506604
53.78022784774299	0.3848796362355335
53.878188189906446	0.38639795802039256
53.976148532069914	0.387919080730803
54.07410887423339	0.3894430043483001
54.17206921639686	0.39096972885478753
54.27002955856032	0.39249925423253
54.36798990072378	0.39403158046414616
54.46595024288726	0.3955667075326014
54.56391058505072	0.39710463542120067
54.66187092721419	0.3986453641135821
54.75983126937764	0.4001888935937102
54.857791611541124	0.4017352238458697
54.955751953704585	0.4032843548546582
55.05371229586805	0.4048362866049809
55.15167263803151	0.40639101908204445
55.249632980194974	0.40794855227135
55.34759332235845	0.40950888615868863
55.44555366452192	0.41107202073013394
55.54351400668538	0.41263795597203823
55.64147434884884	0.4142066918710256
55.73943469101232	0.41577822841398715
55.83739503317578	0.4173525655880754
55.93535537533925	0.4189297033806991
56.03331571750271	0.42050964177951833
56.131276059666185	0.42209238077243955
56.229236401829645	0.42367792034761
56.32719674399311	0.42526626049341365
56.425157086156574	0.4268574011984661
56.52311742832005	0.42845134245161015
56.62107777048351	0.4300480842419112
56.71903811264698	0.43164762655865263
56.81699845481044	0.43324996939133187
56.91495879697391	0.43485511272965544
57.012919139137374	0.4364630565635358
57.11087948130084	0.43807380088308595
57.20883982346431	0.43968734567861667
57.30680016562778	0.44130369094063215
57.404760507791245	0.4429228366598253
57.502720849954706	0.4445447828270754
57.600681192118174	0.44616952943344323
57.698641534281634	0.44779707647016825
57.79660187644511	0.4494274239286646
57.89456221860857	0.4510605718005175
57.99252256077204	0.4526965200774802
58.0904829029355	0.45433526875147046
58.18844324509897	0.45597681781456734
58.286403587262434	0.4576211672590078
58.3843639294259	0.4592683170771833
58.48232427158937	0.46091826726163826
58.58028461375284	0.4625710178050648
58.678244955916306	0.464226568700301
58.776205298079766	0.46588491994032766
58.874165640243234	0.46754607151826644
58.9721259824067	0.46921002342737556
59.07008632457017	0.47087677566104735
59.16804666673363	0.472546328212807
59.2660070088971	0.4742186810763081
59.363967351060566	0.47589383424533105
59.461927693224034	0.4775717877137804
59.559888035387495	0.47925254147568247
59.657848377550955	0.480936095525182
59.75580871971443	0.4826224498565419
59.8537690618779	0.484311604464138
59.951729404041366	0.4860035593424593
60.04968974620483	0.48769831448610446
60.1476500883683	0.48939586988978007
60.24561043053177	0.4910962255482981
60.34357077269524	0.49279938145657415
60.441531114858684	0.4945053376096252
60.53949145702215	0.49621409400256766
60.63745179918563	0.4979256506306155
60.735412141349094	0.49964000748907783
60.833372483512555	0.5013571645733574
60.93133282567602	0.5030771218789493
61.0292931678395	0.504799879401438
61.127253510002966	0.5065254371364958
61.225213852166426	0.5082537950798813
61.32317419432988	0.5099849532274388
61.421134536493355	0.5117189115750944
61.51909487865682	0.5134556701188558
61.61705522082029	0.5151952288548106
61.71501556298375	0.5169375877791237
61.81297590514723	0.5186827468880377
61.910936247310694	0.5204307061778691
62.00889658947416	0.5221814656450084
62.10685693163762	0.523935025285918
62.20481727380109	0.5256913850971309
62.30277761596455	0.5274505450752491
62.40073795812802	0.529212505216943
62.49869830029148	0.5309772655189482
62.59665864245496	0.532744825978067
62.69461898461842	0.5345151865911641
62.79257932678189	0.5362883473551678
62.89053966894535	0.5380643082670666
62.98850001110882	0.5398430693239105
63.08646035327229	0.5416246305228073
63.18442069543575	0.5434089918609223
63.282381037599215	0.5451961533354783
63.380341379762676	0.5469861149437528
63.47830172192616	0.5487788766830783
63.57626206408962	0.5505744385508393
63.67422240625309	0.552372800544474
63.77218274841655	0.5541739626614702
63.870143090580015	0.5559779248993675
63.968103432743476	0.5577846872557527
64.06606377490694	0.5595942497282622
64.16402411707041	0.5614066123145792
64.26198445923389	0.5632217750124329
64.35994480139735	0.5650397378195976
64.45790514356082	0.5668605007338925
64.55586548572428	0.56868406375318
64.65382582788774	0.5705104268753658
64.7517861700512	0.572339590098396
64.84974651221468	0.5741715534202592
64.94770685437814	0.5760063168389827
65.04566719654161	0.5778438803526347
65.14362753870508	0.5796842439593208
65.24158788086855	0.5815274076571848
65.33954822303201	0.5833733714444072
65.43750856519547	0.5852221353192055
65.53546890735893	0.5870736992798322
65.63342924952241	0.5889280633245746
65.73138959168587	0.5907852274517547
65.82934993384933	0.5926451916597273
65.9273102760128	0.5945079559468808
66.02527061817628	0.5963735203116348
66.12323096033974	0.5982418847524414
66.2211913025032	0.600113049267783
66.31915164466668	0.6019870138561727
66.41711198683014	0.6038637785161522
66.5150723289936	0.605743343246294
66.61303267115706	0.6076257080451976
66.71099301332055	0.6095108729114914
66.80895335548401	0.6113988378438304
66.90691369764747	0.6132896028408968
67.00487403981093	0.6151831679013994
67.1028343819744	0.6170795330240725
67.20079472413786	0.6189786982076754
67.29875506630133	0.6208806634509921
67.3967154084648	0.6227854287528318
67.49467575062828	0.6246929941120265
67.59263609279174	0.6266033595274316
67.6905964349552	0.6285165249979254
67.78855677711867	0.6304324905224095
67.88651711928213	0.6323512560998058
67.98447746144559	0.6342728217290591
68.08243780360905	0.6361971874091341
68.18039814577253	0.6381243531390174
68.27835848793599	0.6400543189177146
68.37631883009946	0.6419870847442521
68.47427917226292	0.6439226506176753
68.5722395144264	0.6458610165370484
68.67019985658986	0.6478021825014547
68.76816019875332	0.6497461485099958
68.8661205409168	0.6516929145617909
68.96408088308026	0.653642480655977
69.06204122524372	0.6555948467917081
69.16000156740719	0.6575500129681555
69.25796190957067	0.6595079791845065
69.35592225173413	0.661468745439965
69.45388259389759	0.6634323117337508
69.55184293606105	0.6653986780650992
69.64980327822452	0.66736784443326
69.74776362038799	0.6693398108374996
69.84572396255145	0.6713145772770975
69.94368430471492	0.6732921437513485
70.0416446468784	0.6752725102595608
70.13960498904186	0.6772556768010571
70.23756533120532	0.679241643375173
70.33552567336879	0.681230409981258
70.43348601553225	0.6832219766186738
70.53144635769571	0.6852163432867953
70.62940669985917	0.6872135099850095
70.72736704202265	0.6892134767127168
70.82532738418612	0.6912162434693282
70.92328772634959	0.6932218102542667
71.02124806851305	0.6952301770669675
71.11920841067652	0.6972413439068765
71.21716875284	0.6992553107734506
71.31512909500344	0.7012720776661581
71.41308943716692	0.703291644584477
71.51104977933038	0.7053140115278966
71.60901012149385	0.7073391784959165
71.70697046365731	0.709367145488045
71.80493080582079	0.7113979125038012
71.90289114798425	0.713431479542714
72.00085149014772	0.715467846604321
72.09881183231118	0.7175070136881694
72.19677217447465	0.7195489807938159
72.2947325166381	0.7215937479208246
72.39269285880158	0.7236413150687704
72.49065320096504	0.7256916822372345
72.58861354312852	0.7277448494258077
72.68657388529198	0.729800816634089
72.78453422745544	0.7318595838616851
72.88249456961891	0.7339211511082107
72.98045491178239	0.7359855183732874
73.07841525394585	0.7380526856565459
73.1763755961093	0.7401226529576228
73.27433593827278	0.7421954202761631
73.37229628043625	0.7442709876118175
73.4702566225997	0.7463493549642451
73.56821696476317	0.7484305223331111
73.66617730692666	0.7505144897180877
73.76413764909012	0.752601257118853
73.86209799125358	0.7546908245350918
73.96005833341704	0.7567831919664961
74.05801867558051	0.7588783594127627
74.15597901774397	0.7609763268735953
74.25393935990743	0.7630770943487027
74.3518997020709	0.7651806618378009
74.44986004423438	0.7672870293406102
74.54782038639785	0.7693961968568568
74.6457807285613	0.7715081643862729
74.74374107072478	0.7736229319285955
74.84170141288824	0.7757404994835677
74.9396617550517	0.7778608670509364
75.03762209721516	0.7799840346304542
75.13558243937864	0.782110002221879
75.2335427815421	0.7842387698249729
75.33150312370557	0.7863703374395036
75.42946346586903	0.7885047050652421
75.52742380803251	0.7906418727019653
75.62538415019597	0.7927818403494536
75.72334449235943	0.7949246080074927
75.82130483452289	0.7970701756758718
75.91926517668637	0.7992185433543845
76.01722551884983	0.8013697110428285
76.1151858610133	0.8035236787410058
76.21314620317678	0.8056804464487224
76.31110654534024	0.8078400141657873
76.4090668875037	0.8100023818920143
76.50702722966716	0.8121675496272208
76.60498757183063	0.8143355173712274
76.7029479139941	0.8165062851238585
76.80090825615756	0.8186798528849417
76.89886859832103	0.820856220654309
76.9968289404845	0.8230353884317942
77.09478928264797	0.8252173562172365
77.19274962481143	0.827402124010476
77.29070996697489	0.8295896918113578
77.38867030913836	0.8317800596197288
77.48663065130182	0.8339732274354399
77.58459099346528	0.8361691952583447
77.68255133562877	0.8383679630882998
77.78051167779223	0.840569530925164
77.8784720199557	0.8427738987687996
77.97643236211916	0.8449810666190715
78.07439270428263	0.8471910344758475
78.17235304644609	0.8494038023389978
78.27031338860955	0.8516193702083948
78.36827373077301	0.853837738083914
78.46623407293649	0.8560589059654334
78.56419441509995	0.8582828738528332
78.66215475726341	0.8605096417459959
78.76011509942688	0.8627392096448069
78.85807544159036	0.864971577549153
78.95603578375382	0.867206745458924
79.05399612591728	0.8694447133740114
79.15195646808075	0.8716854812943092
79.24991681024422	0.8739290492197136
79.34787715240768	0.8761754171501229
79.44583749457114	0.8784245850854363
79.54379783673463	0.8806765530255571
79.64175817889809	0.882931320970389
79.73971852106155	0.8851888889198372
79.83767886322501	0.8874492568738105
79.93563920538848	0.8897124248322181
80.03359954755194	0.8919783927949718
80.1315598897154	0.8942471607619847
80.22952023187888	0.8965187287331722
80.32748057404234	0.8987930967084502
80.42544091620582	0.901070264687738
80.52340125836928	0.9033502326709549
80.62136160053275	0.9056330006580223
80.71932194269621	0.9079185686488641
80.81728228485967	0.9102069366434048
80.91524262702313	0.91249810464157
81.01320296918661	0.914792072643288
81.11116331135007	0.9170888406484876
81.20912365351356	0.9193884086570999
81.307083995677	0.9216907766690556
81.40504433784048	0.923995944684289
81.50300468000394	0.9263039127027343
81.6009650221674	0.9286146807243273
81.69892536433088	0.9309282487490055
81.79688570649434	0.933244616776707
81.8948460486578	0.9355637848073717
81.99280639082129	0.9378857528409408
82.09076673298475	0.9402105208773557
82.18872707514821	0.9425380889165597
82.28668741731167	0.9448684569584973
82.38464775947513	0.947201625003114
82.4826081016386	0.9495375930503562
82.58056844380206	0.9518763611001715
82.67852878596553	0.9542179291525089
82.77648912812899	0.9565622972073177
82.87444947029249	0.9589094652645489
82.97240981245595	0.9612594333241536
83.07037015461941	0.9636122013860849
83.16833049678287	0.965967769450296
83.26629083894633	0.9683261375167418
83.3642511811098	0.9706873055853775
83.46221152327325	0.9730512736561594
83.56017186543673	0.9754180417290448
83.65813220760022	0.9777876098039916
83.75609254976368	0.9801599778809585
83.85405289192714	0.9825351459599058
83.95201323409061	0.984913114040793
84.04997357625406	0.9872938821235822
84.14793391841752	0.9896774502082349
84.24589426058098	0.9920638182947145
84.34385460274446	0.9944529863829839
84.44181494490795	0.9968449544730082
84.53977528707141	0.9992397225647517
84.63773562923487	1.00163729065818
84.73569597139834	1.0040376587532598
84.8336563135618	1.006440826849958
84.93161665572525	1.0088467949482427
85.02957699788873	1.0112555630480817
85.12753734005219	1.0136671311494443
85.22549768221567	1.0160814992523
85.32345802437914	1.0184986673566194
85.42141836654261	1.0209186354623723
85.51937870870607	1.0233414035695307
85.61733905086953	1.0257669716780664
85.71529939303299	1.0281953397879522
85.81325973519647	1.0306265078991612
85.91122007735991	1.0330604760116666
86.00918041952337	1.0354972441254429
86.10714076168686	1.0379368122404644
86.20510110385034	1.0403791803567066
86.3030614460138	1.0428243484741444
86.40102178817726	1.0452723165927547
86.49898213034074	1.0477230847125143
86.5969424725042	1.0501766528333996
86.69490281466766	1.0526330209553878
86.7928631568311	1.0550921890784581
86.8908234989946	1.0575541572025884
86.98878384115807	1.0600189253277568
87.08674418332153	1.0624864934539435
87.18470452548499	1.064956861581128
87.28266486764846	1.06743002970929
87.38062520981192	1.0699059978384102
87.47858555197539	1.0723847659684695
87.57654589413885	1.074866334099449
87.67450623630234	1.0773507022313313
87.7724665784658	1.0798378703640972
87.87042692062926	1.0823278384977293
87.96838726279273	1.0848206066322106
88.06634760495619	1.087316174767524
88.16430794711965	1.0898145429036528
88.26226828928311	1.092315711040581
88.36022863144659	1.0948196791782923
88.45818897361005	1.0973264473167712
88.55614931577352	1.0998360154560032
88.65410965793698	1.1023483835959718
88.75207000010046	1.1048635517366627
88.85003034226392	1.1073815198780623
88.94799068442738	1.109902288020156
89.04595102659084	1.1124258561629292
89.14391136875432	1.1149522243063696
89.24187171091778	1.1174813924504634
89.33983205308125	1.1200133605951974
89.43779239524473	1.1225481287405588
89.53575273740819	1.1250856968865353
89.63371307957165	1.1276260650331142
89.73167342173511	1.1301692331802842
89.82963376389858	1.1327152013280324
89.92759410606205	1.1352639694763482
90.0255544482255	1.1378155376252201
90.12351479038898	1.1403699057746375
90.22147513255246	1.1429270739245883
90.31943547471592	1.1454870420750625
90.41739581687938	1.14804981022605
90.51535615904284	1.1506153783775395
90.61331650120631	1.1531837465295223
90.71127684336977	1.1557549146819874
90.80923718553323	1.158328882834926
90.90719752769671	1.1609056509883282
91.00515786986018	1.1634852191421854
91.10311821202365	1.1660675872964874
91.2010785541871	1.1686527554512263
91.29903889635058	1.1712407236063926
91.39699923851404	1.1738314917619785
91.4949595806775	1.176425059917975
91.59291992284096	1.1790214280743745
91.69088026500444	1.1816205962311683
91.78884060716791	1.18422256438835
91.88680094933137	1.1868273325459093
91.98476129149483	1.189434900703841
92.08272163365831	1.1920452688621366
92.18068197582177	1.1946584370207887
92.27864231798523	1.1972744051797906
92.3766026601487	1.1998931733391354
92.47456300231217	1.202514741498816
92.57252334447564	1.2051391096588262
92.6704836866391	1.2077662778191585
92.76844402880258	1.210396245979807
92.86640437096604	1.2130290141407654
92.9643647131295	1.2156645823020276
93.06232505529296	1.2183029504635874
93.16028539745643	1.2209441186254388
93.2582457396199	1.2235880867875761
93.35620608178336	1.2262348549499933
93.45416642394683	1.2288844231126856
93.5521267661103	1.2315367912756465
93.65008710827377	1.2341919594388713
93.74804745043723	1.2368499276023546
93.8460077926007	1.2395106957660906
93.94396813476416	1.2421742639300755
94.04192847692762	1.2448406320943033
94.13988881909108	1.2475098002587697
94.23784916125457	1.2501817684234702
94.33580950341803	1.2528565365883992
94.4337698455815	1.2555341047535522
94.53173018774496	1.2582144729189257
94.62969052990843	1.2608976410845145
94.72765087207189	1.2635836092503145
94.82561121423535	1.2662723774163218
94.92357155639883	1.2689639455825317
95.0215318985623	1.2716583137489412
95.11949224072576	1.2743554819155452
95.21745258288922	1.2770554500823397
95.3154129250527	1.2797582182493217
95.41337326721616	1.2824637864164872
95.51133360937962	1.2851721545838322
95.60929395154308	1.2878833227513538
95.70725429370655	1.2905972909190477
95.80521463587002	1.293314059086911
95.90317497803349	1.2960336272549406
96.00113532019695	1.2987559954231325
96.09909566236043	1.3014811635914834
96.19705600452389	1.3042091317599904
96.29501634668735	1.3069398999286506
96.39297668885082	1.3096734680974604
96.49093703101428	1.3124098362664176
96.58889737317774	1.3151490044355187
96.68685771534122	1.3178909726047614
96.7848180575047	1.3206357407741416
96.88277839966815	1.3233833089436575
96.98073874183162	1.3261336771133065
97.07869908399508	1.3288868452830855
97.17665942615855	1.3316428134529925
97.27461976832201	1.3344015816230244
97.37258011048547	1.3371631497931786
97.47054045264895	1.3399275179634538
97.56850079481242	1.3426946861338458
97.66646113697588	1.3454646543043536
97.76442147913934	1.348237422474974
97.8623818213028	1.3510129906457056
