0.0	14580527.554683112
3.0977780160597996	14304175.485537417
6.195556032119599	14026571.730312336
9.293334048179398	13747742.546651315
12.391112064239199	13467713.686079573
15.488890080298997	13186510.402297042
18.586668096358796	12904157.45938133
21.6844461124186	12620679.139900507
24.782224128478397	12336099.252935652
27.880002144538192	12050441.142012851
30.977780160597995	11763727.692944724
34.07555817665779	11475981.341581153
37.17333619271759	11187224.081469167
40.27111420877739	10897477.471421834
43.3688922248372	10606762.642996198
46.46667024089699	10315100.307879888
49.564448256956794	10022510.76518676
52.66222627301659	9729013.90866117
55.760004289076385	9434629.233791135
58.85778230513619	9139375.844830342
61.95556032119599	8843272.461728988
65.05333833725578	8546337.42697374
68.15111635331559	8248588.71233673
71.24889436937539	7950043.925533931
74.34667238543518	7650720.316793
77.44445040149499	7350634.785330839
80.54222841755478	7049803.885741202
83.64000643361459	6748243.834292536
86.7377844496744	6445970.515136467
89.83556246573417	6142999.486427292
92.93334048179398	5839345.9863527585
96.03111849785378	5535024.939076724
99.12889651391359	5230050.960594002
102.22667452997338	4924438.3644979345
105.32445254603319	4618201.167661193
108.42223056209299	4311353.095830361
111.52000857815277	4003907.589134796
114.61778659421257	3695877.8075104323
117.71556461027238	3387276.636039065
120.81334262633217	3078116.690203846
123.91112064239198	2768410.321061453
127.00889865845178	2458169.6203319156
130.10667667451156	2147406.425406422
133.20445469057137	1836132.3242741455
136.30223270663117	1524358.6603686463
139.40001072269098	1212096.537334572
142.49778873875078	899356.8237155827
145.5955667548106	586150.1575641287
148.69334477087037	272486.95097387274
151.79112278693017	-41622.60546428924
154.88890080298998	-356168.53828199144
157.98667881904979	-671141.0868279488
161.08445683510956	-986530.6990366412
164.18223485116937	-1302328.0272700451
167.28001286722917	-1618523.9242318366
170.37779088328898	-1935109.4389529754
173.4755688993488	-2252075.812847959
176.5733469154086	-2569414.475840819
179.67112493146834	-2887117.0425599003
182.76890294752815	-3205175.3086008034
185.86668096358795	-3523581.246856254
188.96445897964776	-3842327.0039123385
192.06223699570756	-4161404.8965100413
195.16001501176737	-4480807.408071197
198.25779302782718	-4800527.185288111
201.35557104388698	-5120557.034775807
204.45334905994676	-5440889.919786059
207.55112707600657	-5761518.9569824925
210.64890509206637	-6082437.41327549
213.74668310812618	-6403638.702716545
216.84446112418598	-6725116.38345066
219.94223914024576	-7046864.154726324
223.04001715630554	-7368875.853962001
226.13779517236534	-7691145.453868298
229.23557318842515	-8013667.059624982
232.33335120448496	-8336434.906111946
235.43112922054476	-8659443.355193393
238.52890723660454	-8982686.893054217
241.62668525266434	-9306160.127587896
244.72446326872415	-9629857.785835013
247.82224128478396	-9953774.71147154
250.92001930084376	-10277905.862346161
254.01779731690357	-10602246.308065781
257.1155753329634	-10926791.227628352
260.2133533490231	-11251535.907102358
263.31113136508293	-11576475.737352088
266.40890938114273	-11901606.211807864
269.50668739720254	-12226922.92428064
272.60446541326235	-12552421.566819994
275.70224342932215	-12878097.927614938
278.80002144538196	-13203947.888936676
281.89779946144176	-13529967.425122585
284.99557747750157	-13856152.600600887
288.0933554935614	-14182499.567954917
291.1911335096212	-14509004.566026716
294.288911525681	-14835663.91805882
297.38668954174074	-15162474.029873973
300.48446755780054	-15489431.388091698
303.58224557386035	-15816532.558381308
306.68002358992015	-16143774.183750609
309.77780160597996	-16471152.982869646
312.87557962203977	-16798665.74842878
315.97335763809957	-17126309.34553064
319.0711356541594	-17454080.710115075
322.1689136702191	-17781976.847416677
325.26669168627893	-18109994.83045421
328.36446970233874	-18438131.798551343
331.46224771839854	-18766384.95588804
334.56002573445835	-19094751.570082102
337.65780375051816	-19423228.970800277
340.75558176657796	-19751814.548398346
343.85335978263777	-20080505.752589613
346.9511377986976	-20409300.091141313
350.0489158147574	-20738195.128598318
353.1466938308172	-21067188.485033676
356.244471846877	-21396277.83482551
359.3422498629367	-21725460.905459564
362.4400278789965	-22054735.476357095
365.5378058950563	-22384099.377727594
368.6355839111161	-22713550.48944568
371.7333619271759	-23043086.739951894
374.8311399432357	-23372706.105176814
377.9289179592955	-23702406.60748803
381.0266959753553	-24032186.314659506
384.12447399141513	-24362043.338863075
387.22225200747494	-24691975.83568117
390.32003002353474	-25021982.00314101
393.41780803959455	-25352060.08076919
396.51558605565435	-25682208.348666638
399.61336407171416	-26012425.126603488
402.71114208777396	-26342708.77313323
405.8089201038337	-26673057.6847261
408.9066981198935	-27003470.294921007
412.0044761359533	-27333945.073495805
415.10225415201313	-27664480.525655508
418.20003216807294	-27995075.191237934
421.29781018413274	-28325727.643936664
424.39558820019255	-28656436.4905408
427.49336621625235	-28987200.370191142
430.59114423231216	-29318017.953652605
433.68892224837197	-29648887.942602385
436.7867002644317	-29979809.06893364
439.8844782804915	-30310780.09407437
442.98225629655127	-30641799.808320984
446.0800343126111	-30972867.030186687
449.1778123286709	-31303980.605763853
452.2755903447307	-31635139.408100422
455.3733683607905	-31966342.33658999
458.4711463768503	-32297588.31637527
461.5689243929101	-32628876.297764435
464.6667024089699	-32960205.255660594
467.7644804250297	-33291574.18900357
470.8622584410895	-33622982.120223954
473.96003645714933	-33954428.09470932
477.0578144732091	-34285911.180282116
480.15559248926894	-34617430.46668896
483.2533705053287	-34948985.06510142
486.35114852138855	-35280574.10762766
489.4489265374483	-35612196.746834934
492.54670455350816	-35943852.15528258
495.6444825695679	-36275539.52506557
498.7422605856278	-36607258.06736783
501.8400386016875	-36939007.01202573
504.9378166177474	-37270785.60710123
508.03559463380714	-37602593.11846439
511.133372649867	-37934428.82938522
514.2311506659267	-38266292.0401347
517.3289286819864	-38598182.06759455
520.4267066980462	-38930098.24487572
523.524484714106	-39262039.92094548
526.6222627301659	-39594006.460262716
529.7200407462257	-39925997.24242143
532.8178187622855	-40258011.66180223
535.9155967783453	-40590049.12723153
539.0133747944051	-40922109.061648466
542.1111528104649	-41254190.9017792
545.2089308265247	-41586294.0978186
548.3067088425845	-41918418.11311896
551.4044868586443	-42250562.423885874
554.502264874704	-42582726.518880635
557.6000428907639	-42914909.89912972
560.6978209068236	-43247112.07764051
563.7955989228835	-43579332.57912347
566.8933769389432	-43911570.93972071
569.9911549550031	-44243826.7067405
573.0889329710628	-44576099.43839789
576.1867109871228	-44908388.703561105
579.2844890031824	-45240694.08150374
582.3822670192424	-45573015.16166246
585.480045035302	-45905351.5434003
588.577823051362	-46237702.83577523
591.6756010674217	-46570068.65731393
594.7733790834815	-46902448.635790855
597.8711570995412	-47234842.40801211
600.9689351156011	-47567249.61960431
604.0667131316608	-47899669.92480837
607.1644911477207	-48232102.986277685
610.2622691637804	-48564548.47488116
613.3600471798403	-48897006.069510564
616.4578251959	-49229475.45689244
619.5556032119599	-49561956.33140398
622.6533812280197	-49894448.394893564
625.7511592440795	-50226951.35650484
628.8489372601393	-50559464.932505354
631.9467152761991	-50891988.84611871
635.0444932922587	-51224522.82736072
638.1422713083188	-51557066.6128793
641.2400493243783	-51889619.94579792
644.3378273404383	-52222182.57556288
647.435605356498	-52554754.25779375
650.5333833725579	-52887334.75413755
653.6311613886176	-53219923.83212605
656.7289394046775	-53552521.26503649
659.8267174207372	-53885126.831755325
662.9244954367971	-54217740.316645436
666.0222734528568	-54550361.509415835
669.1200514689167	-54882990.20499511
672.2178294849764	-55215626.203406945
675.3156075010363	-55548269.30964929
678.413385517096	-55880919.33357578
681.5111635331559	-56213576.08978003
684.6089415492156	-56546239.39748285
687.7067195652755	-56878909.08042161
690.8044975813352	-57211584.96674252
693.9022755973951	-57544266.88889533
697.0000536134548	-57876954.68353029
700.0978316295148	-58209648.19139778
703.1956096455745	-58542347.25724986
706.2933876616344	-58875051.72974471
709.3911656776941	-59207761.461352535
712.488943693754	-59540476.30826436
715.5867217098137	-59873196.13030239
718.6844997258734	-60205920.79083289
721.7822777419333	-60538650.15668072
724.880055757993	-60871384.09804606
727.9778337740528	-61204122.48842321
731.0756117901126	-61536865.20452075
734.1733898061724	-61869612.12618434
737.2711678222322	-62202363.13632058
740.368945838292	-62535118.1208231
743.4667238543518	-62867876.96850026
746.5645018704116	-63200639.571004465
749.6622798864714	-63533405.822763205
752.7600579025312	-63866175.62091169
755.857835918591	-64198948.86522706
758.9556139346508	-64531725.45806421
762.0533919507106	-64864505.30429292
765.1511699667705	-65197288.31123673
768.2489479828303	-65530074.38861293
771.3467259988901	-65862863.44847436
774.4445040149499	-66195655.40515214
777.5422820310097	-66528450.17520017
780.6400600470695	-66861247.67734057
783.7378380631293	-67194047.83241056
786.8356160791891	-67526850.56331074
789.9333940952489	-67859655.79495434
793.0311721113087	-68192463.45421773
796.1289501273683	-68525273.46989226
799.2267281434283	-68858085.77263704
802.3245061594879	-69190900.29493293
805.4222841755479	-69523716.9710377
808.5200621916075	-69856535.73694187
811.6178402076674	-70189356.53032626
814.7156182237271	-70522179.29051995
817.813396239787	-70855003.95845945
820.9111742558467	-71187830.4766489
824.0089522719067	-71520658.78912121
827.1067302879663	-71853488.84140001
830.2045083040263	-72186320.58046257
833.302286320086	-72519153.95470357
836.4000643361459	-72851988.91389996
839.4978423522056	-73184825.40917616
842.5956203682655	-73517663.39297074
845.6933983843252	-73850502.81900318
848.7911764003851	-74183343.64224221
851.8889544164448	-74516185.8188742
854.9867324325047	-74849029.30627257
858.0845104485644	-75181874.0629683
861.1822884646243	-75514720.04862042
864.280066480684	-75847567.22398792
867.3778444967439	-76180415.55090173
870.4756225128036	-76513264.99223791
873.5734005288634	-76846115.51189107
876.6711785449232	-77178967.07474871
879.768956560983	-77511819.64666598
882.8667345770428	-77844673.19444107
885.9645125931025	-78177527.68579148
889.0622906091625	-78510383.08933045
892.1600686252222	-78843239.37454416
895.2578466412821	-79176096.51176952
898.3556246573418	-79508954.47217245
901.4534026734016	-79841813.22772671
904.5511806894614	-80174672.75119303
907.6489587055212	-80507533.01609926
910.746736721581	-80840393.99672039
913.8445147376408	-81173255.66805945
916.9422927537006	-81506118.00582884
920.0400707697604	-81838980.9864319
923.1378487858202	-82171844.58694507
926.23562680188	-82504708.78510073
929.3334048179398	-82837573.5592699
932.4311828339996	-83170438.88844593
935.5289608500594	-83503304.75222805
938.6267388661192	-83836171.13080601
941.724516882179	-84169038.00494437
944.8222948982389	-84501905.35596758
947.9200729142987	-84834773.1657454
951.0178509303585	-85167641.41667867
954.1156289464182	-85500510.09168528
957.2134069624778	-85833379.1741866
960.3111849785379	-86166248.6480944
963.4089629945976	-86499118.49779767
966.5067410106574	-86831988.70815027
969.6045190267171	-87164859.26445854
972.7022970427771	-87497730.15246925
975.8000750588368	-87830601.35835806
978.8978530748966	-88163472.86871807
981.9956310909563	-88496344.67054862
985.0934091070163	-88829216.75124463
988.191187123076	-89162089.09858584
991.2889651391358	-89494961.7007267
994.3867431551955	-89827834.54618616
997.4845211712556	-90160707.62383805
1000.5822991873152	-90493580.92290127
1003.680077203375	-90826454.43293081
1006.7778552194347	-91159328.14380841
1009.8756332354948	-91492202.0457339
1012.9734112515545	-91825076.12921636
1016.0711892676143	-92157950.38506585
1019.168967283674	-92490824.80438536
1022.266745299734	-92823699.3785625
1025.3645233157936	-93156574.09926184
1028.4623013318535	-93489448.95841745
1031.5600793479132	-93822323.9482253
1034.6578573639729	-94155199.06113629
1037.7556353800328	-94488074.28984892
1040.8534133960925	-94820949.62730268
1043.9511914121524	-95153825.06667116
1047.048969428212	-95486700.60135569
1050.146747444272	-95819576.22497924
1053.2445254603317	-96152451.93137954
1056.3423034763916	-96485327.7146038
1059.4400814924513	-96818203.56890245
1062.5378595085112	-97151079.48872353
1065.635637524571	-97483955.46870695
1068.7334155406309	-97816831.5036794
1071.8311935566906	-98149707.58864877
1074.9289715727505	-98482583.71879908
1078.0267495888102	-98815459.88948563
1081.12452760487	-99148336.09622972
1084.2223056209298	-99481212.33471425
1087.3200836369897	-99814088.60077909
1090.4178616530494	-100146964.89041615
1093.5156396691093	-100479841.1997655
1096.613417685169	-100812717.52511075
1099.711195701229	-101145593.86287495
1102.8089737172886	-101478470.20961656
1105.9067517333485	-101811346.56202544
1109.004529749408	-102144222.9169191
1112.102307765468	-102477099.2712389
1115.2000857815278	-102809975.62204616
1118.2978637975875	-103142851.96651904
1121.3956418136472	-103475728.3019487
1124.4934198297071	-103808604.62573613
1127.591197845767	-104141480.93538874
1130.6889758618267	-104474357.2285173
1133.7867538778864	-104807233.50283273
1136.8845318939464	-105140109.75614297
1139.9823099100063	-105472985.98635043
1143.080087926066	-105805862.19144851
1146.1778659421257	-106138738.36951928
1149.2756439581856	-106471614.5187307
1152.3734219742455	-106804490.6373338
1155.4711999903052	-107137366.72366017
1158.568978006365	-107470242.77611955
1161.6667560224248	-107803118.79319718
1164.7645340384847	-108135994.77345175
1167.8623120545444	-108468870.71551284
1170.960090070604	-108801746.61807872
1174.057868086664	-109134622.47991426
1177.155646102724	-109467498.29984859
1180.2534241187836	-109800374.07677327
1183.3512021348433	-110133249.80964033
1186.4489801509033	-110466125.49745983
1189.546758166963	-110799001.13929872
1192.6445361830226	-111131876.73427829
1195.7423141990823	-111464752.2815727
1198.8400922151425	-111797627.78040722
1201.9378702312022	-112130503.23005658
1205.0356482472619	-112463378.62984324
1208.1334262633216	-112796253.97913551
1211.2312042793817	-113129129.27734661
1214.3289822954414	-113462004.52393262
1217.426760311501	-113794879.71839124
1220.5245383275608	-114127754.86026028
1223.622316343621	-114460629.94911632
1226.7200943596806	-114793504.98457336
1229.8178723757403	-115126379.96628146
1232.9156503918	-115459254.89392543
1236.01342840786	-115792129.76722358
1239.1112064239198	-116125004.58592682
1242.2089844399795	-116457879.34981695
1245.3067624560395	-116790754.05870607
1248.4045404720991	-117123628.71243511
1251.502318488159	-117456503.31087267
1254.6000965042188	-117789377.8539145
1257.6978745202787	-118122252.34148198
1260.7956525363384	-118455126.77352148
1263.8934305523983	-118788001.15000308
1266.9912085684578	-119120875.4709198
1270.0889865845174	-119453749.73628701
1273.1867646005776	-119786623.94614081
1276.2845426166375	-120119498.100538
1279.382320632697	-120452372.19955479
1282.4800986487567	-120785246.24328616
1285.5778766648168	-121118120.231845
1288.6756546808765	-121450994.16536136
1291.7734326969362	-121783868.0439818
1294.871210712996	-122116741.8678688
1297.968988729056	-122449615.63719977
1301.0667667451157	-122782489.35216655
1304.1645447611754	-123115363.01297492
1307.262322777235	-123448236.61984366
1310.3601007932953	-123781110.17300424
1313.457878809355	-124113983.67270002
1316.5556568254146	-124446857.1191859
1319.6534348414743	-124779730.51272745
1322.7512128575343	-125112603.85360095
1325.8489908735942	-125445477.14209211
1328.9467688896539	-125778350.37849616
1332.0445469057136	-126111223.56311713
1335.1423249217735	-126444096.69626759
1338.2401029378334	-126776969.77826773
1341.337880953893	-127109842.80944547
1344.4356589699528	-127442715.79013586
1347.5334369860127	-127775588.72068033
1350.6312150020726	-128108461.60142685
1353.7289930181323	-128441334.4327292
1356.826771034192	-128774207.21494646
1359.924549050252	-129107079.94844325
1363.0223270663118	-129439952.63358873
1366.1201050823715	-129772825.2707567
1369.2178830984312	-130105697.860325
1372.3156611144911	-130438570.40267532
1375.413439130551	-130771442.898193
1378.5112171466108	-131104315.34726653
1381.6089951626705	-131437187.75028737
1384.7067731787304	-131770060.10764982
1387.8045511947903	-132102932.41975053
1390.90232921085	-132435804.68698834
1394.0001072269097	-132768676.90976407
1397.0978852429696	-133101549.08848019
1400.1956632590295	-133434421.22354078
1403.2934412750892	-133767293.31535105
1406.391219291149	-134100165.36431754
1409.4889973072086	-134433037.3708473
1412.5867753232687	-134765909.33534825
1415.6845533393284	-135098781.25822884
1418.7823313553881	-135431653.1398977
1421.8801093714478	-135764524.98076367
1424.977887387508	-136097396.78123558
1428.0756654035677	-136430268.54172197
1431.1734434196273	-136763140.26263112
1434.271221435687	-137096011.9443708
1437.3689994517467	-137428883.58734822
1440.4667774678069	-137761755.1919697
1443.5645554838666	-138094626.75864065
1446.6623334999263	-138427498.28776556
1449.760111515986	-138760369.77974787
1452.857889532046	-139093241.23498952
1455.9556675481056	-139426112.65389135
1459.0534455641655	-139758984.0368524
1462.1512235802252	-140091855.3842705
1465.249001596285	-140424726.6965417
1468.3467796123448	-140757597.9740602
1471.4445576284047	-141090469.21721852
1474.5423356444644	-141423340.42640713
1477.6401136605243	-141756211.60201463
1480.737891676584	-142089082.74442747
1483.8356696926437	-142421953.85403
1486.9334477087036	-142754824.9312043
1490.0312257247635	-143087695.97633025
1493.1290037408232	-143420566.9897854
1496.226781756883	-143753437.97194487
1499.3245597729428	-144086308.92318135
1502.4223377890028	-144419179.8438652
1505.5201158050625	-144752050.7343638
1508.6178938211222	-145084921.59504262
1511.715671837182	-145417792.4262639
1514.8134498532418	-145750663.22838745
1517.9112278693017	-146083534.00177062
1521.0090058853614	-146416404.74676737
1524.1067839014213	-146749275.46372968
1527.204561917481	-147082146.15300632
1530.302339933541	-147415016.8149431
1533.4001179496006	-147747887.44988337
1536.4978959656605	-148080758.05816743
1539.5956739817202	-148413628.64013228
1542.6934519977801	-148746499.19611302
1545.7912300138398	-149079369.72644076
1548.8890080298997	-149412240.2314442
1551.9867860459594	-149745110.7114491
1555.0845640620194	-150077981.16677806
1558.182342078079	-150410851.59775072
1561.280120094139	-150743722.004684
1564.3778981101987	-151076592.38789144
1567.4756761262586	-151409462.7476839
1570.5734541423183	-151742333.08436915
1573.6712321583782	-152075203.3982518
1576.7690101744379	-152408073.6896336
1579.8667881904978	-152740943.95881334
1582.9645662065575	-153073814.2060865
1586.0623442226174	-153406684.43174607
1589.160122238677	-153739554.63608155
1592.2579002547366	-154072424.8193796
1595.3556782707967	-154405294.98192427
1598.4534562868566	-154738165.12399578
1601.5512343029163	-155071035.24587214
1604.6490123189758	-155403905.34782803
1607.746790335036	-155736775.4301355
1610.8445683510959	-156069645.49306312
1613.9423463671553	-156402515.53687677
1617.040124383215	-156735385.56183967
1620.1379023992752	-157068255.56821173
1623.2356804153349	-157401125.55625007
1626.3334584313945	-157733995.52620882
1629.4312364474542	-158066865.47833964
1632.5290144635144	-158399735.41289097
1635.626792479574	-158732605.3301083
1638.7245704956338	-159065475.23023465
1641.8223485116935	-159398345.1135098
1644.9201265277534	-159731214.98017114
1648.0179045438133	-160064084.83045292
1651.115682559873	-160396954.6645869
1654.2134605759327	-160729824.4828019
1657.3112385919926	-161062694.2853242
1660.4090166080525	-161395564.072377
1663.5067946241122	-161728433.84418133
1666.604572640172	-162061303.60095504
1669.7023506562316	-162394173.3429137
1672.8001286722917	-162727043.07026985
1675.8979066883514	-163059912.78323388
1678.9956847044111	-163392782.4820133
1682.0934627204708	-163725652.16681302
1685.191240736531	-164058521.83783567
1688.2890187525907	-164391391.49528083
1691.3867967686504	-164724261.139346
1694.48457478471	-165057130.77022612
1697.5823528007702	-165390000.38811356
1700.68013081683	-165722869.9931984
1703.7779088328896	-166055739.585668
1706.8756868489493	-166388609.1657076
1709.9734648650094	-166721478.73349985
1713.071242881069	-167054348.28922516
1716.1690208971288	-167387217.8330616
1719.2667989131885	-167720087.36518478
1722.3645769292486	-168052956.88576835
1725.4623549453083	-168385826.39498323
1728.560132961368	-168718695.89299852
1731.6579109774277	-169051565.3799805
1734.7556889934879	-169384434.85609397
1737.8534670095476	-169717304.3215012
1740.9512450256072	-170050173.77636212
1744.049023041667	-170383043.22083482
1747.1468010577269	-170715912.65507498
1750.2445790737868	-171048782.07923657
1753.3423570898465	-171381651.49347106
1756.4401351059062	-171714520.8979281
1759.537913121966	-172047390.29275525
1762.635691138026	-172380259.67809808
1765.7334691540857	-172713129.0541002
1768.8312471701454	-173045998.42090318
1771.929025186205	-173378867.7786468
1775.0268032022652	-173711737.1274687
1778.124581218325	-174044606.46750474
1781.2223592343844	-174377475.79888883
1784.3201372504443	-174710345.1217531
1787.4179152665045	-175043214.43622768
1790.5156932825641	-175376083.74244133
1793.6134712986236	-175708953.04052037
1796.7112493146835	-176041822.33058986
1799.8090273307437	-176374691.61277288
1802.9068053468031	-176707560.88719073
1806.0045833628628	-177040430.15396303
1809.1023613789228	-177373299.41320774
1812.2001393949827	-177706168.66504136
1815.2979174110424	-178039037.90957835
1818.395695427102	-178371907.1469318
1821.493473443162	-178704776.37721297
1824.5912514592217	-179037645.60053188
1827.6890294752816	-179370514.8169965
1830.7868074913413	-179703384.02671358
1833.8845855074012	-180036253.22978842
1836.982363523461	-180369122.42632434
1840.0801415395208	-180701991.6164236
1843.1779195555805	-181034860.80018684
1846.2756975716404	-181367729.97771323
1849.3734755877	-181700599.14910045
1852.47125360376	-182033468.31444496
1855.5690316198197	-182366337.47384146
1858.6668096358796	-182699206.62738347
1861.7645876519393	-183032075.77516317
1864.8623656679993	-183364944.9172712
1867.960143684059	-183697814.0537973
1871.0579217001189	-184030683.18482953
1874.1556997161786	-184363552.31045452
1877.2534777322385	-184696421.43075794
1880.3512557482982	-185029290.5458242
1883.449033764358	-185362159.6557359
1886.5468117804178	-185695028.7605753
1889.6445897964777	-186027897.8604226
1892.7423678125374	-186360766.95535746
1895.8401458285973	-186693636.04545787
1898.937923844657	-187026505.1308011
1902.035701860717	-187359374.2114626
1905.1334798767766	-187692243.28751752
1908.2312578928363	-188025112.35903907
1911.3290359088962	-188357981.42609993
1914.4268139249557	-188690850.4887716
1917.5245919410156	-189023719.54712406
1920.6223699570758	-189356588.601227
1923.7201479731352	-189689457.6511482
1926.8179259891951	-190022326.69695505
1929.915704005255	-190355195.73871398
1933.0134820213148	-190688064.77648956
1936.1112600373747	-191020933.81034636
1939.2090380534341	-191353802.8403472
1942.306816069494	-191686671.8665545
1945.4045940855542	-192019540.88902956
1948.5023721016137	-192352409.90783268
1951.6001501176736	-192685278.92302316
1954.6979281337335	-193018147.93465957
1957.7957061497932	-193351016.94279945
1960.8934841658531	-193683885.94749936
1963.9912621819126	-194016754.94881523
1967.0890401979725	-194349623.94680208
1970.1868182140327	-194682492.9415139
1973.2845962300921	-195015361.93300405
1976.382374246152	-195348230.92132497
1979.480152262212	-195681099.90652835
1982.5779302782717	-196013968.8886649
1985.6757082943316	-196346837.8677845
1988.773486310391	-196679706.8439367
1991.871264326451	-197012575.81716982
1994.969042342511	-197345444.7875316
1998.0668203585706	-197678313.75506917
2001.1645983746305	-198011182.7198287
2004.26237639069	-198344051.6818557
2007.36015440675	-198676920.64119527
2010.45793242281	-199009789.59789085
2013.5557104388695	-199342658.55198637
2016.6534884549294	-199675527.5035245
2019.7512664709895	-200008396.4525471
2022.849044487049	-200341265.3990958
2025.946822503109	-200674134.3432113
2029.0446005191684	-201007003.28493354
2032.1423785352285	-201339872.22430244
2035.2401565512885	-201672741.1613562
2038.337934567348	-202005610.09613362
2041.4357125834074	-202338479.02867195
2044.533490599468	-202671347.95900813
2047.6312686155275	-203004216.88717896
2050.729046631587	-203337085.81322014
2053.826824647647	-203669954.73716688
2056.924602663707	-204002823.65905413
2060.0223806797662	-204335692.57891586
2063.1201586958264	-204668561.49678567
2066.217936711886	-205001430.41269675
2069.3157147279458	-205334299.32668152
2072.413492744006	-205667168.238772
2075.5112707600656	-206000037.14900005
2078.6090487761253	-206332906.05739644
2081.706826792185	-206665774.9639916
2084.8046048082447	-206998643.86881596
2087.902382824305	-207331512.77189854
2091.0001608403645	-207664381.67326865
2094.097938856424	-207997250.57295474
2097.1957168724844	-208330119.4709853
2100.293494888544	-208662988.36738768
2103.3912729046037	-208995857.2621893
2106.4890509206634	-209328726.1554169
2109.586828936723	-209661595.04709715
2112.6846069527833	-209994463.93725532
2115.782384968843	-210327332.82591733
2118.8801629849027	-210660201.7131083
2121.977941000963	-210993070.59885263
2125.0757190170225	-211325939.4831751
2128.173497033082	-211658808.36609933
2131.271275049142	-211991677.2476489
2134.3690530652016	-212324546.12784705
2137.4668310812617	-212657415.00671628
2140.5646090973214	-212990283.88427892
2143.662387113381	-213323152.76055723
2146.760165129441	-213656021.63557285
2149.857943145501	-213988890.50934663
2152.9557211615606	-214321759.38190025
2156.0534991776203	-214654628.25325388
2159.15127719368	-214987497.123428
2162.24905520974	-215320365.99244237
2165.3468332258	-215653234.86031672
2168.4446112418595	-215986103.72707018
2171.5423892579192	-216318972.59272173
2174.6401672739794	-216651841.45729002
2177.737945290039	-216984710.32079384
2180.8357233060988	-217317579.18325064
2183.9335013221585	-217650448.0446787
2187.0312793382186	-217983316.90509522
2190.1290573542783	-218316185.76451722
2193.226835370338	-218649054.62296185
2196.3246133863977	-218981923.48044553
2199.422391402458	-219314792.33698466
2202.5201694185175	-219647661.19259527
2205.617947434577	-219980530.04729342
2208.7157254506365	-220313398.9010944
2211.813503466697	-220646267.75401372
2214.9112814827567	-220979136.60606605
2218.009059498816	-221312005.45726636
2221.106837514876	-221644874.30762914
2224.204615530936	-221977743.15716887
2227.3023935469955	-222310612.00589925
2230.4001715630557	-222643480.85383436
2233.497949579115	-222976349.70098782
2236.595727595175	-223309218.54737288
2239.693505611235	-223642087.3930028
2242.7912836272944	-223974956.23789045
2245.8890616433546	-224307825.08204827
2248.9868396594143	-224640693.92548916
2252.084617675474	-224973562.76822487
2255.182395691534	-225306431.61026812
2258.2801737075933	-225639300.45163053
2261.3779517236535	-225972169.29232374
2264.4757297397136	-226305038.13235942
2267.573507755773	-226637906.9717485
2270.671285771833	-226970775.8105022
2273.7690637878927	-227303644.64863172
2276.8668418039524	-227636513.4861472
2279.9646198200126	-227969382.32305992
2283.062397836072	-228302251.1593798
2286.160175852132	-228635119.99511704
2289.257953868192	-228967988.83028215
2292.3557318842513	-229300857.6648844
2295.4535099003115	-229633726.4989337
2298.551287916371	-229966595.33243945
2301.649065932431	-230299464.16541123
2304.746843948491	-230632332.9978581
2307.8446219645502	-230965201.82978934
2310.9423999806104	-231298070.66121355
2314.04017799667	-231630939.4921398
2317.13795601273	-231963808.32257667
2320.23573402879	-232296677.15253237
2323.3335120448496	-232629545.98201516
2326.4312900609093	-232962414.81103343
2329.5290680769695	-233295283.63959503
2332.6268460930287	-233628152.4677083
2335.724624109089	-233961021.29538056
2338.8224021251485	-234293890.12262
2341.920180141208	-234626758.9494334
2345.0179581572684	-234959627.77582848
2348.115736173328	-235292496.60181248
2351.2135141893878	-235625365.42739257
2354.311292205448	-235958234.25257552
2357.409070221507	-236291103.07736844
2360.5068482375673	-236623971.9017784
2363.604626253627	-236956840.72581148
2366.7024042696867	-237289709.5494749
2369.800182285747	-237622578.37277457
2372.8979603018065	-237955447.19571674
2375.9957383178657	-238288316.01830766
2379.093516333926	-238621184.84055376
2382.1912943499856	-238954053.6624606
2385.2890723660453	-239286922.4840348
2388.3868503821054	-239619791.3052815
2391.4846283981647	-239952660.1262066
2394.5824064142253	-240285528.94681576
2397.680184430285	-240618397.76711455
2400.777962446344	-240951266.5871081
2403.8757404624043	-241284135.40680197
2406.973518478464	-241617004.2262013
2410.0712964945237	-241949873.04531145
2413.169074510584	-242282741.86413705
2416.266852526643	-242615610.68268356
2419.3646305427033	-242948479.50095567
2422.4624085587634	-243281348.31895798
2425.5601865748226	-243614217.13669538
2428.657964590883	-243947085.95417246
2431.7557426069425	-244279954.77139357
2434.853520623002	-244612823.58836344
2437.9512986390623	-244945692.40508652
2441.0490766551216	-245278561.22156724
2444.1468546711817	-245611430.03780964
2447.244632687242	-245944298.85381782
2450.342410703301	-246277167.6695959
2453.4401887193612	-246610036.4851481
2456.537966735421	-246942905.3004779
2459.6357447514806	-247275774.11558968
2462.7335227675408	-247608642.93048742
2465.8313007836	-247941511.74517456
2468.92907879966	-248274380.55965474
2472.02685681572	-248607249.37393185
2475.1246348317795	-248940118.1880093
2478.2224128478397	-249272987.0018905
2481.320190863899	-249605855.815579
2484.417968879959	-249938724.62907818
2487.5157468960188	-250271593.4423917
2490.613524912079	-250604462.2555221
2493.7113029281386	-250937331.06847316
2496.8090809441983	-251270199.8812481
2499.906858960258	-251603068.69384965
2503.004636976318	-251935937.50628087
2506.1024149923774	-252268806.3185451
2509.2001930084375	-252601675.1306451
2512.297971024497	-252934543.94258368
2515.3957490405573	-253267412.75436386
2518.493527056617	-253600281.56598854
2521.5913050726767	-253933150.37745994
2524.6890830887364	-254266019.1887811
2527.7868611047966	-254598887.9999549
2530.884639120856	-254931756.81098354
2533.9824171369155	-255264625.62187007
2537.0801951529756	-255597494.4326164
2540.177973169035	-255930363.2432254
2543.2757511850955	-256263232.05369928
2546.373529201155	-256596100.8640408
2549.471307217215	-256928969.6742516
2552.569085233275	-257261838.48433468
2555.6668632493343	-257594707.29429218
2558.764641265394	-257927576.10412598
2561.862419281454	-258260444.9138388
2564.9601972975133	-258593313.72343236
2568.057975313574	-258926182.53290883
2571.1557533296336	-259259051.34227017
2574.2535313456933	-259591920.1515187
2577.351309361753	-259924788.96065646
2580.4490873778127	-260257657.7696851
2583.5468653938724	-260590526.57860658
2586.6446434099325	-260923395.38742328
2589.742421425992	-261256264.19613653
2592.8401994420524	-261589133.00474826
2595.937977458112	-261922001.81326056
2599.0357554741718	-262254870.62167487
2602.1335334902315	-262587739.4299932
2605.231311506291	-262920608.23821685
2608.329089522351	-263253477.04634807
2611.426867538411	-263586345.8543881
2614.52464555447	-263919214.66233858
2617.6224235705304	-264252083.47020125
2620.7202015865905	-264584952.27797776
2623.81797960265	-264917821.08566922
2626.91575761871	-265250689.89327738
2630.0135356347696	-265583558.70080385
2633.1113136508293	-265916427.50825027
2636.2090916668894	-266249296.3156173
2639.3068696829487	-266582165.1229072
2642.404647699009	-266915033.93012097
2645.5024257150685	-267247902.7372599
2648.6002037311287	-267580771.54432523
2651.6979817471884	-267913640.3513187
2654.795759763248	-268246509.15824115
2657.8935377793077	-268579377.9650941
2660.991315795368	-268912246.77187866
2664.089093811427	-269245115.5785963
2667.1868718274873	-269577984.38524795
2670.284649843547	-269910853.1918348
2673.382427859607	-270243721.9983582
2676.480205875667	-270576590.8048188
2679.5779838917265	-270909459.6112185
2682.675761907786	-271242328.41755766
2685.7735399238463	-271575197.2238378
2688.8713179399056	-271908066.03005993
2691.9690959559653	-272240934.83622503
2695.0668739720254	-272573803.64233357
2698.1646519880856	-272906672.4483879
2701.2624300041452	-273239541.2543876
2704.360208020205	-273572410.0603343
2707.4579860362646	-273905278.866229
2710.555764052325	-274238147.6720724
2713.653542068384	-274571016.4778656
2716.7513200844437	-274903885.2836092
2719.849098100504	-275236754.0893043
2722.946876116564	-275569622.89495194
2726.0446541326237	-275902491.70055294
2729.1424321486834	-276235360.5061077
2732.240210164743	-276568229.31161743
2735.3379881808028	-276901098.1170832
2738.4357661968625	-277233966.92250514
2741.533544212922	-277566835.7278842
2744.6313222289823	-277899704.5332214
2747.7291002450424	-278232573.3385175
2750.826878261102	-278565442.1437731
2753.9246562771614	-278898310.94898874
2757.0224342932215	-279231179.75416565
2760.120212309281	-279564048.55930424
2763.217990325341	-279896917.36440474
2766.3157683414006	-280229786.1694687
2769.4135463574607	-280562654.9744963
2772.511324373521	-280895523.7794882
2775.6091023895806	-281228392.5844449
2778.70688040564	-281561261.3893675
2781.8046584217	-281894130.1942561
2784.9024364377597	-282226998.99911165
2788.0002144538194	-282559867.80393445
2791.097992469879	-282892736.60872555
2794.195770485939	-283225605.41348535
2797.2935485019984	-283558474.218214
2800.391326518059	-283891343.0229127
2803.4891045341183	-284224211.82758147
2806.5868825501784	-284557080.63222086
2809.684660566238	-284889949.4368319
2812.782438582298	-285222818.24141455
2815.8802165983575	-285555687.0459697
2818.977994614417	-285888555.8504973
2822.075772630477	-286221424.6549989
2825.1735506465375	-286554293.4594741
2828.2713286625967	-286887162.26392335
2831.369106678657	-287220031.06834733
2834.4668846947166	-287552899.87274694
2837.5646627107762	-287885768.67712194
2840.662440726836	-288218637.4814729
2843.7602187428956	-288551506.2858004
2846.8579967589553	-288884375.09010506
2849.955774775016	-289217243.8943871
2853.053552791075	-289550112.6986471
2856.1513308071353	-289882981.5028847
2859.249108823195	-290215850.3071013
2862.3468868392547	-290548719.1112969
2865.4446648553144	-290881587.9154715
2868.542442871374	-291214456.71962583
2871.6402208874338	-291547325.52376056
2874.7379989034935	-291880194.32787544
2877.8357769195536	-292213063.1319713
2880.9335549356138	-292545931.9360482
2884.0313329516734	-292878800.7401066
2887.129110967733	-293211669.544147
2890.226888983793	-293544538.3481692
2893.3246669998525	-293877407.15217394
2896.422445015912	-294210275.9561619
2899.520223031972	-294543144.76013255
2902.618001048032	-294876013.5640868
2905.715779064092	-295208882.3680244
2908.813557080152	-295541751.17194664
2911.911335096211	-295874619.9758526
2915.0091131122713	-296207488.77974313
2918.106891128331	-296540357.583619
2921.2046691443907	-296873226.38747936
2924.3024471604504	-297206095.1913256
2927.4002251765105	-297538963.99515736
2930.49800319257	-297871832.79897505
2933.5957812086303	-298204701.6027787
2936.6935592246896	-298537570.4065689
2939.7913372407497	-298870439.2103459
2942.8891152568094	-299203308.0141099
2945.986893272869	-299536176.8178609
2949.084671288929	-299869045.62159914
2952.1824493049885	-300201914.4253251
2955.2802273210486	-300534783.22903925
2958.378005337109	-300867652.032741
2961.475783353168	-301200520.83643097
2964.573561369228	-301533389.64010984
2967.6713393852874	-301866258.443777
2970.7691174013476	-302199127.2474334
2973.8668954174072	-302531996.05107874
2976.964673433467	-302864864.8547134
2980.062451449527	-303197733.65833765
2983.1602294655872	-303530602.4619515
2986.2580074816465	-303863471.2655553
2989.3557854977066	-304196340.069149
2992.453563513766	-304529208.8727331
2995.551341529826	-304862077.6763076
2998.6491195458857	-305194946.4798726
3001.7468975619454	-305527815.2834283
3004.8446755780055	-305860684.08697504
3007.9424535940657	-306193552.8905131
3011.040231610125	-306526421.694042
3014.138009626185	-306859290.4975626
3017.2357876422443	-307192159.30107474
3020.3335656583045	-307525028.10457855
3023.431343674364	-307857896.90807414
3026.5291216904234	-308190765.71156186
3029.6268997064835	-308523634.5150418
3032.724677722544	-308856503.31851405
3035.8224557386034	-309189372.12197906
3038.9202337546635	-309522240.925436
3042.0180117707228	-309855109.7288861
3045.115789786783	-310187978.53232896
3048.2135678028426	-310520847.33576465
3051.311345818902	-310853716.1391937
3054.409123834962	-311186584.9426159
3057.5069018510226	-311519453.7460317
3060.604679867082	-311852322.54944044
3063.702457883142	-312185191.3528434
3066.800235899201	-312518060.1562397
3069.898013915261	-312850928.9596297
3072.995791931321	-313183797.76301414
3076.0935699473803	-313516666.56639236
3079.1913479634404	-313849535.3697647
3082.289125979501	-314182404.1731315
3085.3869039955603	-314515272.9764924
3088.48468201162	-314848141.77984774
3091.5824600276796	-315181010.5831979
3094.6802380437393	-315513879.38654256
