0.0	-0.1499999999484196
3.0915948264069852	-0.14703297262226359
6.1831896528139705	-0.14412473724551858
9.274784479220957	-0.1412741228207929
12.366379305627941	-0.13847998202486683
15.457974132034927	-0.13574119070973611
18.549568958441913	-0.13305664741533751
21.6411637848489	-0.130425272893616
24.732758611255882	-0.12784600964361426
27.824353437662868	-0.12531782145726467
30.915948264069854	-0.12283969297558939
34.00754309047684	-0.12041062925501604
37.09913791688383	-0.11802965534352794
40.19073274329081	-0.11569581586638643
43.2823275696978	-0.11340817462115856
46.37392239610478	-0.11116581418180783
49.465517222511764	-0.10896783551159997
52.557112048918746	-0.106813357584598
55.648706875325736	-0.10470151701551587
58.740301701732726	-0.1026314676977189
61.83189652813971	-0.10060238044915801
64.92349135454668	-0.09861344266603647
68.01508618095367	-0.09666385798401488
71.10668100736066	-0.09475284594676095
74.19827583376765	-0.09287964168166553
77.28987066017463	-0.09104349558254307
80.38146548658162	-0.08924367299914919
83.47306031298861	-0.08747945393334336
86.5646551393956	-0.08575013274174083
89.65624996580257	-0.08405501784469416
92.74784479220956	-0.08239343144145325
95.83943961861654	-0.08076470923135809
98.93103444502353	-0.07916820014091902
102.0226292714305	-0.07760326605664904
105.11422409783749	-0.0760692815635116
108.20581892424448	-0.07456563368885326
111.29741375065147	-0.07309172165169607
114.38900857705845	-0.07164695661726384
117.48060340346545	-0.07023076145662482
120.57219822987244	-0.06884257051133413
123.66379305627942	-0.0674818293629583
126.75538788268639	-0.0661479946073806
129.84698270909337	-0.06484053363376942
132.93857753550037	-0.06355892440811337
136.03017236190735	-0.06230265526121788
139.12176718831435	-0.06107122468106497
142.21336201472133	-0.05986414110943975
145.30495684112833	-0.05868092274273071
148.3965516675353	-0.05752109733681033
151.48814649394228	-0.05638420201590998
154.57974132034926	-0.0552697830853989
157.67133614675626	-0.0541773958483847
160.76293097316324	-0.0531066044260527
163.85452579957024	-0.052056981581663254
166.94612062597722	-0.051028108548127206
170.0377154523842	-0.05001957485908541
173.1293102787912	-0.04903097818341551
176.22090510519817	-0.04806192416309462
179.31249993160515	-0.047112026254343825
182.40409475801212	-0.046180905571989575
185.49568958441913	-0.04526819073696955
188.5872844108261	-0.044373517726918506
191.67887923723308	-0.04349652972977127
194.77047406364005	-0.04263687700031612
197.86206889004706	-0.041794216719638545
200.95366371645406	-0.04096821285739673
204.045258542861	-0.04015853603686562
207.136853369268	-0.03936486340269704
210.22844819567499	-0.038586878491333465
213.320043022082	-0.037824271104027675
216.41163784848897	-0.0370767371824076
219.50323267489594	-0.03634397868653873
222.59482750130294	-0.03562570347542863
225.68642232770995	-0.03492162518992787
228.7780171541169	-0.03423146313797338
231.8696119805239	-0.03355494218212917
234.9612068069309	-0.032891792629377456
238.05280163333788	-0.03224175012311072
241.14439645974488	-0.031604555537286194
244.23599128615186	-0.030979954872689768
247.32758611255883	-0.03036769915527625
250.4191809389658	-0.029767544336534325
253.51077576537278	-0.029179251195842717
256.6023705917798	-0.028602585244771703
259.69396541818674	-0.02803731663329334
262.78556024459374	-0.02748322005786151
265.87715507100074	-0.02694007467132171
268.9687498974077	-0.02640766399461783
272.0603447238147	-0.025885775830253564
275.1519395502217	-0.025374202177480175
278.2435343766287	-0.024872739149168207
281.33512920303565	-0.024381186890337136
284.42672402944265	-0.02389934949830097
287.5183188558496	-0.02342703494440567
290.60991368225666	-0.02296405499732033
293.70150850866355	-0.022510225147852763
296.7931033350706	-0.02206536453525987
299.88469816147756	-0.021629295875022186
302.97629298788456	-0.02120184538805252
306.06788781429157	-0.020782842731309415
309.1594826406985	-0.02037212092979078
312.2510774671055	-0.019969516309874768
315.3426722935125	-0.019574868433985888
318.4342671199195	-0.019188020036556057
321.5258619463265	-0.018808816961256785
324.6174567727334	-0.018437108099477375
327.7090515991405	-0.018072745330022
330.8006464255474	-0.017715583460003733
333.89224125195443	-0.017365480166910103
336.98383607836143	-0.01702229594181774
340.0754309047684	-0.016685894033732118
343.16702573117533	-0.016356140395031547
346.2586205575824	-0.016032903627990907
349.35021538398934	-0.015716054932367447
352.44181021039634	-0.015405468054022708
355.5334050368033	-0.015101019234564037
358.6249998632103	-0.014802587161983039
361.7165946896173	-0.014510052922272353
364.80818951602424	-0.014223299952000284
367.8997843424313	-0.013942213991824787
370.99137916883825	-0.01366668304092856
374.0829739952452	-0.013396597312355596
377.1745688216522	-0.013131849189232915
380.2661636480592	-0.01287233318185846
383.35775847446615	-0.012617945885638963
386.4493533008732	-0.01236858593986026
389.5409481272801	-0.01212415398727392
392.6325429536871	-0.011884552634483861
395.7241377800941	-0.011649686413116
398.8157326065011	-0.011419461741758619
401.9073274329081	-0.01119378688865338
404.99892225931507	-0.010972571935126513
408.090517085722	-0.010755728739742933
411.1821119121291	-0.010543170903169191
414.273706738536	-0.010334813733732696
417.3653015649431	-0.01013057421366189
420.45689639134997	-0.009930370965993649
423.548491217757	-0.009734124222136022
426.640086044164	-0.00954175579007316
429.731680870571	-0.009353189023198224
432.82327569697793	-0.00916834878976337
435.914870523385	-0.008987161442933636
439.0064653497919	-0.00880955479143365
442.0980601761989	-0.008635458070774673
445.1896550026059	-0.00846480191505031
448.2812498290129	-0.00829751832929089
451.3728446554199	-0.00813354066236392
454.46443948182684	-0.007972803580410937
457.5560343082338	-0.007815243040808764
460.64762913464085	-0.00766079626664685
463.7392239610478	-0.007509401721708496
466.8308187874548	-0.007360999085947999
469.9224136138618	-0.00721552923145023
473.01400844026875	-0.007072934198868821
476.10560326667576	-0.006933157174326998
479.19719809308276	-0.006796142466778307
482.28879291948977	-0.006661835485812089
485.3803877458967	-0.006530182719899796
488.4719825723037	-0.006401131715070685
491.56357739871066	-0.006274631054008261
494.65517222511767	-0.00615063033556216
497.7467670515246	-0.006029080154662721
500.8383618779316	-0.0059099320826344216
503.92995670433857	-0.005793138647897122
507.02155153074557	-0.00567865331705029
510.1131463571525	-0.005566430476329245
513.2047411835596	-0.005456425413430749
516.2963360099666	-0.005348594299694389
519.3879308363735	-0.005242894172639869
522.4795256627806	-0.00513928291884653
525.5711204891875	-0.005037719257172843
528.6627153155945	-0.00493816272230744
531.7543101420015	-0.004840573648644592
534.8459049684085	-0.0047449131544798
537.9374997948154	-0.00465114312651649
541.0290946212224	-0.004559226204678864
544.1206894476294	-0.00446912576722647
547.2122842740365	-0.004380805916161351
550.3038791004434	-0.004294231462925182
553.3954739268503	-0.004209367914377123
556.4870687532574	-0.004126181459050306
559.5786635796644	-0.004044638953680837
562.6702584060713	-0.003964707909999729
565.7618532324783	-0.0038863564817901946
568.8534480588853	-0.0038095534521969472
571.9450428852923	-0.0037342682212893304
575.0366377116992	-0.0036604707938674387
578.1282325381062	-0.0035881317675124217
581.2198273645133	-0.0035172223208699577
584.3114221909202	-0.003447714202167244
587.4030170173271	-0.003379579717956315
590.4946118437342	-0.003312791722079632
593.5862066701412	-0.003247323604854127
596.6778014965481	-0.0031831492824690184
599.7693963229551	-0.003120243186593171
602.8609911493621	-0.003058580254186911
605.9525859757691	-0.0029981359175172135
609.044180802176	-0.0029388860943683178
612.1357756285831	-0.0028808071784462725
615.2273704549901	-0.0028238760299743857
618.318965281397	-0.002768069966472562
621.410560107804	-0.0027133667537201835
624.502154934211	-0.0026597445968982213
627.593749760618	-0.0026071821319033706
630.685344587025	-0.002555658416838357
633.7769394134319	-0.0025051529236663496
636.868534239839	-0.0024556455300325407
639.960129066246	-0.002407116511247066
643.051723892653	-0.002359546532425461
646.1433187190598	-0.002312916640785964
649.2349135454668	-0.002267208258097202
652.3265083718738	-0.002222403173277154
655.418103198281	-0.002178483535136057
658.5096980246879	-0.00213543184526572
661.6012928510949	-0.0020932309510659206
664.6928876775019	-0.0020518640389114912
667.7844825039089	-0.0020113146274534427
670.8760773303159	-0.0019715665610510772
673.9676721567229	-0.0019326040033369098
677.0592669831298	-0.001894411430905568
680.1508618095368	-0.0018569736271296315
683.2424566359437	-0.0018202756760971378
686.3340514623507	-0.0017843029566681748
689.4256462887578	-0.0017490411366497453
692.5172411151648	-0.0017144761670854444
695.6088359415717	-0.001680594276658034
698.7004307679787	-0.0016473819662025761
701.7920255943858	-0.0016148260033280021
704.8836204207927	-0.0015829134171454486
707.9752152471997	-0.0015516314930996966
711.0668100736066	-0.0015209677679040485
714.1584049000136	-0.0014909100245736589
717.2499997264206	-0.0014614462875598823
720.3415945528276	-0.0014325648179766618
723.4331893792346	-0.0014042541089253058
726.5247842056416	-0.0013765028809089074
729.6163790320485	-0.0013493000773387627
732.7079738584555	-0.0013226348601289336
735.7995686848626	-0.001296496605378877
738.8911635112696	-0.0012708748991391797
741.9827583376765	-0.0012457595332636578
745.0743531640834	-0.0012211405013419822
748.1659479904904	-0.001197007994712758
751.2575428168974	-0.0011733523985554435
754.3491376433044	-0.0011501642880599363
757.4407324697114	-0.0011274344246711033
760.5323272961184	-0.001105153752408198
763.6239221225254	-0.0010833133942568904
766.7155169489323	-0.0010619046486325242
769.8071117753394	-0.001040918985912776
772.8987066017464	-0.0010203480450398886
775.9903014281533	-0.0010001836301886608
779.0818962545602	-0.0009804177075019196
782.1734910809672	-0.0009610424018894426
785.2650859073742	-0.0009420499938896156
788.3566807337813	-0.0009234329165953475
791.4482755601882	-0.0009051837526375374
794.5398703865952	-0.0008872952312313899
797.6314652130022	-0.0008697602252782143
800.7230600394092	-0.0008525717485268949
803.8146548658162	-0.0008357229527903336
806.9062496922232	-0.0008192071252163944
809.9978445186301	-0.000803017685613759
813.0894393450371	-0.0007871481838302251
816.181034171444	-0.0007715922971827555
819.2726289978511	-0.0007563438279388012
822.3642238242581	-0.0007413967008462158
825.455818650665	-0.0007267449607137297
828.547413477072	-0.0007123827700370782
831.639008303479	-0.0006983044066747571
834.7306031298862	-0.0006845042615669451
837.822197956293	-0.000670976836501123
840.9137927826999	-0.0006577167419217087
844.005387609107	-0.0006447186947827964
847.096982435514	-0.0006319775164426527
850.1885772619208	-0.0006194881306010599
853.280172088328	-0.0006072455612768257
856.371766914735	-0.0005952449308252199
859.463361741142	-0.0005834814579939925
862.5549565675489	-0.000571950456019286
865.6465513939559	-0.0005606473307578801
868.738146220363	-0.0005495675788570818
871.82974104677	-0.0005387067859602522
874.9213358731768	-0.0005280606249481785
878.0129306995838	-0.0005176248542147239
881.1045255259908	-0.000507395315977854
884.1961203523978	-0.0004973679346218098
887.2877151788048	-0.00048753871507396785
890.3793100052118	-0.0004779037412139354
893.4709048316188	-0.00046845917431131794
896.5624996580258	-0.0004592012514981435
899.6540944844328	-0.0004501262842688293
902.7456893108398	-0.0004412306570107912
905.8372841372468	-0.00043251082556368696
908.9288789636537	-0.0004239633158079535
912.0204737900606	-0.0004155847222797414
915.1120686164676	-0.00040737170681490496
918.2036634428747	-0.0003993209972187085
921.2952582692817	-0.0003914293859623538
924.3868530956886	-0.0003836937289045431
927.4784479220956	-0.0003761109440391838
930.5700427485026	-0.0003686780102672279
933.6616375749096	-0.0003613919661937521
936.7532324013166	-0.0003542499089469415
939.8448272277236	-0.00034724899302207855
942.9364220541305	-0.0003403864291480924
946.0280168805375	-0.00033365948317577216
949.1196117069444	-0.00032706547498897315
952.2112065333515	-0.0003206017774363687
955.3028013597585	-0.0003142658152848525
958.3943961861655	-0.00030805506419347763
961.4859910125724	-0.0003019670497081494
964.5775858389795	-0.0002959993462750701
967.6691806653864	-0.00029014957627492976
970.7607754917934	-0.0002844154090747304
973.8523703182003	-0.0002787945601010163
976.9439651446074	-0.0002732847899273986
980.0355599710143	-0.00026788390338414577
983.1271547974213	-0.0002625897486827285
986.2187496238282	-0.0002574002165584266
989.3103444502353	-0.0002523132394303274
992.4019392766425	-0.00024732679057760373
995.4935341030492	-0.00024243888333184548
998.5851289294563	-0.0002376475702849992
1001.6767237558632	-0.00023295094251491098
1004.7683185822704	-0.0002283471288233633
1007.8599134086771	-0.00022383429499104427
1010.9515082350842	-0.00021941064304700485
1014.0431030614911	-0.00021507441055215764
1017.1346978878983	-0.00021082386989725922
1020.226292714305	-0.00020665732761381952
1023.3178875407121	-0.0002025731237003797
1026.4094823671192	-0.00019856963096060278
1029.501077193526	-0.00019464525435539654
1032.5926720199332	-0.00019079843036662423
1035.68426684634	-0.00018702762637484396
1038.775861672747	-0.00018333134004907707
1041.867456499154	-0.00017970809874660483
1044.9590513255612	-0.00017615645892856628
1048.050646151968	-0.00017267500558225093
1051.142240978375	-0.000169262351660078
1054.2338358047818	-0.00016591713752437965
1057.325430631189	-0.00016263803040731382
1060.417025457596	-0.00015942372387990983
1063.508620284003	-0.00015627293733024548
1066.60021511041	-0.00015318441545475177
1069.691809936817	-0.00015015692775687073
1072.7834047632239	-0.00014718926805772832
1075.8749995896308	-0.00014428025401482469
1078.9665944160379	-0.0001414287266518496
1082.0581892424448	-0.0001386335498958471
1085.149784068852	-0.00013589361012550374
1088.2413788952588	-0.00013320781572656197
1091.332973721666	-0.00013057509665813377
1094.424568548073	-0.00012799440402524981
1097.5161633744797	-0.0001254647096614187
1100.6077582008868	-0.00012298500571875307
1103.6993530272937	-0.0001205543042672159
1106.7909478537006	-0.00011817163690010029
1109.8825426801077	-0.0001158360543479619
1112.9741375065148	-0.00011354662610211441
1116.0657323329217	-0.00011130244004169137
1119.1573271593288	-0.00010910260207182428
1122.2489219857355	-0.00010694623576694052
1125.3405168121426	-0.00010483248202140128
1128.4321116385497	-0.00010276049870725718
1131.5237064649566	-0.00010072946033889847
1134.6153012913637	-9.873855774437815e-05
1137.7068961177706	-9.678699774229646e-05
1140.7984909441775	-9.487400282646756e-05
1143.8900857705846	-9.29988108559249e-05
1146.9816805969915	-9.116067475137549e-05
1150.0732754233984	-8.935886219677022e-05
1153.1648702498055	-8.759265534932076e-05
1156.2564650762124	-8.586135055130115e-05
1159.3480599026195	-8.41642580514053e-05
1162.4396547290266	-8.250070172899903e-05
1165.5312495554335	-8.087001882526282e-05
1168.6228443818404	-7.927155967900462e-05
1171.7144392082473	-7.770468746736481e-05
1174.8060340346542	-7.616877795274462e-05
1177.8976288610613	-7.466321923351601e-05
1180.9892236874684	-7.318741150117679e-05
1184.0808185138753	-7.174076680017619e-05
1187.1724133402824	-7.032270879440743e-05
1190.2640081666896	-6.893267253748036e-05
1193.3556029930962	-6.757010424721837e-05
1196.4471978195033	-6.623446108593331e-05
1199.5387926459102	-6.492521094314767e-05
1202.6303874723174	-6.364183222431675e-05
1205.7219822987242	-6.238381364221964e-05
1208.8135771251314	-6.115065401434986e-05
1211.9051719515383	-5.9941862062530316e-05
1214.9967667779454	-5.875695621675122e-05
1218.088361604352	-5.759546442478493e-05
1221.1799564307591	-5.6456923962248437e-05
1224.2715512571663	-5.534088124999689e-05
1227.3631460835732	-5.424689167174251e-05
1230.4547409099803	-5.3174519398338036e-05
1233.5463357363872	-5.2123337213617675e-05
1236.637930562794	-5.10929263437936e-05
1239.7295253892012	-5.00828762910743e-05
1242.821120215608	-4.909278466995014e-05
1245.9127150420152	-4.812225704703429e-05
1249.004309868422	-4.717090678334867e-05
1252.0959046948292	-4.6238354881497405e-05
1255.187499521236	-4.5324229833064535e-05
1258.279094347643	-4.442816747200925e-05
1261.37068917405	-4.3549810828951526e-05
1264.462284000457	-4.268880998834628e-05
1267.5538788268639	-4.184482195054468e-05
1270.6454736532708	-4.101751049385719e-05
1273.737068479678	-4.020654604128158e-05
1276.828663306085	-3.941160552856481e-05
1279.920258132492	-3.863237227626354e-05
1283.011852958899	-3.7868535862916456e-05
1286.103447785306	-3.711979200199294e-05
1289.1950426117128	-3.638584241995342e-05
1292.2866374381197	-3.566639473808605e-05
1295.3782322645268	-3.4961162355454845e-05
1298.4698270909337	-3.426986433495795e-05
1301.5614219173408	-3.359222529160753e-05
1304.6530167437477	-3.292797528236523e-05
1307.744611570155	-3.227684969908749e-05
1310.836206396562	-3.163858916258221e-05
1313.9278012229688	-3.101293941955304e-05
1317.0193960493757	-3.0399651241765266e-05
1320.1109908757826	-2.9798480325656695e-05
1323.2025857021897	-2.920918719572438e-05
1326.2941805285966	-2.8631537109244458e-05
1329.3857753550037	-2.80652999623252e-05
1332.4773701814106	-2.7510250198625475e-05
1335.5689650078177	-2.6966166718962155e-05
1338.6605598342244	-2.6432832793582952e-05
1341.7521546606317	-2.5910035975772194e-05
1344.8437494870386	-2.5397568017455816e-05
1347.9353443134457	-2.4895224785917224e-05
1351.0269391398526	-2.440280618206818e-05
1354.1185339662595	-2.3920116061828982e-05
1357.2101287926666	-2.3446962156843082e-05
1360.3017236190735	-2.298315599852304e-05
1363.3933184454804	-2.2528512842985203e-05
1366.4849132718873	-2.2082851597095155e-05
1369.5765080982947	-2.1645994746512138e-05
1372.6681029247013	-2.1217768284844174e-05
1375.7596977511087	-2.079800164480212e-05
1378.8512925775156	-2.03865276291321e-05
1381.9428874039227	-1.9983182345545278e-05
1385.0344822303296	-1.9587805140315696e-05
1388.1260770567362	-1.9200238534321133e-05
1391.2176718831433	-1.8820328160638592e-05
1394.3092667095502	-1.8447922703028415e-05
1397.4008615359573	-1.8082873835751006e-05
1400.4924563623642	-1.7725036164050064e-05
1403.5840511887716	-1.7374267166412498e-05
1406.6756460151785	-1.7030427137938925e-05
1409.7672408415854	-1.6693379134602637e-05
1412.8588356679923	-1.636298891861913e-05
1415.9504304943994	-1.60391249053702e-05
1419.0420253208063	-1.5721658109662205e-05
1422.1336201472132	-1.5410462096425523e-05
1425.2252149736203	-1.5105412928527624e-05
1428.3168098000272	-1.4806389118139169e-05
1431.4084046264343	-1.4513271578544402e-05
1434.4999994528412	-1.4225943576173843e-05
1437.5915942792483	-1.3944290684191482e-05
1440.6831891056552	-1.366820073785859e-05
1443.7747839320623	-1.3397563788121329e-05
1446.8663787584692	-1.313227205897336e-05
1449.9579735848763	-1.2872219904374522e-05
1453.0495684112832	-1.2617303766501981e-05
1456.14116323769	-1.2367422133113357e-05
1459.232758064097	-1.212247549868479e-05
1462.3243528905039	-1.1882366324216913e-05
1465.415947716911	-1.1646998997485021e-05
1468.5075425433179	-1.141627979684217e-05
1471.5991373697252	-1.1190116851691691e-05
1474.690732196132	-1.096842010784487e-05
1477.7823270225392	-1.0751101290214178e-05
1480.873921848946	-1.05380738686153e-05
1483.965516675353	-1.032925302223699e-05
1487.05711150176	-1.0124555606997618e-05
1490.1487063281668	-9.92390012179164e-06
1493.240301154574	-9.727206676290453e-06
1496.3318959809808	-9.534396958743371e-06
1499.423490807388	-9.345394204666878e-06
1502.5150856337948	-9.160123167310334e-06
1505.606680460202	-8.97851008634542e-06
1508.6982752866088	-8.800482659220194e-06
1511.789870113016	-8.625970012513248e-06
1514.8814649394228	-8.454902673287936e-06
1517.9730597658297	-8.287212541112828e-06
1521.0646545922368	-8.122832861636526e-06
1524.1562494186437	-7.961698199940545e-06
1527.2478442450508	-7.803744413670185e-06
1530.3394390714577	-7.64890862860798e-06
1533.4310338978646	-7.497129212692893e-06
1536.5226287242715	-7.348345751815938e-06
1539.6142235506788	-7.2024990258378895e-06
1542.7058183770857	-7.059530985051155e-06
1545.7974132034929	-6.919384726863739e-06
1548.8890080298997	-6.7820044727053054e-06
1551.9806028563066	-6.64733554715374e-06
1555.0721976827135	-6.515324354619263e-06
1558.1637925091204	-6.385918358693136e-06
1561.2553873355275	-6.259066061496405e-06
1564.3469821619344	-6.134716982362549e-06
1567.4385769883418	-6.01282163896268e-06
1570.5301718147484	-5.893331525988266e-06
1573.6217666411558	-5.776199097164583e-06
1576.7133614675627	-5.661377745709884e-06
1579.8049562939696	-5.5488217859048165e-06
1582.8965511203764	-5.438486434661898e-06
1585.9881459467833	-5.330327793983175e-06
1589.0797407731905	-5.2243028336399805e-06
1592.1713355995973	-5.120369373408619e-06
1595.2629304260045	-5.0184860666383515e-06
1598.3545252524113	-4.918612383819414e-06
1601.4461200788185	-4.820708596373099e-06
1604.5377149052251	-4.724735760885958e-06
1607.6293097316325	-4.63065570356607e-06
1610.7209045580394	-4.538431004921378e-06
1613.8124993844465	-4.4480249846600975e-06
1616.9040942108534	-4.359401687701368e-06
1619.9956890372603	-4.272525869297741e-06
1623.0872838636674	-4.187362981489969e-06
1626.1788786900743	-4.103879158451572e-06
1629.2704735164812	-4.022041204497982e-06
1632.362068342888	-3.941816578765014e-06
1635.4536631692954	-3.863173384550303e-06
1638.5452579957023	-3.7860803548799996e-06
1641.6368528221094	-3.71050684074001e-06
1644.7284476485163	-3.63642279886317e-06
1647.8200424749234	-3.563798779516427e-06
1650.91163730133	-3.492605914954173e-06
1654.003232127737	-3.422815908315684e-06
1657.094826954144	-3.35440102141234e-06
1660.186421780551	-3.287334064513269e-06
1663.278016606958	-3.2215883847987313e-06
1666.369611433365	-3.157137856811913e-06
1669.4612062597723	-3.0939568704682474e-06
1672.5528010861792	-3.032020322617456e-06
1675.644395912586	-2.97130360571902e-06
1678.735990738993	-2.911782598738111e-06
1681.8275855653999	-2.8534336569313027e-06
1684.919180391807	-2.796233602964566e-06
1688.010775218214	-2.740159718031268e-06
1691.102370044621	-2.685189731415868e-06
1694.193964871028	-2.631301812944203e-06
1697.285559697435	-2.5784745641015127e-06
1700.3771545238417	-2.5266870087063803e-06
1703.468749350249	-2.4759185853610443e-06
1706.560344176656	-2.4261491385694383e-06
1709.651939003063	-2.377358912075698e-06
1712.74353382947	-2.329528539094034e-06
1715.8351286558768	-2.2826390358692923e-06
1718.926723482284	-2.2366717939052505e-06
1722.0183183086908	-2.1916085721929123e-06
1725.1099131350977	-2.147431490326996e-06
1728.2015079615046	-2.1041230211783333e-06
1731.2931027879117	-2.061665984232406e-06
1734.3846976143186	-2.020043537817669e-06
1737.476292440726	-1.9792391737763647e-06
1740.5678872671328	-1.9392367099148986e-06
1743.65948209354	-1.9000202835644393e-06
1746.7510769199469	-1.861574345585613e-06
1749.8426717463535	-1.8238836545952492e-06
1752.9342665727606	-1.7869332698608575e-06
1756.0258613991675	-1.75070854597147e-06
1759.1174562255746	-1.715195126842348e-06
1762.2090510519815	-1.680378940607878e-06
1765.3006458783887	-1.6462461927381044e-06
1768.3922407047955	-1.6127833618198099e-06
1771.4838355312027	-1.5799771933391908e-06
1774.5754303576095	-1.5478146947968064e-06
1777.6670251840167	-1.5162831303784401e-06
1780.7586200104236	-1.4853700158480098e-06
1783.8502148368304	-1.4550631141066117e-06
1786.9418096632376	-1.4253504294193014e-06
1790.0334044896445	-1.3962202031961887e-06
1793.1249993160516	-1.3676609088853558e-06
1796.2165941424585	-1.3396612486421368e-06
1799.3081889688656	-1.3122101466677248e-06
1802.3997837952722	-1.285296746766636e-06
1805.4913786216796	-1.258910407239634e-06
1808.5829734480865	-1.2330406966648376e-06
1811.6745682744936	-1.2076773890126965e-06
1814.7661631009005	-1.1828104614255024e-06
1817.8577579273074	-1.1584300884441899e-06
1820.9493527537143	-1.1345266386776274e-06
1824.0409475801212	-1.111090671249868e-06
1827.1325424065283	-1.088112932247399e-06
1830.2241372329352	-1.0655843498341262e-06
1833.3157320593425	-1.0434960318088508e-06
1836.4073268857494	-1.021839261608434e-06
1839.4989217121565	-1.000605495199144e-06
1842.5905165385634	-9.797863568577763e-07
1845.6821113649703	-9.59373636729138e-07
1848.7737061913772	-9.393592870512594e-07
1851.865301017784	-9.197354192687914e-07
1854.9568958441912	-9.004943000361753e-07
1858.048490670598	-8.816283496633074e-07
1861.1400854970052	-8.631301378966684e-07
1864.231680323412	-8.449923810327219e-07
1867.3232751498192	-8.272079396974465e-07
1870.414869976226	-8.097698152936016e-07
1873.5064648026332	-7.926711475582175e-07
1876.59805962904	-7.759052118980413e-07
1879.6896544554472	-7.594654165029389e-07
1882.7812492818541	-7.43345299681342e-07
1885.872844108261	-7.2753852786183e-07
1888.9644389346681	-7.12038891818356e-07
1892.056033761075	-6.968403060040972e-07
1895.147628587482	-6.819368041105482e-07
1898.2392234138888	-6.673225384013727e-07
1901.3308182402961	-6.529917766037654e-07
1904.422413066703	-6.389388994659483e-07
1907.51400789311	-6.251583987587564e-07
1910.605602719517	-6.116448752772241e-07
1913.6971975459237	-5.983930363980833e-07
1916.788792372331	-5.853976940813501e-07
1919.8803871987377	-5.726537626498685e-07
1922.9719820251448	-5.601562570129426e-07
1926.063576851552	-5.479002906679259e-07
1929.155171677959	-5.358810737018101e-07
1932.2467665043657	-5.24093910570769e-07
1935.3383613307728	-5.125341985458388e-07
1938.42995615718	-5.011974261585965e-07
1941.5215509835868	-4.900791707586614e-07
1944.6131458099935	-4.7917509673733e-07
1947.7047406364006	-4.6848095530552467e-07
1950.7963354628077	-4.5799258005289337e-07
1953.8879302892149	-4.4770588828007133e-07
1956.979525115622	-4.3761687722391504e-07
1960.0711199420286	-4.2772162316931827e-07
1963.1627147684358	-4.1801628011693775e-07
1966.2543095948427	-4.0849707800683066e-07
1969.3459044212498	-3.9916032138618126e-07
1972.4374992476564	-3.900023874108939e-07
1975.5290940740636	-3.8101972540149866e-07
1978.6206889004707	-3.722088544006555e-07
1981.7122837268773	-3.6356636206292656e-07
1984.803878553285	-3.5508890398863746e-07
1987.8954733796916	-3.4677320128138243e-07
1990.9870682060985	-3.386160403259751e-07
1994.0786630325056	-3.306142707900434e-07
1997.1702578589127	-3.227648042917572e-07
2000.2618526853194	-3.150646139557362e-07
2003.3534475117265	-3.075107324146438e-07
2006.4450423381336	-3.0010025069896153e-07
2009.5366371645407	-2.928303177928958e-07
2012.6282319909474	-2.856981386359734e-07
2015.7198268173543	-2.787009736789492e-07
2018.8114216437614	-2.718361368854017e-07
2021.9030164701685	-2.651009961758192e-07
2024.9946112965756	-2.5849297098510663e-07
2028.0862061229823	-2.5200953115235956e-07
2031.1778009493894	-2.4564819758699574e-07
2034.2693957757965	-2.3940653960421734e-07
2037.3609906022034	-2.332821742588742e-07
2040.45258542861	-2.27272766123418e-07
2043.5441802550172	-2.2137602595563154e-07
2046.6357750814243	-2.1558970914431484e-07
2049.727369907831	-2.0991161615337225e-07
2052.8189647342383	-2.043395900793197e-07
2055.910559560645	-1.988715175394616e-07
2059.002154387052	-1.9350532622939804e-07
2062.0937492134594	-1.8823898470097865e-07
2065.1853440398663	-1.83070502362301e-07
2068.276938866273	-1.7799792703521828e-07
2071.36853369268	-1.7301934584351604e-07
2074.460128519087	-1.6813288299246491e-07
2077.551723345494	-1.6333670043495303e-07
2080.643318171901	-1.586289958730829e-07
2083.734912998308	-1.5400800298021527e-07
2086.826507824715	-1.4947199006869958e-07
2089.9181026511224	-1.4501925964578414e-07
2093.0096974775292	-1.4064814774748077e-07
2096.101292303936	-1.3635702349447474e-07
2099.192887130343	-1.321442882039451e-07
2102.28448195675	-1.280083742793407e-07
2105.3760767831573	-1.2394774565446844e-07
2108.4676716095637	-1.199608960171355e-07
2111.559266435971	-1.1604634947528219e-07
2114.650861262378	-1.1220265900266889e-07
2117.742456088785	-1.0842840555069664e-07
2120.834050915192	-1.0472219915862972e-07
2123.9256457415986	-1.0108267651110382e-07
2127.017240568006	-9.75085013822147e-08
2130.108835394413	-9.399836419142836e-08
2133.20043022082	-9.055098089335704e-08
2136.2920250472266	-8.716509297775892e-08
2139.383619873634	-8.383946658135872e-08
2142.475214700041	-8.057289270989198e-08
2145.5668095264477	-7.736418546174741e-08
2148.658404352855	-7.42121831381895e-08
2151.7499991792615	-7.11157462449566e-08
2154.841594005669	-6.807375815839384e-08
2157.9331888320758	-6.50851244593194e-08
2161.024783658483	-6.214877204484504e-08
2164.1163784848895	-5.926364912837608e-08
2167.207973311297	-5.642872435143217e-08
2170.299568137704	-5.364298744978108e-08
2173.3911629641107	-5.090544747708105e-08
2176.4827577905176	-4.8215133026925276e-08
2179.5743526169244	-4.557109223284144e-08
2182.665947443332	-4.297239165806826e-08
2185.7575422697387	-4.041811673964448e-08
2188.849137096146	-3.790737045614086e-08
2191.9407319225525	-3.5439273771749044e-08
2195.0323267489593	-3.301296519219197e-08
2198.1239215753667	-3.06275994324561e-08
2201.2155164017736	-2.828234897110327e-08
2204.3071112281805	-2.5976401607779775e-08
2207.3987060545874	-2.37089620175283e-08
2210.4903008809947	-2.1479250196475642e-08
2213.581895707401	-1.9286501017742848e-08
2216.6734905338085	-1.7129965341668448e-08
2219.7650853602154	-1.500890846149572e-08
2222.8566801866223	-1.2922609881327949e-08
2225.9482750130296	-1.0870363760217507e-08
2229.0398698394365	-8.851477801942406e-09
2232.1314646658434	-6.8652734770510205e-09
2235.2230594922503	-4.911086022861596e-09
2238.3146543186576	-2.9882631111947277e-09
2241.4062491450645	-1.0961657365513446e-09
2244.497843971471	7.658324500210422e-10
2247.5894387978783	2.5983458070624835e-09
2250.681033624285	4.401976258611435e-09
2253.7726284506925	6.177313960338718e-09
2256.8642232770994	7.924937743636942e-09
2259.9558181035063	9.645414227442055e-09
2263.047412929913	1.1339299594590612e-08
2266.13900775632	1.3007138925685703e-08
2269.2306025827274	1.4649466421142026e-08
2272.322197409134	1.626680562323029e-08
2275.413792235541	1.785967008221148e-08
2278.505387061948	1.9428563134292016e-08
2281.596981888355	2.0973977901624084e-08
2284.6885767147623	2.249639795843952e-08
2287.7801715411692	2.399629755309434e-08
2290.871766367576	2.5474141608069153e-08
2293.963361193983	2.6930385275879574e-08
2297.0549560203904	2.8365475493389054e-08
2300.146550846797	2.977984987158552e-08
2303.238145673204	3.117393780580477e-08
2306.329740499611	3.254815980959647e-08
2309.421335326018	3.390292840290287e-08
2312.512930152425	3.523864789001421e-08
2315.6045249788317	3.6555714581613216e-08
2318.696119805239	3.7854517016820055e-08
2321.787714631646	3.913543618523676e-08
2324.8793094580533	4.039884530490284e-08
2327.9709042844597	4.1645110710473576e-08
2331.062499110867	4.287459074299732e-08
2334.154093937274	4.408763752627208e-08
2337.245688763681	4.5284595856622894e-08
2340.3372835900877	4.646580342494598e-08
2343.4288784164946	4.7631592148977e-08
2346.520473242902	4.8782286618978456e-08
2349.6120680693084	4.9918205207962834e-08
2352.703662895716	5.1039660293737444e-08
2355.7952577221226	5.214695781481497e-08
2358.88685254853	5.3240397936547525e-08
2361.978447374937	5.432027482908195e-08
2365.0700422013438	5.538687644531538e-08
2368.1616370277507	5.644048585316279e-08
2371.2532318541575	5.748138012533409e-08
2374.344826680565	5.850983078342319e-08
2377.4364215069713	5.9526104019952926e-08
2380.528016333379	6.053046136450867e-08
2383.6196111597856	6.152315835147074e-08
2386.7112059861925	6.250444585228224e-08
2389.8028008126	6.347457007544883e-08
2392.8943956390067	6.443377234449439e-08
2395.9859904654136	6.53822886538716e-08
2399.0775852918205	6.632035077918518e-08
2402.169180118228	6.724818627719182e-08
2405.2607749446347	6.816601759762184e-08
2408.3523697710416	6.907406319340204e-08
2411.4439645974485	6.997253729861141e-08
2414.5355594238554	7.08616492623472e-08
2417.6271542502627	7.174160532508161e-08
2420.7187490766696	7.261260728639454e-08
2423.8103439030765	7.347485228292855e-08
2426.9019387294834	7.43285347867908e-08
2429.9935335558907	7.517384438510657e-08
2433.0851283822976	7.601096777842114e-08
2436.176723208704	7.68400874484317e-08
2439.2683180351114	7.766138254616635e-08
2442.3599128615183	7.84750286699389e-08
2445.451507687925	7.928119764330476e-08
2448.5431025143325	8.00800586252838e-08
2451.6346973407394	8.087177700013724e-08
2454.7262921671463	8.16565145994124e-08
2457.817886993553	8.24344310342103e-08
2460.9094818199605	8.320568169678422e-08
2464.001076646367	8.397041953689653e-08
2467.0926714727743	8.472879461772957e-08
2470.184266299181	8.54809534497517e-08
2473.275861125588	8.62270405450297e-08
2476.367455951995	8.696719686291644e-08
2479.4590507784023	8.770156092027397e-08
2482.550645604809	8.843026856942875e-08
2485.642240431216	8.91534525540829e-08
2488.7338352576235	8.987124361953665e-08
2491.8254300840304	9.058376962451028e-08
2494.9170249104372	9.129115598523323e-08
2498.008619736844	9.199352589748895e-08
2501.1002145632515	9.2690999448436e-08
2504.1918093896584	9.338369517092065e-08
2507.283404216065	9.407172893325377e-08
2510.374999042472	9.47552143833002e-08
2513.466593868879	9.543426294847846e-08
2516.558188695286	9.610898361371621e-08
2519.649783521693	9.677948380962907e-08
2522.7413783481	9.744586852434162e-08
2525.832973174507	9.810824030348774e-08
2528.924568000914	9.876670080452274e-08
2532.016162827321	9.942134835423298e-08
2535.1077576537277	1.0007228039122613e-07
2538.1993524801355	1.0071959191161915e-07
2541.2909473065415	1.0136337613517192e-07
2544.3825421329493	1.0200372472733236e-07
2547.474136959356	1.0264072757719119e-07
2550.5657317857626	1.032744721313484e-07
2553.65732661217	1.039050451702703e-07
2556.748921438577	1.0453253080988766e-07
2559.840516264984	1.051570122779528e-07
2562.9321110913907	1.057785708038166e-07
2566.023705917798	1.0639728606251766e-07
2569.115300744205	1.0701323617478223e-07
2572.206895570612	1.0762649792906875e-07
2575.2984903970187	1.0823714633747908e-07
2578.3900852234256	1.0884525530189177e-07
2581.481680049833	1.0945089694782845e-07
2584.5732748762393	1.1005414229058773e-07
2587.6648697026467	1.1065506079115609e-07
2590.7564645290536	1.1125372057825218e-07
2593.848059355461	1.1185018822628226e-07
2596.9396541818674	1.1244452964351897e-07
2600.0312490082747	1.1303680896187804e-07
2603.1228438346816	1.1362708920305195e-07
2606.214438661088	1.1421543227851022e-07
2609.3060334874954	1.1480189854541027e-07
2612.3976283139027	1.153865474727308e-07
2615.48922314031	1.1596943764127221e-07
2618.580817966716	1.1655062585547789e-07
2621.672412793124	1.171301682536576e-07
2624.7640076195307	1.1770812008594251e-07
2627.8556024459376	1.1828453504815153e-07
2630.9471972723445	1.1885946572588049e-07
2634.0387920987514	1.1943296448268073e-07
2637.1303869251587	1.2000508190574665e-07
2640.221981751565	1.205758679161386e-07
2643.3135765779725	1.2114537154673895e-07
2646.4051714043794	1.2171364049816204e-07
2649.4967662307868	1.2228072180488845e-07
2652.588361057193	1.228466620573095e-07
2655.6799558836	1.2341150606945988e-07
2658.7715507100074	1.2397529843332945e-07
2661.8631455364143	1.24538082630685e-07
2664.954740362821	1.250999014771595e-07
2668.046335189228	1.2566079667816317e-07
2671.1379300156354	1.2622080927297198e-07
2674.229524842042	1.267799798567728e-07
2677.321119668449	1.2733834769248518e-07
2680.4127144948566	1.2789595159893899e-07
2683.5043093212635	1.284528297288305e-07
2686.5959041476704	1.2900901934667749e-07
2689.6874989740772	1.2956455705086395e-07
2692.7790938004846	1.3011947855159544e-07
2695.8706886268915	1.306738191149883e-07
2698.9622834532984	1.3122761356306953e-07
2702.0538782797053	1.317808953855987e-07
2705.145473106112	1.3233369807233525e-07
2708.237067932519	1.3288605422486e-07
2711.328662758926	1.3343799577862052e-07
2714.4202575853333	1.339895540029299e-07
2717.51185241174	1.3454075994505696e-07
2720.603447238147	1.3509164354204738e-07
2723.695042064554	1.3564223473094697e-07
2726.786636890961	1.361925621165338e-07
2729.878231717368	1.3674265474767515e-07
2732.9698265437746	1.3729254034097053e-07
2736.061421370182	1.3784224616893055e-07
2739.1530161965893	1.3839179972611015e-07
2742.2446110229957	1.3894122695275208e-07
2745.3362058494026	1.3949055378909924e-07
2748.42780067581	1.4003980595334973e-07
2751.5193955022173	1.4058900849756784e-07
2754.6109903286238	1.4113818558563952e-07
2757.702585155031	1.416873613814508e-07
2760.794179981438	1.4223655960479827e-07
2763.8857748078453	1.4278580330934487e-07
2766.9773696342518	1.4333511510466418e-07
2770.068964460659	1.4388451760032996e-07
2773.160559287066	1.4443403229569284e-07
2776.2521541134724	1.4498368113419258e-07
2779.34374893988	1.4553348472700146e-07
2782.4353437662867	1.4608346412938096e-07
2785.526938592694	1.4663363928636932e-07
2788.6185334191005	1.4718403058709413e-07
2791.710128245508	1.4773465731046015e-07
2794.8017230719147	1.4828553851332714e-07
2797.8933178983216	1.488366932525552e-07
2800.9849127247285	1.4938814014091486e-07
2804.0765075511354	1.499398971250433e-07
2807.168102377543	1.504919819295327e-07
2810.259697203949	1.5104441250101988e-07
2813.351292030357	1.5159720545387435e-07
2816.442886856764	1.5215037806859915e-07
2819.5344816831707	1.5270394673751882e-07
2822.6260765095776	1.532579278529581e-07
2825.7176713359845	1.538123373631525e-07
2828.809266162392	1.5436719055020361e-07
2831.9008609887987	1.5492250336234702e-07
2834.9924558152056	1.554782904155503e-07
2838.0840506416125	1.5603456699191533e-07
2841.17564546802	1.5659134726332067e-07
2844.2672402944263	1.5714864584573398e-07
2847.358835120833	1.5770647646694494e-07
2850.4504299472405	1.5826485329883194e-07
2853.5420247736474	1.5882378962509528e-07
2856.6336196000543	1.5938329872943498e-07
2859.725214426461	1.5994339389555143e-07
2862.8168092528686	1.605040877410109e-07
2865.908404079276	1.610653931054244e-07
2868.9999989056823	1.6162732216226904e-07
2872.091593732089	1.621898873070666e-07
2875.1831885584966	1.6275310004716043e-07
2878.274783384903	1.6331697255602764e-07
2881.3663782113103	1.6388151634101166e-07
2884.4579730377177	1.6444674246536655e-07
2887.5495678641246	1.6501266221439107e-07
2890.6411626905315	1.6557928665133925e-07
2893.7327575169384	1.6614662639537614e-07
2896.8243523433453	1.6671469184362204e-07
2899.9159471697526	1.6728349383728637e-07
2903.007541996159	1.6785304210735558e-07
2906.0991368225664	1.6842334682890555e-07
2909.1907316489733	1.6899441773292267e-07
2912.28232647538	1.6956626477243796e-07
2915.373921301787	1.701388974563935e-07
2918.465516128194	1.7071232484964182e-07
2921.5571109546013	1.7128655623908028e-07
2924.6487057810077	1.7186160091160596e-07
2927.740300607415	1.7243746748798261e-07
2930.831895433822	1.7301416481101814e-07
2933.9234902602298	1.7359170127943142e-07
2937.0150850866357	1.741700857360304e-07
2940.106679913043	1.7474932613544506e-07
2943.1982747394504	1.753294306543493e-07
2946.2898695658564	1.759104074694175e-07
2949.381464392264	1.7649226453527932e-07
2952.473059218671	1.7707500936247522e-07
2955.5646540450784	1.7765864968359025e-07
2958.656248871485	1.7824319323120927e-07
2961.747843697892	1.7882864707178372e-07
2964.839438524299	1.7941501849380936e-07
2967.931033350706	1.800023150078266e-07
2971.022628177113	1.8059054323619732e-07
2974.11422300352	1.81179710245373e-07
2977.205817829927	1.817698228797602e-07
2980.2974126563336	1.8236088798376528e-07
2983.389007482741	1.82952911957706e-07
2986.480602309148	1.835459012018996e-07
2989.5721971355547	1.8413986211666347e-07
2992.6637919619616	1.8473480132435953e-07
2995.7553867883685	1.8533072455917156e-07
2998.846981614776	1.8592763844346156e-07
3001.9385764411822	1.8652554826732374e-07
3005.0301712675896	1.8712446065312032e-07
3008.121766093997	1.8772438089094551e-07
3011.213360920404	1.8832531493702762e-07
3014.3049557468103	1.8892726852555006e-07
3017.3965505732176	1.8953024694660744e-07
3020.488145399625	1.9013425571233864e-07
3023.579740226032	1.9073930033488268e-07
3026.6713350524387	1.9134538588228918e-07
3029.7629298788456	1.9195251786669731e-07
3032.854524705253	1.9256070135615684e-07
3035.9461195316594	1.9316994141871732e-07
3039.0377143580663	1.937802429003842e-07
3042.1293091844736	1.9439161086920716e-07
3045.2209040108805	1.9500405017119135e-07
3048.3124988372874	1.9561756543029722e-07
3051.4040936636943	1.9623216149253013e-07
3054.4956884901017	1.9684784298185055e-07
3057.5872833165085	1.9746461452221906e-07
3060.6788781429154	1.9808248051555153e-07
3063.7704729693223	1.987014453637641e-07
3066.862067795729	1.9932151369081723e-07
3069.953662622136	1.9994268967658214e-07
3073.045257448543	2.0056497750093043e-07
3076.136852274951	2.0118838156577793e-07
3079.2284471013577	2.0181290582895145e-07
3082.3200419277646	2.0243855447032222e-07
3085.4116367541715	2.0306533166976172e-07
3088.5032315805784	2.0369324094100743e-07
3091.5948264069857	2.0432228668597532e-07
3094.686421233392	2.0495247264044745e-07
