0.0	-0.1499994841951758
3.0977780160597996	-0.1470265638592076
6.195556032119599	-0.14411266882309207
9.293334048179398	-0.14125662110660234
12.391112064239199	-0.13845726659165467
15.488890080298997	-0.13571347451840057
18.586668096358796	-0.13302413699314095
21.6844461124186	-0.13038816850771595
24.782224128478397	-0.12780450547004493
27.880002144538192	-0.12527210574549807
30.977780160597995	-0.12278994820879342
34.07555817665779	-0.1203570323061295
37.17333619271759	-0.1179723776272653
40.27111420877739	-0.11563502348728241
43.3688922248372	-0.11334402851775946
46.46667024089699	-0.11109847026711187
49.564448256956794	-0.10889744480984927
52.66222627301659	-0.10674006636451541
55.760004289076385	-0.10462546692008567
58.85778230513619	-0.10255279587059749
61.95556032119599	-0.10052121965780776
65.05333833725578	-0.0985299214216663
68.15111635331559	-0.09657810065841076
71.24889436937539	-0.09466497288608916
74.34667238543518	-0.09278976931732592
77.44445040149499	-0.0909517365391505
80.54222841755478	-0.08915013619971486
83.64000643361459	-0.08738424470173048
86.7377844496744	-0.08565335290246497
89.83556246573417	-0.08395676582013403
92.93334048179398	-0.08229380234654182
96.03111849785378	-0.08066379496581491
99.12889651391359	-0.0790660894790904
102.22667452997338	-0.07750004473501373
105.32445254603319	-0.07596503236591275
108.42223056209299	-0.07446043652951602
111.52000857815277	-0.07298565365608393
114.61778659421257	-0.07154009220083164
117.71556461027238	-0.07012317240151965
120.81334262633217	-0.06873432604109653
123.91112064239198	-0.06737299621527608
127.00889865845178	-0.06603863710494139
130.10667667451156	-0.06473071375326178
133.20445469057137	-0.06344870184742434
136.30223270663117	-0.06219208750486946
139.40001072269098	-0.060960367063936975
142.49778873875078	-0.05975304687881961
145.5955667548106	-0.05856964311873337
148.69334477087037	-0.05740968157121161
151.79112278693017	-0.05627269744942784
154.88890080298998	-0.05515823520346745
157.98667881904979	-0.05406584833545552
161.08445683510956	-0.05299509921846193
164.18223485116937	-0.051945558919097815
167.28001286722917	-0.05091680702373036
170.37779088328898	-0.0499084314682315
173.4755688993488	-0.04892002837118909
176.5733469154086	-0.047951201870505764
179.67112493146834	-0.04700156396331388
182.76890294752815	-0.046070734349134064
185.86668096358795	-0.045158340276212475
188.96445897964776	-0.044264016390965756
192.06223699570756	-0.04338740459047134
195.16001501176737	-0.042528153877937167
198.25779302782718	-0.041685920221089495
201.35557104388698	-0.04086036641341705
204.45334905994676	-0.0400511619382126
207.55112707600657	-0.03925798283535289
210.64890509206637	-0.038480511570760156
213.74668310812618	-0.03771843690849116
216.84446112418598	-0.03697145378539576
219.94223914024576	-0.036239263188295796
223.04001715630554	-0.03552157203363032
226.13779517236534	-0.03481809304951501
229.23557318842515	-0.03412854466016987
232.33335120448496	-0.033452650872662346
235.43112922054476	-0.03279014116592101
238.52890723660454	-0.032140750381972394
241.62668525266434	-0.031504218619355345
244.72446326872415	-0.030880291128668965
247.82224128478396	-0.030268718210210308
250.92001930084376	-0.02966925511365763
254.01779731690357	-0.029081661939761392
257.1155753329634	-0.02850570354399735
260.2133533490231	-0.027941149442146276
263.31113136508293	-0.027387773717757184
266.40890938114273	-0.026845354931459182
269.50668739720254	-0.026313676032083653
272.60446541326235	-0.025792524269556385
275.70224342932215	-0.025281691109531296
278.80002144538196	-0.02478097214972293
281.89779946144176	-0.024290167037908456
284.99557747750157	-0.023809079391562484
288.0933554935614	-0.02333751671909429
291.1911335096212	-0.022875290342652902
294.288911525681	-0.022422215322470157
297.38668954174074	-0.021978110382708818
300.48446755780054	-0.021542797838788142
303.58224557386035	-0.02111610352615555
306.68002358992015	-0.020697856730473453
309.77780160597996	-0.020287890119198296
312.87557962203977	-0.019886039674517544
315.97335763809957	-0.019492144627622193
319.0711356541594	-0.01910604739428499
322.1689136702191	-0.01872759351171958
325.26669168627893	-0.018356631576695603
328.36446970233874	-0.017993013184882542
331.46224771839854	-0.017636592871398463
334.56002573445835	-0.017287228052542288
337.65780375051816	-0.016944778968681292
340.75558176657796	-0.01660910862827292
343.85335978263777	-0.01628008275300098
346.9511377986976	-0.015957569723998463
350.0489158147574	-0.015641440529139006
353.1466938308172	-0.015331568711376354
356.244471846877	-0.015027830318106736
359.3422498629367	-0.014730103851539071
362.4400278789965	-0.014438270220048049
365.5378058950563	-0.014152212690493882
368.6355839111161	-0.013871816841488083
371.7333619271759	-0.013596970517585977
374.8311399432357	-0.013327563784389493
377.9289179592955	-0.01306348888453822
381.0266959753553	-0.012804640194576508
384.12447399141513	-0.012550914182674022
387.22225200747494	-0.012302209367185606
390.32003002353474	-0.01205842627603273
393.41780803959455	-0.011819467406892166
396.51558605565435	-0.01158523718817109
399.61336407171416	-0.011355641940758998
402.71114208777396	-0.011130589840536572
405.8089201038337	-0.010909990881628244
408.9066981198935	-0.010693756840382608
412.0044761359533	-0.010481801240069467
415.10225415201313	-0.010274039316272838
418.20003216807294	-0.01007038798297337
421.29781018413274	-0.009870765799301875
424.39558820019255	-0.009675092936951271
427.49336621625235	-0.009483291148235713
430.59114423231216	-0.00929528373478181
433.68892224837197	-0.009110995516840623
436.7867002644317	-0.008930352803208518
439.8844782804915	-0.008753283361743355
442.98225629655127	-0.00857971639046513
446.0800343126111	-0.008409582489229532
449.1778123286709	-0.008242813631962902
452.2755903447307	-0.008079343139446894
455.3733683607905	-0.007919105652643076
458.4711463768503	-0.0077620371065458115
461.5689243929101	-0.007608074704553197
464.6667024089699	-0.00745715689334504
467.7644804250297	-0.007309223338260548
470.8622584410895	-0.00716421489916201
473.96003645714933	-0.007022073606777538
477.0578144732091	-0.006882742639511561
480.15559248926894	-0.006746166300716994
483.2533705053287	-0.006612289996414585
486.35114852138855	-0.006481060213455974
489.4489265374483	-0.006352424498119017
492.54670455350816	-0.006226331435125613
495.6444825695679	-0.006102730627077167
498.7422605856278	-0.005981572674296712
501.8400386016875	-0.005862809155068792
504.9378166177474	-0.0057463926062739645
508.03559463380714	-0.005632276504403847
511.133372649867	-0.005520415246954137
514.2311506659267	-0.005410764134184943
517.3289286819864	-0.005303279351243329
520.4267066980462	-0.005197917950639495
523.524484714106	-0.005094637835070717
526.6222627301659	-0.004993397740584105
529.7200407462257	-0.004894157220073973
532.8178187622855	-0.00479687662710629
535.9155967783453	-0.004701517100062524
539.0133747944051	-0.004608040546597669
542.1111528104649	-0.004516409628407736
545.2089308265247	-0.004426587746295998
548.3067088425845	-0.004338539025538032
551.4044868586443	-0.004252228301534683
554.502264874704	-0.004167621105749501
557.6000428907639	-0.004084683651925191
560.6978209068236	-0.004003382822572787
563.7955989228835	-0.0039236861557285846
566.8933769389432	-0.0038455618319726257
569.9911549550031	-0.0037689786617051448
573.0889329710628	-0.003693906072674586
576.1867109871228	-0.0036203140977530196
579.2844890031824	-0.003548173362952361
582.3822670192424	-0.0034774550756801687
585.480045035302	-0.0034081310132260357
588.577823051362	-0.0033401735114762625
591.6756010674217	-0.0032735554538534414
594.7733790834815	-0.003208250260473558
597.8711570995412	-0.00314423187751817
600.9689351156011	-0.00308147476681787
604.0667131316608	-0.0030199538956408307
607.1644911477207	-0.0029596447266840267
610.2622691637804	-0.0029005232082634012
613.3600471798403	-0.0028425657646974894
616.4578251959	-0.0027857492868810186
619.5556032119599	-0.0027300511230468117
622.6533812280197	-0.0026754490697087577
625.7511592440795	-0.002621921362785535
628.8489372601393	-0.002569446668899664
631.9467152761991	-0.0025180040768484767
635.0444932922587	-0.0024675730892442754
638.1422713083188	-0.002418133614320292
641.2400493243783	-0.002369665957898858
644.3378273404383	-0.002322150815517962
647.435605356498	-0.002275569264714407
650.5333833725579	-0.0022299027574597743
653.6311613886176	-0.002185133112745632
656.7289394046775	-0.0021412425093162188
659.8267174207372	-0.002098213478545066
662.9244954367971	-0.002056028897451348
666.0222734528568	-0.0020146719818564507
669.1200514689167	-0.0019741262796747765
672.2178294849764	-0.001934375664337517
675.3156075010363	-0.0018954043283476573
678.413385517096	-0.0018571967769611608
681.5111635331559	-0.001819737821994178
684.6089415492156	-0.0017830125757527977
687.7067195652755	-0.0017470064450825263
690.8044975813352	-0.0017117051255362442
693.9022755973951	-0.0016770945956576205
697.0000536134548	-0.0016431611113767457
700.0978316295148	-0.0016098912005180742
703.1956096455745	-0.0015772716574159041
706.2933876616344	-0.0015452895376381586
709.3911656776941	-0.001513932152812364
712.488943693754	-0.00148318706555572
715.5867217098137	-0.0014530420845053824
718.6844997258734	-0.0014234852594466377
721.7822777419333	-0.0013945048765379923
724.880055757993	-0.0013660894536306363
727.9778337740528	-0.0013382277356797565
731.0756117901126	-0.0013109086902493906
734.1733898061724	-0.0012841215031023036
737.2711678222322	-0.0012578555738810247
740.368945838292	-0.0012321005118719806
743.4667238543518	-0.0012068461318537587
746.5645018704116	-0.0011820824500294374
749.6622798864714	-0.0011577996800366955
752.7600579025312	-0.0011339882290391913
755.857835918591	-0.0011106386938938223
758.9556139346508	-0.001087741857395363
762.0533919507106	-0.0010652886845941983
765.1511699667705	-0.001043270319186664
768.2489479828303	-0.0010216780799790475
771.3467259988901	-0.0010005034574189788
774.4445040149499	-0.0009797381101975028
777.5422820310097	-0.0009593738619171152
780.6400600470695	-0.0009394026978261673
783.7378380631293	-0.0009198167616187067
786.8356160791891	-0.0009006083522963834
789.9333940952489	-0.000881769921093491
793.0311721113087	-0.0008632940684624421
796.1289501273683	-0.0008451735411189752
799.2267281434283	-0.0008274012291463906
802.3245061594879	-0.0008099701631556753
805.4222841755479	-0.0007928735115039265
808.5200621916075	-0.0007761045775663791
811.6178402076674	-0.0007596567970624523
814.7156182237271	-0.0007435237354360096
817.813396239787	-0.0007276990852855828
820.9111742558467	-0.0007121766638478697
824.0089522719067	-0.0006969504105284792
827.1067302879663	-0.0006820143844832337
830.2045083040263	-0.0006673627622471184
833.302286320086	-0.0006529898354099661
836.4000643361459	-0.0006388900083384117
839.4978423522056	-0.0006250577959420984
842.5956203682655	-0.000611487821485225
845.6933983843252	-0.0005981748144414166
848.7911764003851	-0.000585113608389681
851.8889544164448	-0.0005722991389536526
854.9867324325047	-0.0005597264417805535
858.0845104485644	-0.0005473906505611905
861.1822884646243	-0.0005352869950878596
864.280066480684	-0.0005234107993521454
867.3778444967439	-0.0005117574796786014
870.4756225128036	-0.0005003225428976289
873.5734005288634	-0.0004891015845524343
876.6711785449232	-0.0004780902871429386
879.768956560983	-0.0004672844184037395
882.8667345770428	-0.0004566798296161146
885.9645125931025	-0.0004462724539540551
889.0622906091625	-0.00043605830486231895
892.1600686252222	-0.0004260334744673833
895.2578466412821	-0.0004161941320192858
898.3556246573418	-0.0004065365223641239
901.4534026734016	-0.00039705696444742515
904.5511806894614	-0.0003877518498472686
907.6489587055212	-0.00037861764133559497
910.746736721581	-0.0003696508714679186
913.8445147376408	-0.0003608481412029893
916.9422927537006	-0.00035220611854728677
920.0400707697604	-0.000343721537227007
923.1378487858202	-0.0003353911953879771
926.23562680188	-0.00032721195431927263
929.3334048179398	-0.000319180737202529
932.4311828339996	-0.00031129452788760824
935.5289608500594	-0.00030355036968995023
938.6267388661192	-0.0002959453642138234
941.724516882179	-0.00028847667019813757
944.8222948982389	-0.00028114150238459106
947.9200729142987	-0.00027393713040970325
951.0178509303585	-0.00026686087771650663
954.1156289464182	-0.0002599101204901137
957.2134069624778	-0.000253082286613157
960.3111849785379	-0.0002463748546417644
963.4089629945976	-0.0002397853528027311
966.5067410106574	-0.0002333113580092199
969.6045190267171	-0.00022695049489720656
972.7022970427771	-0.00022070043488066823
975.8000750588368	-0.00021455889522484448
978.8978530748966	-0.00020852363813845647
981.9956310909563	-0.00020259246988443727
985.0934091070163	-0.00019676323990605905
988.191187123076	-0.00019103383997356535
991.2889651391358	-0.00018540220334508403
994.3867431551955	-0.00017986630394559532
997.4845211712556	-0.00017442415556084313
1000.5822991873152	-0.00016907381104951764
1003.680077203375	-0.00016381336156771063
1006.7778552194347	-0.00015864093581230453
1009.8756332354948	-0.00015355469927662906
1012.9734112515545	-0.00014855285352171612
1016.0711892676143	-0.00014363363546314911
1019.168967283674	-0.0001387953166695091
1022.266745299734	-0.0001340362026775221
1025.3645233157936	-0.00012935463231857682
1028.4623013318535	-0.00012474897706038577
1031.5600793479132	-0.00012021764035956942
1034.6578573639729	-0.00011575905702893564
1037.7556353800328	-0.00011137169261634554
1040.8534133960925	-0.00010705404279671726
1043.9511914121524	-0.00010280463277450212
1047.048969428212	-9.86220166995187e-05
1050.146747444272	-9.45047770937003e-05
1053.2445254603317	-9.045152428964309e-05
1056.3423034763916	-8.64608958791772e-05
1059.4400814924513	-8.253155617417998e-05
1062.5378595085112	-7.866219567740982e-05
1065.635637524571	-7.485153056335954e-05
1068.7334155406309	-7.109830217090435e-05
1071.8311935566906	-6.740127650419086e-05
1074.9289715727505	-6.375924374420833e-05
1078.0267495888102	-6.0171017771042305e-05
1081.12452760487	-5.6635435693254846e-05
1084.2223056209298	-5.315135738905584e-05
1087.3200836369897	-4.971766505437771e-05
1090.4178616530494	-4.633326276207294e-05
1093.5156396691093	-4.2997076028235325e-05
1096.613417685169	-3.970805138697816e-05
1099.711195701229	-3.646515597522159e-05
1102.8089737172886	-3.3267377124380476e-05
1105.9067517333485	-3.0113721960284363e-05
1109.004529749408	-2.7003217011106444e-05
1112.102307765468	-2.3934907823967535e-05
1115.2000857815278	-2.090785858754971e-05
1118.2978637975875	-1.7921151762939448e-05
1121.3956418136472	-1.49738877226998e-05
1124.4934198297071	-1.2065184394840353e-05
1127.591197845767	-9.19417691656955e-06
1130.6889758618267	-6.360017292721766e-06
1133.7867538778864	-3.5618740617450895e-06
1136.8845318939464	-7.989319685840267e-07
1139.9823099100063	1.929608355988877e-06
1143.080087926066	4.624530710923438e-06
1146.1778659421257	7.2866036315513845e-06
1149.2756439581856	9.916580694015705e-06
1152.3734219742455	1.2515200809033245e-05
1155.4711999903052	1.5083188514760217e-05
1158.568978006365	1.7621254258991465e-05
1161.6667560224248	2.013009468024155e-05
1164.7645340384847	2.2610392879714468e-05
1167.8623120545444	2.506281869037912e-05
1170.960090070604	2.748802893893273e-05
1174.057868086664	2.988666770353834e-05
1177.155646102724	3.2259366566893055e-05
1180.2534241187836	3.4606744862628486e-05
1183.3512021348433	3.692940991859699e-05
1186.4489801509033	3.9227957294378325e-05
1189.546758166963	4.150297101434052e-05
1192.6445361830226	4.375502379603206e-05
1195.7423141990823	4.5984677273906146e-05
1198.8400922151425	4.819248221904348e-05
1201.9378702312022	5.037897875398465e-05
1205.0356482472619	5.254469656422838e-05
1208.1334262633216	5.469015510372898e-05
1211.2312042793817	5.6815863798836506e-05
1214.3289822954414	5.8922322245792587e-05
1217.426760311501	6.10100204060026e-05
1220.5245383275608	6.307943879664085e-05
1223.622316343621	6.51310486772556e-05
1226.7200943596806	6.716531223392799e-05
1229.8178723757403	6.918268275832071e-05
1232.9156503918	7.118360482361496e-05
1236.01342840786	7.316851445822392e-05
1239.1112064239198	7.513783931328558e-05
1242.2089844399795	7.709199883059785e-05
1245.3067624560395	7.903140440277847e-05
1248.4045404720991	8.09564595351989e-05
1251.502318488159	8.286756000014451e-05
1254.6000965042188	8.476509399119427e-05
1257.6978745202787	8.664944227204688e-05
1260.7956525363384	8.852097832534435e-05
1263.8934305523983	9.038006849549938e-05
1266.9912085684578	9.22270721301872e-05
1270.0889865845174	9.406234171939376e-05
1273.1867646005776	9.588622303113102e-05
1276.2845426166375	9.769905524381953e-05
1279.382320632697	9.950117107822604e-05
1282.4800986487567	0.00010129289692340319
1285.5778766648168	0.00010307455296396076
1288.6756546808765	0.00010484645330133933
1291.7734326969362	0.00010660890607574948
1294.871210712996	0.00010836221358255765
1297.968988729056	0.00011010667238955946
1301.0667667451157	0.00011184257344958807
1304.1645447611754	0.00011357020221201204
1307.262322777235	0.00011528983873090028
1310.3601007932953	0.00011700175777318666
1313.457878809355	0.00011870622892261362
1316.5556568254146	0.000120403516682122
1319.6534348414743	0.000122093880574906
1322.7512128575343	0.00012377757524280336
1325.8489908735942	0.00012545485054335216
1328.9467688896539	0.0001271259516439605
1332.0445469057136	0.0001287911191147422
1335.1423249217735	0.0001304505890206865
1338.2401029378334	0.00013210459300894094
1341.337880953893	0.000133753358398093
1344.4356589699528	0.00013539710826300906
1347.5334369860127	0.00013703606151878529
1350.6312150020726	0.0001386704330038086
1353.7289930181323	0.0001403004335590437
1356.826771034192	0.00014192627010953864
1359.924549050252	0.0001435481457392688
1363.0223270663118	0.00014516625976908953
1366.1201050823715	0.000146780807831134
1369.2178830984312	0.00014839198194032584
1372.3156611144911	0.0001499999705681103
1375.413439130551	0.00015160495871063462
1378.5112171466108	0.0001532071279593692
1381.6089951626705	0.00015480665656706716
1384.7067731787304	0.00015640371951461008
1387.8045511947903	0.00015799848857585606
1390.90232921085	0.00015959113238070942
1394.0001072269097	0.00016118181647774825
1397.0978852429696	0.00016277070339507316
1400.1956632590295	0.00016435795269982426
1403.2934412750892	0.0001659437210576976
1406.391219291149	0.00016752816228935314
1409.4889973072086	0.00016911142742770974
1412.5867753232687	0.00017069366477191007
1415.6845533393284	0.00017227501994306055
1418.7823313553881	0.000173855635935753
1421.8801093714478	0.00017543565317114035
1424.977887387508	0.0001770152095471248
1428.0756654035677	0.00017859444048921215
1431.1734434196273	0.0001801734789980357
1434.271221435687	0.00018175245569932195
1437.3689994517467	0.0001833314988889711
1440.4667774678069	0.00018491073458080197
1443.5645554838666	0.00018649028655029956
1446.6623334999263	0.00018807027638036177
1449.760111515986	0.00018965082350349218
1452.857889532046	0.00019123204524532547
1455.9556675481056	0.00019281405686548747
1459.0534455641655	0.00019439697159912242
1462.1512235802252	0.00019598090069708677
1465.249001596285	0.00019756595346436646
1468.3467796123448	0.00019915223729960474
1471.4445576284047	0.00020073985773240942
1474.5423356444644	0.00020232891846021545
1477.6401136605243	0.00020391952138514778
1480.737891676584	0.00020551176664844093
1483.8356696926437	0.00020710575266663612
1486.9334477087036	0.00020870157616489004
1490.0312257247635	0.00021029933221072928
1493.1290037408232	0.0002118991142471364
1496.226781756883	0.00021350101412364017
1499.3245597729428	0.00021510512212962393
1502.4223377890028	0.00021671152702363797
1505.5201158050625	0.0002183203160644878
1508.6178938211222	0.00021993157504054703
1511.715671837182	0.00022154538829973467
1514.8134498532418	0.00022316183877638503
1517.9112278693017	0.0002247810080214475
1521.0090058853614	0.00022640297622757944
1524.1067839014213	0.00022802782225801396
1527.204561917481	0.00022965562367143068
1530.302339933541	0.00023128645674838044
1533.4001179496006	0.0002329203965172661
1536.4978959656605	0.00023455751677743688
1539.5956739817202	0.00023619789012561327
1542.6934519977801	0.0002378415879776486
1545.7912300138398	0.00023948868059362117
1548.8890080298997	0.00024113923709959654
1551.9867860459594	0.00024279332551049886
1555.0845640620194	0.00024445101275253896
1558.182342078079	0.00024611236468364303
1561.280120094139	0.000247777446115881
1564.3778981101987	0.000249446320835229
1567.4756761262586	0.000251119051622443
1570.5734541423183	0.0002527957002723768
1573.6712321583782	0.0002544763276146345
1576.7690101744379	0.00025616099353133355
1579.8667881904978	0.000257849756976425
1582.9645662065575	0.0002595426759947884
1586.0623442226174	0.00026123980773866537
1589.160122238677	0.0002629412084867556
1592.2579002547366	0.0002646469336613152
1595.3556782707967	0.0002663570378439224
1598.4534562868566	0.00026807157479368567
1601.5512343029163	0.00026979059746278823
1604.6490123189758	0.00027151415801203124
1607.746790335036	0.0002732423078277099
1610.8445683510959	0.00027497509753560264
1613.9423463671553	0.0002767125770167374
1617.040124383215	0.0002784547954227128
1620.1379023992752	0.00028020180118857734
1623.2356804153349	0.00028195364204837274
1626.3334584313945	0.0002837103650486801
1629.4312364474542	0.0002854720165621636
1632.5290144635144	0.00028723864230022905
1635.626792479574	0.0002890102873276776
1638.7245704956338	0.00029078699607403203
1641.8223485116935	0.0002925688123468587
1644.9201265277534	0.00029435577934353713
1648.0179045438133	0.0002961479396643598
1651.115682559873	0.00029794533532341393
1654.2134605759327	0.00029974800776012725
1657.3112385919926	0.0003015559978514817
1660.4090166080525	0.0003033693459224485
1663.5067946241122	0.00030518809175731395
1666.604572640172	0.0003070122746101151
1669.7023506562316	0.00030884193321507663
1672.8001286722917	0.0003106771057970466
1675.8979066883514	0.00031251783008193315
1678.9956847044111	0.00031436414330603054
1682.0934627204708	0.0003162160822260115
1685.191240736531	0.0003180736831282534
1688.2890187525907	0.0003199369818383859
1691.3867967686504	0.00032180601372995115
1694.48457478471	0.0003236808137339523
1697.5823528007702	0.00032556141634729094
1700.68013081683	0.0003274478556416486
1703.7779088328896	0.00032934016527125975
1706.8756868489493	0.00033123837848179287
1709.9734648650094	0.0003331425281179002
1713.071242881069	0.0003350526466323215
1716.1690208971288	0.0003369687660918802
1719.2667989131885	0.00033889091818680865
1722.3645769292486	0.000340819134236744
1725.4623549453083	0.0003427534451996093
1728.560132961368	0.0003446938816771657
1731.6579109774277	0.0003466404739232277
1734.7556889934879	0.0003485932518501029
1737.8534670095476	0.00035055224503569677
1740.9512450256072	0.0003525174827292869
1744.049023041667	0.0003544889938592937
1747.1468010577269	0.0003564668070383887
1750.2445790737868	0.00035845095057037687
1753.3423570898465	0.00036044145245641427
1756.4401351059062	0.0003624383404010039
1759.537913121966	0.0003644416418173244
1762.635691138026	0.00036645138383322546
1765.7334691540857	0.0003684675932976664
1768.8312471701454	0.0003704902967851588
1771.929025186205	0.0003725195206015381
1775.0268032022652	0.0003745552907897381
1778.124581218325	0.00037659763313400854
1781.2223592343844	0.00037864657316657774
1784.3201372504443	0.00038070213617098276
1787.4179152665045	0.0003827643471880647
1790.5156932825641	0.0003848332310204094
1793.6134712986236	0.000386908812237011
1796.7112493146835	0.00038899111517793445
1799.8090273307437	0.00039108016395920106
1802.9068053468031	0.0003931759824767841
1806.0045833628628	0.00039527859441105195
1809.1023613789228	0.00039738802323120633
1812.2001393949827	0.0003995042921992819
1815.2979174110424	0.00040162742437414015
1818.395695427102	0.00040375744261591335
1821.493473443162	0.00040589436958977715
1824.5912514592217	0.0004080382277697262
1827.6890294752816	0.0004101890394419052
1830.7868074913413	0.0004123468267094925
1833.8845855074012	0.00041451161149514483
1836.982363523461	0.00041668341554499186
1840.0801415395208	0.000418862260432635
1843.1779195555805	0.0004210481675615879
1846.2756975716404	0.0004232411581697195
1849.3734755877	0.000425441253331695
1852.47125360376	0.00042764847396230715
1855.5690316198197	0.0004298628408202507
1858.6668096358796	0.0004320843745103435
1861.7645876519393	0.0004343130954875225
1864.8623656679993	0.0004365490240590652
1867.960143684059	0.0004387921803876971
1871.0579217001189	0.00044104258449470133
1874.1556997161786	0.0004433002562623608
1877.2534777322385	0.00044556521543684494
1880.3512557482982	0.0004478374816315396
1883.449033764358	0.0004501170743279364
1886.5468117804178	0.0004524040128807395
1889.6445897964777	0.0004546983165180869
1892.7423678125374	0.0004570000043453258
1895.8401458285973	0.0004593090953472332
1898.937923844657	0.0004616256083897917
1902.035701860717	0.0004639495622237433
1905.1334798767766	0.00046628097548569777
1908.2312578928363	0.0004686198667012436
1911.3290359088962	0.0004709662542860562
1914.4268139249557	0.00047332015654945195
1917.5245919410156	0.00047568159169572
1920.6223699570758	0.00047805057782612017
1923.7201479731352	0.0004804271329413265
1926.8179259891951	0.0004828112749429809
1929.915704005255	0.00048520302163591384
1933.0134820213148	0.00048760239073014205
1936.1112600373747	0.0004900093998424243
1939.2090380534341	0.0004924240664987025
1942.306816069494	0.0004948464081352129
1945.4045940855542	0.0004972764421004831
1948.5023721016137	0.0004997141856575549
1951.6001501176736	0.0005021596559846477
1954.6979281337335	0.0005046128701780474
1957.7957061497932	0.0005070738452525488
1960.8934841658531	0.0005095425981445649
1963.9912621819126	0.0005120191457116834
1967.0890401979725	0.0005145035047362188
1970.1868182140327	0.0005169956919252114
1973.2845962300921	0.0005194957239128721
1976.382374246152	0.0005220036172612467
1979.480152262212	0.0005245193884626595
1982.5779302782717	0.0005270430539399338
1985.6757082943316	0.0005295746300486142
1988.773486310391	0.0005321141330780757
1991.871264326451	0.0005346615792524123
1994.969042342511	0.0005372169847326577
1998.0668203585706	0.0005397803656167839
2001.1645983746305	0.0005423517379421456
2004.26237639069	0.0005449311176859232
2007.36015440675	0.0005475185207666773
2010.45793242281	0.0005501139630454589
2013.5557104388695	0.0005527174603264754
2016.6534884549294	0.0005553290283590898
2019.7512664709895	0.0005579486828382639
2022.849044487049	0.0005605764394058903
2025.946822503109	0.0005632123136514596
2029.0446005191684	0.0005658563211133926
2032.1423785352285	0.0005685084772808153
2035.2401565512885	0.0005711687975928942
2038.337934567348	0.000573837297441056
2041.4357125834074	0.0005765139921694324
2044.533490599468	0.0005791988970764136
2047.6312686155275	0.0005818920274144261
2050.729046631587	0.0005845933983921544
2053.826824647647	0.0005873030251743179
2056.924602663707	0.0005900209228830039
2060.0223806797662	0.0005927471065987759
2063.1201586958264	0.0005954815913608992
2066.217936711886	0.0005982243921684475
2069.3157147279458	0.0006009755239816375
2072.413492744006	0.000603735001721606
2075.5112707600656	0.0006065028402717415
2078.6090487761253	0.0006092790544783521
2081.706826792185	0.00061206365915133
2084.8046048082447	0.0006148566690654849
2087.902382824305	0.0006176580989596545
2091.0001608403645	0.0006204679635393703
2094.097938856424	0.0006232862774761914
2097.1957168724844	0.0006261130554090357
2100.293494888544	0.000628948311944403
2103.3912729046037	0.0006317920616570402
2106.4890509206634	0.0006346443190910531
2109.586828936723	0.000637505098759905
2112.6846069527833	0.0006403744151475263
2115.782384968843	0.0006432522827085386
2118.8801629849027	0.0006461387158689196
2121.977941000963	0.0006490337290268918
2125.0757190170225	0.0006519373365531429
2128.173497033082	0.0006548495527908284
2131.271275049142	0.0006577703920575683
2134.3690530652016	0.0006606998686447814
2137.4668310812617	0.000663637996818129
2140.5646090973214	0.0006665847908190699
2143.662387113381	0.0006695402648644161
2146.760165129441	0.0006725044331469984
2149.857943145501	0.0006754773098361116
2152.9557211615606	0.000678458909078623
2156.0534991776203	0.000681449244998308
2159.15127719368	0.0006844483316974037
2162.24905520974	0.0006874561832561648
2165.3468332258	0.0006904728137339732
2168.4446112418595	0.0006934982371691174
2171.5423892579192	0.0006965324675799016
2174.6401672739794	0.0006995755189644241
2177.737945290039	0.0007026274053010208
2180.8357233060988	0.0007056881405493765
2183.9335013221585	0.0007087577386500795
2187.0312793382186	0.0007118362135255116
2190.1290573542783	0.0007149235790796233
2193.226835370338	0.000718019849199269
2196.3246133863977	0.0007211250377530951
2199.422391402458	0.0007242391585935387
2202.5201694185175	0.0007273622255561614
2205.617947434577	0.0007304942524598718
2208.7157254506365	0.000733635253108035
2211.813503466697	0.0007367852412880294
2214.9112814827567	0.0007399442307719121
2218.009059498816	0.000743112235316863
2221.106837514876	0.0007462892686647411
2224.204615530936	0.0007494753445436389
2227.3023935469955	0.0007526704766667721
2230.4001715630557	0.0007558746787340329
2233.497949579115	0.0007590879644311033
2236.595727595175	0.0007623103474307863
2239.693505611235	0.0007655418413927857
2242.7912836272944	0.0007687824599632582
2245.8890616433546	0.000772032216776594
2248.9868396594143	0.0007752911254545264
2252.084617675474	0.0007785591996063541
2255.182395691534	0.0007818364528302728
2258.2801737075933	0.0007851228987120454
2261.3779517236535	0.000788418550826553
2264.4757297397136	0.0007917234227371318
2267.573507755773	0.0007950375279969022
2270.671285771833	0.0007983608801472187
2273.7690637878927	0.0008016934927196632
2276.8668418039524	0.0008050353792353839
2279.9646198200126	0.0008083865532053131
2283.062397836072	0.0008117470281303923
2286.160175852132	0.000815116817501792
2289.257953868192	0.0008184959348015806
2292.3557318842513	0.0008218843935022764
2295.4535099003115	0.0008252822070670735
2298.551287916371	0.0008286893889502837
2301.649065932431	0.0008321059525977809
2304.746843948491	0.000835531911446114
2307.8446219645502	0.0008389672789242811
2310.9423999806104	0.0008424120684521772
2314.04017799667	0.0008458662934421479
2317.13795601273	0.0008493299672983234
2320.23573402879	0.0008528031034172832
2323.3335120448496	0.0008562857151873924
2326.4312900609093	0.0008597778159903541
2329.5290680769695	0.0008632794191998789
2332.6268460930287	0.0008667905381830141
2335.724624109089	0.0008703111862990373
2338.8224021251485	0.0008738413769010079
2341.920180141208	0.0008773811233348805
2345.0179581572684	0.0008809304389399473
2348.115736173328	0.0008844893370490624
2351.2135141893878	0.0008880578309890842
2354.311292205448	0.000891635934079766
2357.409070221507	0.0008952236596353089
2360.5068482375673	0.0008988210209641425
2363.604626253627	0.0009024280313680336
2366.7024042696867	0.0009060447041436436
2369.800182285747	0.0009096710525818589
2372.8979603018065	0.0009133070899675717
2375.9957383178657	0.0009169528295810113
2379.093516333926	0.0009206082846961898
2382.1912943499856	0.0009242734685824565
2385.2890723660453	0.0009279483945042744
2388.3868503821054	0.0009316330757203349
2391.4846283981647	0.0009353275254848881
2394.5824064142253	0.0009390317570475217
2397.680184430285	0.0009427457836524927
2400.777962446344	0.0009464696185402846
2403.8757404624043	0.0009502032749458297
2406.973518478464	0.0009539467661007298
2410.0712964945237	0.0009577001052310348
2413.169074510584	0.0009614633055594646
2416.266852526643	0.000965236380304076
2419.3646305427033	0.0009690193426789294
2422.4624085587634	0.0009728122058940875
2425.5601865748226	0.0009766149831558389
2428.657964590883	0.0009804276876660312
2431.7557426069425	0.000984250332623182
2434.853520623002	0.000988082931222254
2437.9512986390623	0.0009919254966542159
2441.0490766551216	0.00099577804210626
2444.1468546711817	0.0009996405807629147
2447.244632687242	0.0010035131258042667
2450.342410703301	0.0010073956904077391
2453.4401887193612	0.0010112882877469798
2456.537966735421	0.0010151909309931949
2459.6357447514806	0.00101910363331337
2462.7335227675408	0.0010230264078720497
2465.8313007836	0.0010269592678304477
2468.92907879966	0.001030902226347335
2472.02685681572	0.00103485529657793
2475.1246348317795	0.0010388184916745643
2478.2224128478397	0.001042791824787349
2481.320190863899	0.001046775309063065
2484.417968879959	0.0010507689576462725
2487.5157468960188	0.0010547727836784232
2490.613524912079	0.001058786800298527
2493.7113029281386	0.0010628110206433706
2496.8090809441983	0.0010668454578468577
2499.906858960258	0.0010708901250404469
2503.004636976318	0.0010749450353536001
2506.1024149923774	0.0010790102019128914
2509.2001930084375	0.0010830856378431196
2512.297971024497	0.0010871713562664188
2515.3957490405573	0.001091267370302702
2518.493527056617	0.001095373693070327
2521.5913050726767	0.00109949033768499
2524.6890830887364	0.0011036173172601638
2527.7868611047966	0.001107754644907547
2530.884639120856	0.0011119023337370602
2533.9824171369155	0.0011160603968559605
2537.0801951529756	0.001120228847370617
2540.177973169035	0.0011244076983845108
2543.2757511850955	0.0011285969630000156
2546.373529201155	0.0011327966543170586
2549.471307217215	0.0011370067854344597
2552.569085233275	0.0011412273694485953
2555.6668632493343	0.0011454584194547323
2558.764641265394	0.001149699948546139
2561.862419281454	0.0011539519698145282
2564.9601972975133	0.00115821449635006
2568.057975313574	0.0011624875412413397
2571.1557533296336	0.0011667711175754178
2574.2535313456933	0.0011710652384375679
2577.351309361753	0.0011753699169119553
2580.4490873778127	0.0011796851660811896
2583.5468653938724	0.0011840109990263264
2586.6446434099325	0.0011883474288268672
2589.742421425992	0.0011926944685616465
2592.8401994420524	0.0011970521313075027
2595.937977458112	0.0012014204301399381
2599.0357554741718	0.0012057993781337923
2602.1335334902315	0.0012101889883619052
2605.231311506291	0.0012145892738962287
2608.329089522351	0.0012190002478078255
2611.426867538411	0.001223421923165762
2614.52464555447	0.0012278543130386592
2617.6224235705304	0.001232297430493583
2620.7202015865905	0.001236751288596936
2623.81797960265	0.0012412159004133406
2626.91575761871	0.0012456912790069772
2630.0135356347696	0.001250177437440473
2633.1113136508293	0.001254674388776009
2636.2090916668894	0.0012591821460742126
2639.3068696829487	0.0012637007223950459
2642.404647699009	0.0012682301307971376
2645.5024257150685	0.0012727703843384516
2648.6002037311287	0.0012773214960760614
2651.6979817471884	0.0012818834790659316
2654.795759763248	0.0012864563463633619
2657.8935377793077	0.0012910401110225401
2660.991315795368	0.001295634786096766
2664.089093811427	0.0013002403846386736
2667.1868718274873	0.0013048569197000091
2670.284649843547	0.001309484404331853
2673.382427859607	0.001314122851583951
2676.480205875667	0.0013187722745060504
2679.5779838917265	0.0013234326861465676
2682.675761907786	0.0013281040995532511
2685.7735399238463	0.0013327865277731835
2688.8713179399056	0.0013374799838527822
2691.9690959559653	0.0013421844808377975
2695.0668739720254	0.001346900031773092
2698.1646519880856	0.0013516266497028613
2701.2624300041452	0.0013563643476710802
2704.360208020205	0.0013611131387203902
2707.4579860362646	0.0013658730358932125
2710.555764052325	0.001370644052231299
2713.653542068384	0.001375426200775517
2716.7513200844437	0.0013802194945667316
2719.849098100504	0.0013850239466444763
2722.946876116564	0.0013898395700485064
2726.0446541326237	0.0013946663778170228
2729.1424321486834	0.0013995043829886705
2732.240210164743	0.0014043535986009857
2735.3379881808028	0.0014092140376908355
2738.4357661968625	0.00141408571329509
2741.533544212922	0.0014189686384497293
2744.6313222289823	0.0014238628261905124
2747.7291002450424	0.0014287682895520884
2750.826878261102	0.0014336850415695478
2753.9246562771614	0.0014386130952766527
2757.0224342932215	0.0014435524637071622
2760.120212309281	0.0014485031598943932
2763.217990325341	0.001453465196870995
2766.3157683414006	0.0014584385876693958
2769.4135463574607	0.001463423345321358
2772.511324373521	0.0014684194828584218
2775.6091023895806	0.001473427013311459
2778.70688040564	0.0014784459497115669
2781.8046584217	0.0014834763050885077
2784.9024364377597	0.0014885180924724898
2788.0002144538194	0.0014935713248928327
2791.097992469879	0.001498636015378855
2794.195770485939	0.0015037121769592105
2797.2935485019984	0.0015087998226621085
2800.391326518059	0.0015138989655157586
2803.4891045341183	0.0015190096185479242
2806.5868825501784	0.001524131794785927
2809.684660566238	0.0015292655072566437
2812.782438582298	0.0015344107689869526
2815.8802165983575	0.0015395675930032844
2818.977994614417	0.0015447359923316287
2822.075772630477	0.0015499159799977525
2825.1735506465375	0.001555107569027201
2828.2713286625967	0.0015603107724448512
2831.369106678657	0.001565525603276026
2834.4668846947166	0.0015707520745451597
2837.5646627107762	0.0015759901992766872
2840.662440726836	0.0015812399904943767
2843.7602187428956	0.0015865014612224406
2846.8579967589553	0.0015917746244842029
2849.955774775016	0.001597059493302766
2853.053552791075	0.0016023560807014536
2856.1513308071353	0.0016076643997031464
2859.249108823195	0.001612984463329835
2862.3468868392547	0.0016183162846046227
2865.4446648553144	0.0016236598765488348
2868.542442871374	0.0016290152521849077
2871.6402208874338	0.001634382424534167
2874.7379989034935	0.00163976140661816
2877.8357769195536	0.0016451522114579922
2880.9335549356138	0.0016505548520747647
2884.0313329516734	0.0016559693414891388
2887.129110967733	0.001661395692721996
2890.226888983793	0.0016668339187933293
2893.3246669998525	0.001672284032723577
2896.422445015912	0.001677746047532954
2899.520223031972	0.0016832199762407882
2902.618001048032	0.0016887058318670737
2905.715779064092	0.001694203627431358
2908.813557080152	0.0016997133759527477
2911.911335096211	0.0017052350904503478
2915.0091131122713	0.001710768783943264
2918.106891128331	0.0017163144694501576
2921.2046691443907	0.0017218721599896892
2924.3024471604504	0.0017274418685802985
2927.4002251765105	0.0017330236082404257
2930.49800319257	0.001738617391988286
2933.5957812086303	0.0017442232328416527
2936.6935592246896	0.0017498411438187445
2939.7913372407497	0.001755471137936889
2942.8891152568094	0.0017611132282138596
2945.986893272869	0.0017667674276674295
2949.084671288929	0.001772433749314262
2952.1824493049885	0.0017781122061721292
2955.2802273210486	0.0017838028112579177
2958.378005337109	0.0017895055775885105
2961.475783353168	0.001795220518180571
2964.573561369228	0.0018009476460509842
2967.6713393852874	0.0018066869742164131
2970.7691174013476	0.0018124385156930763
2973.8668954174072	0.0018182022834974147
2976.964673433467	0.001823978290645647
2980.062451449527	0.0018297665501539936
2983.1602294655872	0.0018355670750382263
2986.2580074816465	0.001841379878314565
2989.3557854977066	0.0018472049729983404
2992.453563513766	0.0018530423721057714
2995.551341529826	0.0018588920886519662
2998.6491195458857	0.001864754135652922
3001.7468975619454	0.001870628526123747
3004.8446755780055	0.0018765152730797728
3007.9424535940657	0.001882414389536106
3011.040231610125	0.001888325888508079
3014.138009626185	0.0018942497830107988
3017.2357876422443	0.0019001860860589307
3020.3335656583045	0.0019061348106675835
3023.431343674364	0.001912095969851421
3026.5291216904234	0.001918069576625108
3029.6268997064835	0.0019240556440033088
3032.724677722544	0.0019300541850006897
3035.8224557386034	0.0019360652126316897
3038.9202337546635	0.0019420887399105315
3042.0180117707228	0.001948124779851656
3045.115789786783	0.0019541733454692847
3048.2135678028426	0.0019602344497776382
3051.311345818902	0.0019663081057907142
3054.409123834962	0.001972394326522733
3057.5069018510226	0.0019784931249874726
3060.604679867082	0.0019846045141991503
3063.702457883142	0.0019907285071711
3066.800235899201	0.001996865116917542
3069.898013915261	0.0020030143564520307
3072.995791931321	0.0020091762387881196
3076.0935699473803	0.002015350776939586
3079.1913479634404	0.0020215379839197615
3082.289125979501	0.0020277378727424234
3085.3869039955603	0.002033950456420902
3088.48468201162	0.002040175747968308
3091.5824600276796	0.0020464137603984182
3094.6802380437393	0.0020526645067241206
