0.0	-0.149965913564986
3.097225079822949	-0.1499659135649151
6.194450159645898	-0.14607329753229165
9.291675239468848	-0.14269064208966462
12.388900319291796	-0.13969967556646248
15.486125399114746	-0.13701901761121157
18.583350478937696	-0.1345902745369238
21.680575558760644	-0.13237012370911913
24.777800638583592	-0.13032553616977813
27.87502571840654	-0.12843075379029634
30.972250798229492	-0.126665300444458
34.06947587805244	-0.12501262984031833
37.166700957875385	-0.12345918010978814
40.26392603769833	-0.12199369662815246
43.36115111752128	-0.12060673662907154
46.458376197344236	-0.11929030002406459
49.555601277167185	-0.1180375497088459
52.65282635699013	-0.11684259652713097
55.75005143681309	-0.11570033174574852
58.847276516636036	-0.1146062949756991
61.944501596459	-0.11355656890366655
65.04172667628195	-0.11254769455742206
68.13895175610489	-0.11157660247864692
71.23617683592785	-0.11064055634891458
74.3334019157508	-0.10973710645918211
77.43062699557375	-0.10886405102967732
80.5278520753967	-0.10801940384256045
83.62507715521964	-0.10720136699001911
86.7223022350426	-0.10640830779730281
89.81952731486555	-0.10563873917595241
92.9167523946885	-0.10489130281300627
96.01397747451145	-0.10416475471869592
99.11120255433441	-0.10345795274638177
102.20842763415736	-0.10276984577032049
105.30565271398031	-0.10209946426382178
108.40287779380327	-0.10144591206581793
111.5001028736262	-0.100808359160385
114.59732795344917	-0.10018603532325336
117.69455303327211	-0.09957822451330882
120.79177811309508	-0.09898425990665548
123.88900319291801	-0.09840351948687442
126.98622827274096	-0.09783542211835923
130.08345335256394	-0.09727942404058335
133.18067843238688	-0.09673501573028637
136.27790351220983	-0.09620171908619533
139.37512859203278	-0.09567908489729741
142.47235367185573	-0.09516669056106872
145.5695787516787	-0.0946641380226182
148.66680383150162	-0.09417105190956736
151.76402891132457	-0.09368707784077238
154.86125399114752	-0.09321188088979977
157.95847907097047	-0.09274514418646866
161.05570415079345	-0.09228656764183442
164.15292923061637	-0.09183586678376511
167.2501543104393	-0.09139277169179541
170.3473793902623	-0.09095702602127094
173.44460447008524	-0.09052838610794887
176.54182954990816	-0.09010662014522355
179.63905462973113	-0.08969150742702126
182.73627970955408	-0.08928283765017328
185.83350478937706	-0.08888041027074656
188.9307298692	-0.08848403390940036
192.02795494902293	-0.08809352580135499
195.1251800288459	-0.08770871128701563
198.22240510866885	-0.08732942333969766
201.3196301884918	-0.08695550212725732
204.41685526831475	-0.0865867946047478
207.5140803481377	-0.08622315413550283
210.61130542796064	-0.08586444013829962
213.70853050778362	-0.08551051775847646
216.80575558760657	-0.08516125756107962
219.9029806674295	-0.08481653524429218
223.00020574725247	-0.08447623137155705
226.0974308270754	-0.08414023112094958
229.19465590689836	-0.083808424050484
232.2918809867213	-0.08348070387815294
235.38910606654426	-0.08315696827560433
238.48633114636723	-0.08283711867445316
241.58355622619015	-0.08252106008431108
244.68078130601313	-0.08220870092169312
247.77800638583608	-0.08189995284903065
250.875231465659	-0.08159473062308252
253.97245654548198	-0.08129295195209368
257.06968162530495	-0.0809945373611023
260.1669067051279	-0.08069941006484407
263.26413178495085	-0.08040749584774494
266.36135686477377	-0.0801187229505334
269.45858194459674	-0.07983302196303876
272.55580702441966	-0.0795503257227748
275.65303210424264	-0.07927056921893821
278.7502571840656	-0.0789936895014785
281.84748226388854	-0.0787196255949213
284.9447073437115	-0.07844831841664977
288.0419324235345	-0.0781797106993706
291.1391575033574	-0.07791374691750955
294.23638258318033	-0.07765037321730028
297.3336076630033	-0.07738953735034632
300.4308327428262	-0.0771311886104509
303.5280578226492	-0.07687527777352386
306.6252829024722	-0.07662175704038743
309.7225079822951	-0.07637057998231465
312.8197330621181	-0.07612170148914535
315.91695814194105	-0.0758750777198345
319.014183221764	-0.0756306660552975
322.1114083015869	-0.07538842505342548
325.20863338140987	-0.075148314406152
328.3058584612328	-0.0749102948984596
331.40308354105576	-0.07467432836922248
334.50030862087874	-0.07444037767378688
337.59753370070166	-0.07420840664819789
340.69475878052464	-0.0739783800749864
343.7919838603476	-0.07375026365043517
346.88920894017053	-0.07352402395324793
349.98643401999345	-0.07329962841455014
353.08365909981643	-0.07307704528915382
356.18088417963935	-0.07285624362802331
359.2781092594623	-0.07263719325188196
362.3753343392853	-0.07241986472590377
365.4725594191082	-0.07220422933543665
368.5697844989312	-0.07199025906270747
371.6670095787542	-0.07177792656446136
374.7642346585771	-0.07156720515049099
377.8614597384	-0.07135806876301339
380.958684818223	-0.07115049195685448
384.05590989804597	-0.07094444988040402
387.1531349778689	-0.07073991825730468
390.25036005769186	-0.07053687336884211
393.34758513751484	-0.07033529203700375
396.44481021733776	-0.07013515160817627
399.54203529716074	-0.0699364299374527
402.6392603769837	-0.06973910537352256
405.7364854568066	-0.06954315674411872
408.83371053662955	-0.06934856334199693
411.93093561645253	-0.0691553049114244
415.02816069627545	-0.06896336163515583
418.1253857760984	-0.06877271412187567
421.2226108559214	-0.0685833433940868
424.3198359357443	-0.06839523087642664
427.4170610155673	-0.06820835838439293
430.5142860953903	-0.06802270811346184
433.61151117521314	-0.0678382626285822
436.7087362550361	-0.06765500485403039
439.8059613348591	-0.06747291806361126
442.903186414682	-0.06729198587119063
446.000411494505	-0.0671121922215464
449.09763657432796	-0.06693352138152532
452.1948616541509	-0.06675595793149329
455.29208673397386	-0.06657948675706737
458.38931181379684	-0.06640409304111884
461.4865368936197	-0.0662297622560363
464.5837619734427	-0.066056480156239
467.68098705326565	-0.06588423277093068
470.7782121330886	-0.06571300639708462
473.87543721291155	-0.0655427875926512
476.97266229273447	-0.06537356316997954
480.0698873725575	-0.06520532018944519
483.1671124523804	-0.06503804595327603
486.26433753220334	-0.0648717279995693
489.3615626120263	-0.06470635409649243
492.45878769184924	-0.06454191223666102
495.55601277167216	-0.0643783906316877
498.6532378514952	-0.06421577770689538
501.7504629313181	-0.06405406209618915
504.84768801114103	-0.06389323263708116
507.94491309096406	-0.06373327836586296
511.042138170787	-0.06357418851292006
514.1393632506099	-0.06341595249818392
517.2365883304329	-0.06325855992671625
520.3338134102559	-0.06310200058442135
523.4310384900788	-0.06294626443388168
526.5282635699018	-0.06279134161031293
529.6254886497246	-0.06263722241763398
532.7227137295475	-0.062483897324648235
535.8199388093706	-0.06233135696133239
538.9171638891935	-0.06217959211522905
542.0143889690164	-0.062028593727939764
545.1116140488394	-0.061878352891715144
548.2088391286624	-0.06172886084613875
551.3060642084854	-0.06158010897490191
554.4032892883083	-0.06143208880266612
557.5005143681312	-0.06128479199201061
560.5977394479543	-0.061138210340462025
563.6949645277772	-0.06099233577760363
566.7921896076001	-0.060847160362261635
569.8894146874231	-0.06070267627976602
572.9866397672461	-0.06055887583928359
576.083864847069	-0.06041575147122099
579.181089926892	-0.0602732957246954
582.2783150067149	-0.060131501265071
585.3755400865377	-0.05999036087155891
588.4727651663608	-0.05984986743487885
591.5699902461837	-0.059710013954980524
594.6672153260066	-0.05957079353882297
597.7644404058296	-0.05943219939821003
600.8616654856526	-0.059294224847680335
603.9588905654755	-0.059156863302450145
607.0561156452985	-0.05902010827640739
610.1533407251214	-0.0588839533801555
613.2505658049444	-0.05874839231910548
616.3477908847674	-0.05861341889161481
619.4450159645902	-0.05847902698717182
622.5422410444131	-0.05834521058462424
625.639466124236	-0.05821196375045052
628.7366912040588	-0.05807928063707288
631.8339162838818	-0.05794715548121069
634.9311413637047	-0.05781558260227319
638.0283664435275	-0.057684556400790295
641.1255915233504	-0.0575540713568805
644.2228166031733	-0.05742412202875483
647.3200416829961	-0.05729470305125571
650.417266762819	-0.05716580913443
653.514491842642	-0.057037435062134954
656.6117169224649	-0.05690957569067652
659.7089420022877	-0.05678222594747875
662.8061670821106	-0.05665538082978377
665.9033921619335	-0.05652903540338126
669.0006172417563	-0.05640318480136674
672.0978423215793	-0.056277824222927875
675.1950674014022	-0.056152948932158026
678.292292481225	-0.056028554256896325
681.3895175610479	-0.05590463558759356
684.4867426408708	-0.05578118837620316
687.5839677206936	-0.055658208135096726
690.6811928005166	-0.05553569043600324
693.7784178803395	-0.05541363090897162
696.8756429601623	-0.055292025241355736
699.9728680399852	-0.05517086917682152
703.0700931198081	-0.05505015851437542
706.167318199631	-0.054929889107413775
709.2645432794538	-0.054810056862792535
712.3617683592768	-0.054690657739916805
715.4589934390997	-0.05457168774984966
718.5562185189225	-0.05445314295443983
721.6534435987454	-0.05433501946546769
724.7506686785682	-0.05421731344380923
727.8478937583911	-0.05410002109861734
730.9451188382141	-0.053983138686520195
734.0423439180369	-0.053866662510836175
737.1395689978598	-0.05375058892080501
740.2367940776826	-0.053634914310834635
743.3340191575055	-0.05351963511976348
746.4312442373284	-0.05340474783013775
749.5284693171512	-0.05329024896750337
752.6256943969742	-0.053176135099712175
755.7229194767971	-0.053062402836242153
758.8201445566199	-0.052949048827531174
761.9173696364428	-0.052836069764324096
765.0145947162657	-0.052723462377032786
768.1118197960885	-0.05261122343510884
771.2090448759114	-0.052499349746428656
774.3062699557344	-0.052387838156690555
777.4034950355572	-0.052276685548823726
780.5007201153801	-0.05216588884240862
783.597945195203	-0.05205544499310871
786.6951702750258	-0.05194535099211309
789.7923953548487	-0.05183560386558987
792.8896204346717	-0.05172620067415011
795.9868455144946	-0.051617138512321865
799.0840705943174	-0.051508414508034374
802.1812956741403	-0.05140002582211191
805.2785207539632	-0.051291969647777304
808.375745833786	-0.051184243210164695
811.472970913609	-0.05107684376584153
814.5701959934319	-0.050969768602339365
817.6674210732547	-0.05086301503769351
820.7646461530776	-0.05075658041999114
823.8618712329005	-0.05065046212692776
826.9590963127233	-0.05054465756537187
830.0563213925462	-0.05043916417093754
833.1535464723692	-0.05033397940756486
836.250771552192	-0.050229100767108
839.3479966320149	-0.050124525768930714
842.4452217118378	-0.050020251959509196
845.5424467916607	-0.04991627691204202
848.6396718714835	-0.049812598226067185
851.7368969513064	-0.049709213527085884
854.8341220311294	-0.049606120466193025
857.9313471109522	-0.049503316719714356
861.0285721907751	-0.04940079998884991
864.125797270598	-0.049298567999323806
867.2230223504208	-0.049196618501040165
870.3202474302437	-0.049094949267745054
873.4174725100667	-0.04899355809669434
876.5146975898895	-0.048892442808327274
879.6119226697124	-0.04879160124594576
882.7091477495353	-0.04869103127539916
885.8063728293581	-0.04859073078477449
888.903597909181	-0.04849069768409194
892.000822989004	-0.048390929905005625
895.0980480688269	-0.04829142540050935
898.1952731486497	-0.04819218214464744
901.2924982284726	-0.048093198132230425
904.3897233082955	-0.04799447137855552
907.4869483881183	-0.04789599991913179
910.5841734679412	-0.04779778180940993
913.6813985477642	-0.04769981512451654
916.778623627587	-0.04760209795899279
919.8758487074099	-0.04750462842653748
922.9730737872328	-0.047407404659754265
926.0702988670556	-0.047310424809903114
929.1675239468785	-0.04721368704665578
932.2647490267015	-0.0471171895578553
935.3619741065244	-0.04702093054927942
938.4591991863472	-0.046924908244407856
941.5564242661701	-0.046829120884193276
944.653649345993	-0.04673356672683606
947.7508744258158	-0.04663824404756263
950.8480995056387	-0.04654315113840733
953.9453245854615	-0.04644828630799784
957.0425496652845	-0.046353647881343926
960.1397747451074	-0.04625923419962962
963.2369998249303	-0.04616504362000866
966.3342249047532	-0.04607107451540315
969.4314499845761	-0.04597732527430539
972.5286750643988	-0.04588379430058284
975.6259001442218	-0.04579048001328608
978.7231252240447	-0.0456973808464598
981.8203503038676	-0.045604495248956725
984.9175753836905	-0.04551182168425438
988.0148004635134	-0.045419358630274784
991.1120255433361	-0.04532710457920675
994.209250623159	-0.045235058037331105
997.306475702982	-0.04514321752484841
1000.4037007828049	-0.04505158157570941
1003.5009258626277	-0.04496014873744808
1006.5981509424506	-0.04486891757101707
1009.6953760222735	-0.04477788665062577
1012.7926011020963	-0.04468705456358077
1015.8898261819191	-0.044596419910128665
1018.9870512617421	-0.04450598130330131
1022.084276341565	-0.044415737368763274
1025.181501421388	-0.04432568674466167
1028.278726501211	-0.044235828081478135
1031.3759515810336	-0.044146160041883035
1034.4731766608566	-0.0440566813005918
1037.5704017406795	-0.0439673905442234
1040.6676268205024	-0.04387828647116086
1043.7648519003253	-0.043789367791413854
1046.8620769801482	-0.04370063322648326
1049.959302059971	-0.0436120815092277
1053.0565271397938	-0.04352371138373204
1056.1537522196168	-0.04343552160517774
1059.2509772994397	-0.043347510939715096
1062.3482023792626	-0.043259678164337345
1065.4454274590855	-0.04317202206675652
1068.5426525389084	-0.043084541445281094
1071.6398776187311	-0.0429972351086954
1074.737102698554	-0.042910101876140735
1077.834327778377	-0.04282314057699811
1080.9315528582	-0.04273635005077276
1084.0287779380228	-0.04264972914698015
1087.1260030178457	-0.04256327672503368
1090.2232280976684	-0.04247699165413393
1093.3204531774913	-0.04239087281315943
1096.4176782573143	-0.042304919090558966
1099.5149033371372	-0.0422191293842454
1102.61212841696	-0.042133502601490916
1105.709353496783	-0.04204803765882376
1108.806578576606	-0.041962733481926376
1111.9038036564286	-0.04187758900553491
1115.0010287362516	-0.04179260317334018
1118.0982538160745	-0.04170777493788989
1121.1954788958974	-0.04162310326049223
1124.2927039757203	-0.04153858711112078
1127.389929055543	-0.04145422546832074
1130.487154135366	-0.04137001731911632
1133.5843792151888	-0.04128596165891949
1136.6816042950118	-0.041202057491439875
1139.7788293748345	-0.041118303828595916
1142.8760544546574	-0.04103469969042716
1145.9732795344803	-0.040951244105007785
1149.0705046143032	-0.04086793610836119
1152.1677296941261	-0.040784774744375814
1155.2649547739488	-0.040701759064721954
1158.3621798537717	-0.0406188881287698
1161.4594049335947	-0.040536161003508445
1164.5566300134176	-0.040453576763466025
1167.6538550932405	-0.04037113449063086
1170.7510801730632	-0.04028883327437363
1173.8483052528861	-0.0402066722113706
1176.945530332709	-0.0401246504055278
1180.042755412532	-0.040042766967906165
1183.1399804923549	-0.03996102101664773
1186.2372055721778	-0.03987941167690268
1189.3344306520005	-0.03979793808075739
1192.4316557318234	-0.03971659936716334
1195.5288808116463	-0.039635394681867005
1198.6261058914693	-0.03955432317734059
1201.7233309712922	-0.039473384012713615
1204.820556051115	-0.039392576353705466
1207.917781130938	-0.039311899372558703
1211.0150062107607	-0.03923135224797324
1214.1122312905836	-0.03915093416504137
1217.2094563704065	-0.03907064431518356
1220.3066814502295	-0.03899048189608513
1223.4039065300524	-0.038910446111633634
1226.5011316098753	-0.03883053617185704
1229.598356689698	-0.03875075129286274
1232.695581769521	-0.03867109069677723
1235.7928068493438	-0.03859155361168659
1238.8900319291668	-0.038512139271577685
1241.9872570089897	-0.03843284691628005
1245.0844820888126	-0.03835367579140858
1248.1817071686355	-0.03827462514830679
1251.2789322484584	-0.0381956942439909
1254.3761573282814	-0.03811688234109449
1257.4733824081043	-0.03803818870781391
1260.5706074879272	-0.0379596126178543
1263.6678325677499	-0.03788115335037628
1266.7650576475728	-0.03780281018994325
1269.8622827273957	-0.0377245824264694
1272.9595078072186	-0.037646469355168286
1276.0567328870416	-0.037568470276501974
1279.1539579668645	-0.03749058449613092
1282.2511830466872	-0.037412811324864334
1285.34840812651	-0.037335150078611164
1288.445633206333	-0.0372576000783317
1291.542858286156	-0.03718016064998967
1294.6400833659789	-0.037102831124505006
1297.7373084458018	-0.03702561083770705
1300.8345335256247	-0.03694849913028841
1303.9317586054474	-0.03687149534775928
1307.0289836852703	-0.03679459884040232
1310.1262087650932	-0.03671780896322813
1313.2234338449161	-0.036641125075931064
1316.320658924739	-0.036564546542845786
1319.417884004562	-0.036488072732904116
1322.5151090843847	-0.03641170301959252
1325.6123341642076	-0.03633543678091004
1328.7095592440305	-0.03625927339932666
1331.8067843238534	-0.036183212261742224
1334.9040094036764	-0.036107252759445804
1338.0012344834993	-0.03603139428807549
1341.098459563322	-0.035955636247578686
1344.195684643145	-0.0358799780421728
1347.2929097229678	-0.03580441908030647
1350.3901348027907	-0.03572895877462113
1353.4873598826136	-0.03565359654191307
1356.5845849624366	-0.03557833180309589
1359.6818100422595	-0.03550316398316341
1362.7790351220822	-0.03542809251115294
1365.876260201905	-0.03535311682010903
1368.973485281728	-0.03527823634704757
1372.070710361551	-0.035203450532920295
1375.1679354413739	-0.0351287588225797
1378.2651605211968	-0.035054160664744365
1381.3623856010195	-0.03497965551196458
1384.4596106808424	-0.034905242820588454
1387.5568357606653	-0.03483092205072831
1390.6540608404882	-0.0347566926662275
1393.7512859203111	-0.03468255413462756
1396.848511000134	-0.03460850592713575
1399.945736079957	-0.03453454751859286
1403.0429611597797	-0.03446067838744153
1406.1401862396026	-0.034386898015694736
1409.2374113194255	-0.03431320588890472
1412.3346363992484	-0.03423960149613225
1415.4318614790714	-0.034166084329916156
1418.5290865588943	-0.03409265388624326
1421.626311638717	-0.034019309664518584
1424.72353671854	-0.03394605116753588
1427.8207617983628	-0.03387287790144849
1430.9179868781857	-0.03379978937574051
1434.0152119580086	-0.033726785103198285
1437.1124370378316	-0.03365386459988213
1440.2096621176545	-0.033581027385098425
1443.3068871974772	-0.033508272981371996
1446.4041122773	-0.033435600914418745
1449.501337357123	-0.03336301071311861
1452.598562436946	-0.03329050190948878
1455.6957875167689	-0.03321807403865721
1458.7930125965918	-0.03314572663883639
1461.8902376764145	-0.03307345925129741
1464.9874627562374	-0.03300127142034431
1468.0846878360603	-0.0329291626932886
1471.1819129158832	-0.03285713262042419
1474.2791379957062	-0.03278518075500248
1477.376363075529	-0.032713306653207694
1480.4735881553518	-0.03264150987413256
1483.5708132351747	-0.03256978997975411
1486.6680383149976	-0.0324981465349099
1489.7652633948205	-0.03242657910727428
1492.8624884746434	-0.03235508726733503
1495.9597135544664	-0.03228367058837022
1499.0569386342893	-0.03221232864642529
1502.154163714112	-0.032141061020290296
1505.251388793935	-0.03206986729147754
1508.3486138737578	-0.03199874704419924
1511.4458389535807	-0.03192769986534562
1514.5430640334037	-0.03185672534446302
1517.6402891132266	-0.03178582307373239
1520.7375141930493	-0.0317149926479479
1523.8347392728722	-0.03164423366449582
1526.931964352695	-0.031573545723333554
1530.029189432518	-0.031502928426968946
1533.126414512341	-0.031432381380439745
1536.2236395921639	-0.03136190419129328
1539.3208646719868	-0.03129149646956635
1542.4180897518095	-0.031221157827765328
1545.5153148316324	-0.031150887880846388
1548.6125399114553	-0.031080686246196008
1551.7097649912782	-0.03101055254361164
1554.8069900711012	-0.030940486395282525
1557.904215150924	-0.03087048742577078
1561.0014402307468	-0.03080055526199256
1564.0986653105697	-0.0307306895331995
1567.1958903903926	-0.030660889870960304
1570.2931154702155	-0.03059115590914248
1573.3903405500384	-0.030521487283894283
1576.4875656298614	-0.03045188363362684
1579.584790709684	-0.03038234459899643
1582.682015789507	-0.03031286982288693
1585.77924086933	-0.030243458950392443
1588.8764659491528	-0.03017411162880006
1591.9736910289757	-0.03010482750757286
1595.0709161087987	-0.030035606238332967
1598.1681411886216	-0.02996644747484487
1601.2653662684443	-0.029897350872998822
1604.3625913482672	-0.02982831609079445
1607.45981642809	-0.029759342788324476
1610.557041507913	-0.02969043062775864
1613.654266587736	-0.029621579273327717
1616.7514916675589	-0.029552788391307733
1619.8487167473816	-0.029484057650004305
1622.9459418272045	-0.029415386719737133
1626.0431669070274	-0.029346775272824633
1629.1403919868503	-0.029278222983568712
1632.2376170666732	-0.029209729528239695
1635.3348421464962	-0.02914129458506137
1638.432067226319	-0.029072917834196205
1641.5292923061418	-0.02900459895773066
1644.6265173859647	-0.028936337639660678
1647.7237424657876	-0.02886813356587726
1650.8209675456105	-0.028799986424152223
1653.9181926254332	-0.028731895904124054
1657.0154177052561	-0.028663861697283893
1660.112642785079	-0.02859588349696169
1663.209867864902	-0.0285279609983124
1666.307092944725	-0.028460093898302407
1669.4043180245476	-0.028392281895695974
1672.5015431043705	-0.028324524691041908
1675.5987681841934	-0.028256821986660248
1678.6959932640164	-0.02818917348662917
1681.793218343839	-0.028121578896771925
1684.890443423662	-0.028054037924643963
1687.9876685034849	-0.02798655027952011
1691.0848935833078	-0.027919115672381922
1694.1821186631307	-0.027851733815905107
1697.2793437429536	-0.027784404424447063
1700.3765688227763	-0.027717127214034545
1703.4737939025993	-0.027649901902351445
1706.5710189824222	-0.027582728208726644
1709.668244062245	-0.02751560585412202
1712.765469142068	-0.027448534561120508
1715.862694221891	-0.02738151405391432
1718.9599193017136	-0.02731454405829323
1722.0571443815365	-0.02724762430163298
1725.1543694613595	-0.02718075451288377
1728.2515945411824	-0.027113934422558873
1731.3488196210053	-0.02704716376272332
1734.4460447008282	-0.02698044226698272
1737.5432697806511	-0.026913769670472137
1740.6404948604738	-0.026847145709845095
1743.7377199402968	-0.026780570123262664
1746.8349450201197	-0.026714042650382623
1749.9321700999426	-0.026647563032348776
1753.0293951797655	-0.02658113101178026
1756.1266202595884	-0.026514746332761078
1759.2238453394111	-0.026448408740829578
1762.321070419234	-0.026382117982968124
1765.418295499057	-0.026315873807592823
1768.51552057888	-0.02624967596454333
1771.6127456587028	-0.026183524205072757
1774.7099707385257	-0.026117418281837633
1777.8071958183486	-0.026051357948888024
1780.9044208981713	-0.025985342961657637
1784.0016459779943	-0.025919373076954078
1787.0988710578172	-0.025853448052949188
1790.19609613764	-0.025787567649169407
1793.293321217463	-0.02572173162648629
1796.390546297286	-0.02565593974710705
1799.4877713771086	-0.02559019177456519
1802.5849964569315	-0.025524487473711246
1805.6822215367545	-0.02545882661070356
1808.7794466165774	-0.025393208952999163
1811.8766716964003	-0.025327634269344704
1814.9738967762232	-0.025262102329767507
1818.071121856046	-0.025196612905566625
1821.1683469358688	-0.025131165769304038
1824.2655720156918	-0.02506576069479588
1827.3627970955147	-0.02500039745710377
1830.4600221753376	-0.02493507583252617
1833.5572472551605	-0.024869795598589872
1836.6544723349834	-0.02480455653404149
1839.7516974148061	-0.02473935841883908
1842.848922494629	-0.02467420103414379
1845.946147574452	-0.0246090841623116
1849.043372654275	-0.024544007586885096
1852.1405977340978	-0.024478971092585358
1855.2378228139207	-0.024413974465303884
1858.3350478937434	-0.024349017492094567
1861.4322729735663	-0.02428409996116578
1864.5294980533893	-0.024219221661872473
1867.6267231332122	-0.02415438238470837
1870.723948213035	-0.02408958192129822
1873.821173292858	-0.0240248200643901
1876.918398372681	-0.02396009660784778
1880.0156234525036	-0.023895411346643167
1883.1128485323266	-0.023830764076848792
1886.2100736121495	-0.02376615459563035
1889.3072986919724	-0.023701582701239326
1892.4045237717953	-0.023637048193005647
1895.5017488516182	-0.023572550871330422
1898.598973931441	-0.023508090537678713
1901.6961990112638	-0.02344366699457238
1904.7934240910868	-0.023379280045582977
1907.8906491709095	-0.0233149294953247
1910.9878742507326	-0.023250615149447384
1914.0850993305553	-0.023186336814629588
1917.1823244103784	-0.023122094298571684
1920.2795494902011	-0.02305788740998903
1923.3767745700243	-0.022993715958605204
1926.473999649847	-0.022929579755145257
1929.5712247296697	-0.02286547861132905
1932.6684498094928	-0.02280141233986463
1935.7656748893155	-0.02273738075444165
1938.8628999691387	-0.022673383669724847
1941.9601250489613	-0.022609420901347578
1945.0573501287845	-0.02254549226590538
1948.1545752086072	-0.022481597580949624
1951.2518002884299	-0.022417736664981144
1954.349025368253	-0.022353909337443998
1957.4462504480757	-0.02229011541871923
1960.5434755278989	-0.022226354730118667
1963.6407006077216	-0.022162627093878808
1966.7379256875447	-0.022098932333154714
1969.8351507673674	-0.022035270272013976
1972.93237584719	-0.021971640735430707
1976.0296009270132	-0.02190804354927959
1979.126826006836	-0.02184447854032997
1982.224051086659	-0.021780945536239986
1985.3212761664818	-0.021717444365550755
1988.4185012463045	-0.021653974857680586
1991.5157263261276	-0.021590536842919245
1994.6129514059503	-0.02152713015242226
1997.7101764857734	-0.021463754618205284
2000.8074015655961	-0.021400410073138462
2003.9046266454193	-0.02133709635094088
2007.001851725242	-0.021273813286175034
2010.0990768050647	-0.021210560714241336
2013.1963018848878	-0.02114733847137268
2016.2935269647105	-0.021084146394629022
2019.3907520445337	-0.021020984321892023
2022.4879771243563	-0.020957852091859713
2025.5852022041795	-0.02089474954404121
2028.6824272840022	-0.020831676518751452
2031.7796523638249	-0.02076863285710601
2034.876877443648	-0.020705618401015882
2037.9741025234707	-0.020642632993182385
2041.0713276032939	-0.02057967647709203
2044.1685526831166	-0.020516748697011467
2047.2657777629393	-0.02045384949798246
2050.3630028427624	-0.020390978725816886
2053.460227922585	-0.020328136227091783
2056.5574530024082	-0.02026532184914443
2059.654678082231	-0.02020253544006746
2062.751903162054	-0.020139776848704005
2065.8491282418768	-0.020077045924642878
2068.9463533216995	-0.020014342518213803
2072.0435784015226	-0.019951666480482643
2075.1408034813453	-0.019889017663246706
2078.2380285611684	-0.01982639591903004
2081.335253640991	-0.019763801101078806
2084.4324787208143	-0.01970123306335665
2087.529703800637	-0.01963869166054011
2090.6269288804597	-0.019576176748014068
2093.724153960283	-0.019513688181867245
2096.8213790401055	-0.019451225818887682
2099.9186041199287	-0.019388789516558307
2103.0158291997514	-0.019326379133052483
2106.1130542795745	-0.01926399452722963
2109.210279359397	-0.019201635558630855
2112.30750443922	-0.019139302087474604
2115.404729519043	-0.01907699397465236
2118.5019545988657	-0.019014711081724367
2121.599179678689	-0.018952453270915385
2124.6964047585116	-0.018890220405110465
2127.7936298383343	-0.018828012347850753
2130.8908549181574	-0.018765828963329335
2133.98807999798	-0.01870367011638711
2137.0853050778032	-0.018641535672508668
2140.182530157626	-0.018579425497818214
2143.279755237449	-0.018517339459075535
2146.376980317272	-0.018455277423671944
2149.4742053970945	-0.018393239259626323
2152.5714304769176	-0.01833122483558112
2155.6686555567403	-0.018269234020798417
2158.7658806365635	-0.018207266685156025
2161.863105716386	-0.018145322699143568
2164.9603307962093	-0.01808340193385864
2168.057555876032	-0.018021504261002956
2171.1547809558547	-0.01795962955287854
2174.252006035678	-0.017897777682383938
2177.3492311155005	-0.01783594852301044
2180.4464561953237	-0.017774141948838376
2183.5436812751464	-0.01771235783453335
2186.640906354969	-0.0176505960553426
2189.738131434792	-0.017588856487091298
2192.835356514615	-0.01752713900617892
2195.932581594438	-0.01746544348957563
2199.0298066742607	-0.017403769814818688
2202.127031754084	-0.01734211786000886
2205.2242568339066	-0.01728048750380689
2208.3214819137293	-0.017218878625429965
2211.4187069935524	-0.01715729110464821
2214.515932073375	-0.017095724821781212
2217.6131571531982	-0.017034179657694565
2220.710382233021	-0.016972655493796424
2223.807607312844	-0.0169111522120341
2226.904832392667	-0.016849669694890667
2230.0020574724895	-0.01678820782538158
2233.0992825523126	-0.016726766487051337
2236.1965076321353	-0.016665345563970153
2239.2937327119585	-0.01660394494073065
2242.390957791781	-0.016542564502444557
2245.488182871604	-0.016481204134739462
2248.585407951427	-0.016419863723755566
2251.6826330312497	-0.01635854315614245
2254.779858111073	-0.01629724231905587
2257.8770831908955	-0.01623596110015458
2260.9743082707187	-0.01617469938759716
2264.0715333505414	-0.016113457070038875
2267.168758430364	-0.016052234036628556
2270.265983510187	-0.015991030177005473
2273.36320859001	-0.015929845381296263
2276.460433669833	-0.015868679540111865
2279.5576587496557	-0.01580753254454446
2282.654883829479	-0.015746404286164452
2285.7521089093016	-0.015685294657017432
2288.8493339891243	-0.015624203549621222
2291.9465590689474	-0.015563130856962863
2295.04378414877	-0.015502076472495676
2298.1410092285932	-0.01544104029013632
2301.238234308416	-0.015380022204261868
2304.335459388239	-0.015319022109706901
2307.432684468062	-0.015258039901760622
2310.5299095478845	-0.015197075476163995
2313.6271346277076	-0.01513612872910687
2316.7243597075303	-0.01507519955722518
2319.8215847873535	-0.01501428785759809
2322.918809867176	-0.014953393527745218
2326.016034946999	-0.014892516465623841
2329.113260026822	-0.01483165656962612
2332.2104851066447	-0.01477081373857636
2335.307710186468	-0.014709987871728268
2338.4049352662905	-0.014649178868762231
2341.5021603461137	-0.01458838662978261
2344.5993854259364	-0.01452761105531506
2347.696610505759	-0.014466852046303848
2350.793835585582	-0.0144061095041092
2353.891060665405	-0.014345383330504662
2356.988285745228	-0.01428467342767446
2360.0855108250507	-0.014223979698210905
2363.182735904874	-0.01416330204511179
2366.2799609846966	-0.014102640371777806
2369.3771860645193	-0.014041994582009972
2372.4744111443424	-0.013981364580007096
2375.571636224165	-0.013920750270363222
2378.6688613039883	-0.013860151558065114
2381.766086383811	-0.01379956834848975
2384.8633114636336	-0.013739000547401823
2387.960536543457	-0.013678448060951254
2391.0577616232795	-0.01361791079567074
2394.1549867031026	-0.013557388658473283
2397.2522117829253	-0.013496881556649765
2400.3494368627485	-0.013436389397866523
2403.446661942571	-0.01337591209016292
2406.543887022394	-0.013315449541948965
2409.641112102217	-0.013255001662002915
2412.7383371820397	-0.013194568359468908
2415.835562261863	-0.013134149543854601
2418.9327873416855	-0.013073745125028825
2422.0300124215087	-0.01301335501321925
2425.1272375013314	-0.012952979119010066
2428.224462581154	-0.012892617353339674
2431.321687660977	-0.012832269627498387
2434.4189127408	-0.01277193585312615
2437.516137820623	-0.012711615942210265
2440.6133629004457	-0.012651309807083141
2443.710587980269	-0.01259101736042003
2446.8078130600916	-0.012530738515236813
2449.9050381399143	-0.012470473184887759
2453.0022632197374	-0.012410221283063325
2456.09948829956	-0.012349982723787954
2459.196713379383	-0.012289757421417882
2462.293938459206	-0.012229545290638967
2465.3911635390286	-0.012169346246464527
2468.488388618852	-0.012109160204233175
2471.5856136986745	-0.012048987079606685
2474.682838778497	-0.011988826788567861
2477.7800638583203	-0.011928679247418417
2480.877288938143	-0.011868544372776861
2483.9745140179657	-0.011808422081576403
2487.071739097789	-0.011748312291062867
2490.1689641776115	-0.01168821491879261
2493.2661892574347	-0.01162812988263046
2496.3634143372574	-0.011568057100747656
2499.46063941708	-0.01150799649161981
2502.557864496903	-0.011447947974024859
2505.655089576726	-0.011387911467041056
2508.752314656549	-0.01132788689004494
2511.8495397363718	-0.011267874162709343
2514.9467648161944	-0.011207873205001391
2518.0439898960176	-0.011147883937180516
2521.1412149758403	-0.01108790627979649
2524.238440055663	-0.011027940153687443
2527.335665135486	-0.010967985479977932
2530.432890215309	-0.010908042180076972
2533.530115295132	-0.010848110175676115
2536.6273403749547	-0.010788189388747513
2539.724565454778	-0.010728279741542009
2542.8217905346005	-0.01066838115658722
2545.919015614423	-0.010608493556685644
2549.0162406942463	-0.01054861686491277
2552.113465774069	-0.010488751004615193
2555.210690853892	-0.010428895899408742
2558.307915933715	-0.010369051473176625
2561.405141013538	-0.010309217650067561
2564.5023660933607	-0.010249394354493948
2567.5995911731834	-0.010189581511130016
2570.6968162530065	-0.010129779044910006
2573.7940413328292	-0.010069986881026342
2576.8912664126524	-0.010010204944927827
2579.988491492475	-0.009950433162317838
2583.085716572298	-0.009890671459152525
2586.182941652121	-0.009830919761639039
2589.2801667319436	-0.009771177996233737
2592.3773918117668	-0.009711446089640419
2595.4746168915894	-0.009651723968808573
2598.5718419714126	-0.009592011560931606
2601.6690670512353	-0.00953230879344511
2604.766292131058	-0.009472615594025114
2607.863517210881	-0.009412931890586366
2610.960742290704	-0.009353257611280594
2614.057967370527	-0.0092935926844948
2617.1551924503497	-0.009233937038849553
2620.252417530173	-0.00917429060319728
2623.3496426099955	-0.009114653306620585
2626.446867689818	-0.009055025078430553
2629.5440927696413	-0.008995405848165078
2632.641317849464	-0.008935795545587185
2635.738542929287	-0.008876194100683372
2638.83576800911	-0.008816601443661955
2641.932993088933	-0.00875701750495141
2645.0302181687557	-0.008697442215198734
2648.1274432485784	-0.008637875505267813
2651.2246683284015	-0.00857831730623779
2654.3218934082242	-0.008518767549401436
2657.4191184880474	-0.008459226166263545
2660.51634356787	-0.00839969308853932
2663.613568647693	-0.008340168248152771
2666.710793727516	-0.008280651577235119
2669.8080188073386	-0.008221143008123205
2672.9052438871618	-0.008161642473357917
2676.0024689669845	-0.008102149905682596
2679.0996940468076	-0.008042665238041485
2682.1969191266303	-0.007983188403578149
2685.294144206453	-0.007923719335633928
2688.391369286276	-0.007864257967746383
2691.488594366099	-0.0078048042336477455
2694.585819445922	-0.007745358067263388
2697.6830445257447	-0.007685919402710283
2700.780269605568	-0.007626488174295474
2703.8774946853905	-0.007567064316514562
2706.974719765213	-0.007507647764050186
2710.0719448450363	-0.00744823845177051
2713.169169924859	-0.007388836314727723
2716.266395004682	-0.007329441288156538
2719.363620084505	-0.0072700533074727
2722.460845164328	-0.007210672308271502
2725.5580702441507	-0.007151298226326294
2728.6552953239734	-0.00709193099758702
2731.7525204037966	-0.0070325705581787325
2734.8497454836192	-0.006973216844400138
2737.9469705634424	-0.006913869792722132
2741.044195643265	-0.006854529339786343
2744.141420723088	-0.006795195422403685
2747.238645802911	-0.006735867977552915
2750.3358708827336	-0.0066765469423791845
2753.4330959625568	-0.006617232254192616
2756.5303210423795	-0.006557923850466867
2759.6275461222026	-0.0064986216688377035
2762.7247712020253	-0.006439325647101587
2765.821996281848	-0.006380035723214254
2768.919221361671	-0.006320751835289309
2772.016446441494	-0.006261473921596817
2775.113671521317	-0.006202201920561905
2778.2108966011397	-0.006142935770763366
2781.308121680963	-0.006083675410932264
2784.4053467607855	-0.006024420779950554
2787.502571840608	-0.005965171816849692
2790.5997969204313	-0.005905928460809264
2793.697022000254	-0.0058466906511556085
2796.794247080077	-0.005787458327360449
2799.8914721599	-0.00572823142903953
2802.9886972397226	-0.005669009895951255
2806.0859223195457	-0.005609793667995332
2809.1831473993684	-0.005550582685211422
2812.2803724791916	-0.005491376887777789
2815.3775975590142	-0.0054321762160099585
2818.4748226388374	-0.005372980610359378
2821.57204771866	-0.00531379001141208
2824.669272798483	-0.005254604359887351
2827.766497878306	-0.0051954235966364054
2830.8637229581286	-0.005136247662641061
2833.9609480379518	-0.005077076499012417
2837.0581731177745	-0.005017910046989542
2840.1553981975976	-0.00495874824793816
2843.2526232774203	-0.004899591043349339
2846.349848357243	-0.004840438374838191
2849.447073437066	-0.004781290184142566
2852.544298516889	-0.004722146413121761
2855.641523596712	-0.004663007003755218
2858.7387486765347	-0.00460387189814124
2861.8359737563574	-0.0045447410384956985
2864.9331988361805	-0.004485614367150756
2868.030423916003	-0.0044264918265535785
2871.1276489958263	-0.0043673733592650655
2874.224874075649	-0.004308258907958573
2877.322099155472	-0.004249148415418641
2880.419324235295	-0.004190041824539731
2883.5165493151176	-0.00413093907832496
2886.6137743949407	-0.004071840119884839
2889.7109994747634	-0.004012744892436018
2892.8082245545866	-0.003953653339300024
2895.9054496344093	-0.003894565403902022
2899.0026747142324	-0.003835481029769554
2902.099899794055	-0.003776400160531301
2905.197124873878	-0.003717322739915837
2908.294349953701	-0.0036582487117503898
2911.3915750335236	-0.0035991780199596045
2914.4888001133468	-0.0035401106085643096
2917.5860251931695	-0.0034810464216802842
2920.6832502729926	-0.0034219854035170295
2923.7804753528153	-0.003362927498376544
2926.877700432638	-0.0033038726506520984
2929.974925512461	-0.0032448208048270156
2933.072150592284	-0.0031857719054734527
2936.169375672107	-0.003126725897251184
2939.2666007519297	-0.0030676827249063897
2942.3638258317524	-0.0030086423332704422
2945.4610509115755	-0.002949604667258702
2948.558275991398	-0.002890569671869307
2951.6555010712214	-0.002831537292181972
2954.752726151044	-0.0027725074733567856
2957.849951230867	-0.0027134801606330124
2960.94717631069	-0.0026544552993278945
2964.0444013905126	-0.002595432834835459
2967.1416264703357	-0.002536412712625323
2970.2388515501584	-0.002477394878241505
2973.3360766299816	-0.0024183792773012362
2976.4333017098043	-0.002359365855493774
2979.5305267896274	-0.0023003545585792173
2982.62775186945	-0.0022413453323873248
2985.724976949273	-0.002182338122816334
2988.822202029096	-0.002123332875831785
2991.9194271089186	-0.00206432953746534
2995.016652188742	-0.0020053280538136122
2998.1138772685645	-0.0019463283710369904
3001.211102348387	-0.0018873304353584698
3004.3083274282103	-0.0018283341930624808
3007.405552508033	-0.0017693395904937225
3010.502777587856	-0.0017103465740559963
3013.600002667679	-0.0016513550902110402
3016.697227747502	-0.0015923650854773683
3019.7944528273247	-0.0015333765064291073
3022.8916779071474	-0.001474389299694838
3025.9889029869705	-0.0014154034119564357
3029.086128066793	-0.0013564187899479153
3032.1833531466164	-0.001297435380454274
3035.280578226439	-0.0012384531303103374
3038.377803306262	-0.0011794719863996086
3041.475028386085	-0.0011204918956531141
3044.5722534659076	-0.0010615128050482558
3047.6694785457307	-0.001002534661607661
3050.7667036255534	-0.0009435574123980354
3053.8639287053766	-0.0008845810045290155
3056.9611537851993	-0.0008256053851520246
3060.0583788650224	-0.0007666305014591276
3063.155603944845	-0.0007076563006818881
3066.252829024668	-0.0006486827300902265
3069.350054104491	-0.0005897097369912781
3072.4472791843136	-0.000530737268728254
3075.544504264137	-0.0004717652726793012
3078.6417293439595	-0.0004127936962563642
3081.738954423782	-0.000353822486904048
3084.8361795036053	-0.00029485159209848125
3087.933404583428	-0.00023588095934618037
3091.030629663251	-0.00017691053618291473
3094.127854743074	-0.00011794027017257218
3097.225079822897	-5.8970108906025636e-05
3097.225079822949	0.0
