0.0	-0.14999999484195184
3.0915948264069852	-0.14703296733537116
6.1831896528139705	-0.1441247317813063
9.274784479220957	-0.14127411718222038
12.366379305627941	-0.13847997621474897
15.457974132034927	-0.1357411847307434
18.549568958441913	-0.1330566412699964
21.6411637848489	-0.13042526658430914
24.732758611255882	-0.12784600317258096
27.824353437662868	-0.12531781482660115
30.915948264069854	-0.12283968618724914
34.00754309047684	-0.12041062231081004
37.09913791688383	-0.11802964824512506
40.19073274329081	-0.1156958086153137
43.2823275696978	-0.11340816721880145
46.37392239610478	-0.11116580662941059
49.465517222511764	-0.1089678278102658
52.557112048918746	-0.10681334973528946
55.648706875325736	-0.10470150901905508
58.740301701732726	-0.10263145955478778
61.83189652813971	-0.10060237216029863
64.92349135454668	-0.09861343423165124
68.01508618095367	-0.0966638494043668
71.10668100736066	-0.0947528372219739
74.19827583376765	-0.09287963281172448
77.28987066017463	-0.09104348656729433
80.38146548658162	-0.08924366383830061
83.47306031298861	-0.08747944462646459
86.5646551393956	-0.08575012328826355
89.65624996580257	-0.08405500824391225
92.74784479220956	-0.08239342169252309
95.83943961861654	-0.08076469933329865
98.93103444502353	-0.07916819009261217
102.0226292714305	-0.07760325585683972
105.11422409783749	-0.07606927121080799
108.20581892424448	-0.07456562318172699
111.29741375065147	-0.07309171098848244
114.38900857705845	-0.07164694579616195
117.48060340346545	-0.07023075047569777
120.57219822987244	-0.06884255936850922
123.66379305627942	-0.0674818180560272
126.75538788268639	-0.06614798313399947
129.84698270909337	-0.06484052199145915
132.93857753550037	-0.06355891259425969
136.03017236190735	-0.06230264327307157
139.12176718831435	-0.061071212515741956
142.21336201472133	-0.05986412876392128
145.30495684112833	-0.05868091021386352
148.3965516675353	-0.05752108462130679
151.48814649394228	-0.05638418911034822
154.57974132034926	-0.05526976998622294
157.67133614675626	-0.05417738255190462
160.76293097316324	-0.05310659092844478
163.85452579957024	-0.05205696787897005
166.94612062597722	-0.05102809463625774
170.0377154523842	-0.050019560733815256
173.1293102787912	-0.049030963840386944
176.22090510519817	-0.04806190959781673
179.31249993160515	-0.047112011462192606
182.40409475801212	-0.046180890548208085
185.49568958441913	-0.045268175476668004
188.5872844108261	-0.044373502225074385
191.67887923723308	-0.04349651398122943
194.77047406364005	-0.042636860999788896
197.86206889004706	-0.04179420046170586
200.95366371645406	-0.040968196336506196
204.045258542861	-0.040158519247332644
207.136853369268	-0.039364846338704886
210.22844819567499	-0.038586861146933396
213.320043022082	-0.037824253473139016
216.41163784848897	-0.03707671925881784
219.50323267489594	-0.036343960463903605
222.59482750130294	-0.03562568494727222
225.68642232770995	-0.03492160634964267
228.7780171541169	-0.034231443978820386
231.8696119805239	-0.03355492269723796
234.9612068069309	-0.032891772811746274
238.05280163333788	-0.03224172996560657
241.14439645974488	-0.03160453503264486
244.23599128615186	-0.030979934013515963
247.32758611255883	-0.030367677934043626
250.4191809389658	-0.029767522745585577
253.51077576537278	-0.029179229227389643
256.6023705917798	-0.028602562890895272
259.69396541818674	-0.028037293885943757
262.78556024459374	-0.027483196908858278
265.87715507100074	-0.02694005111235371
268.9687498974077	-0.026407640017243352
272.0603447238147	-0.025885751425900397
275.1519395502217	-0.02537417733744565
278.2435343766287	-0.02487271386461926
281.33512920303565	-0.02438116115231036
284.42672402944265	-0.02389932329770268
287.5183188558496	-0.02342700827201194
290.60991368225666	-0.02296402784377706
293.70150850866355	-0.022510197503675725
296.7931033350706	-0.022065336390834762
299.88469816147756	-0.02162926722060467
302.97629298788456	-0.02120181621376829
306.06788781429157	-0.020782813027154214
309.1594826406985	-0.020372090685630482
312.2510774671055	-0.01996948551544539
315.3426722935125	-0.019574837078893657
318.4342671199195	-0.01918798811027744
321.5258619463265	-0.018808784453138536
324.6174567727334	-0.018437074998736567
327.7090515991405	-0.018072711625746078
330.8006464255474	-0.017715549141150543
333.89224125195443	-0.01736544522230794
336.98383607836143	-0.01702226036016537
340.0754309047684	-0.016685857803598825
343.16702573117533	-0.01635610350485717
346.2586205575824	-0.016032866066085866
349.35021538398934	-0.015716016686912786
352.44181021039634	-0.01540542911307012
355.5334050368033	-0.015100979586035897
358.6249998632103	-0.014802546793672443
361.7165946896173	-0.014510011821843145
364.80818951602424	-0.014223258106987081
367.8997843424313	-0.013942171389633013
370.99137916883825	-0.013666639668834473
374.0829739952452	-0.013396553157506319
377.1745688216522	-0.013131804238646457
380.2661636480592	-0.012872287422423748
383.35775847446615	-0.01261789930411587
386.4493533008732	-0.012368538522879622
389.5409481272801	-0.012124105721337567
392.6325429536871	-0.011884503505964643
395.7241377800941	-0.011649636408257806
398.8157326065011	-0.011419410846676395
401.9073274329081	-0.011193735089333169
404.99892225931507	-0.01097251921742546
408.090517085722	-0.010755675089389313
411.1821119121291	-0.010543116305762431
414.273706738536	-0.010334758174743393
417.3653015649431	-0.010130517678431834
420.45689639134997	-0.009930313439735838
423.548491217757	-0.009734065689934684
426.640086044164	-0.009541696236883774
429.731680870571	-0.009353128433847531
432.82327569697793	-0.009168287148949399
435.914870523385	-0.008987098735225714
439.0064653497919	-0.008809491001272424
442.0980601761989	-0.008635393182472124
445.1896550026059	-0.008464735912789772
448.2812498290129	-0.008297451197127057
451.3728446554199	-0.008133472384222877
454.46443948182684	-0.007972734140090155
457.5560343082338	-0.007815172421977136
460.64762913464085	-0.007660724452844686
463.7392239610478	-0.00750932869634755
466.8308187874548	-0.007360924832311475
469.9224136138618	-0.007215453732692801
473.01400844026875	-0.007072857438016635
476.10560326667576	-0.0069330791342776974
479.19719809308276	-0.006796063130301037
482.28879291948977	-0.006661754835547511
485.3803877458967	-0.0065301007383600975
488.4719825723037	-0.006401048384639593
491.56357739871066	-0.006274546356941054
494.65517222511767	-0.006150544253985675
497.7467670515246	-0.006028992670575367
500.8383618779316	-0.005909843177906189
503.92995670433857	-0.005793048304269593
507.02155153074557	-0.00567856151613665
510.1131463571525	-0.005566337199614288
513.2047411835596	-0.00545633064227089
516.2963360099666	-0.005348498015317674
519.3879308363735	-0.005242796356145982
522.4795256627806	-0.0051391835512068
525.5711204891875	-0.005037618319230257
528.6627153155945	-0.0049380601947766455
531.7543101420015	-0.004840469512111913
534.8459049684085	-0.004744807389403238
537.9374997948154	-0.004651035713225732
541.0290946212224	-0.004559117123375294
544.1206894476294	-0.004469014997983174
547.2122842740365	-0.004380693438923122
550.3038791004434	-0.004294117257508532
553.3954739268503	-0.004209251960470285
556.4870687532574	-0.0041260637362132415
559.5786635796644	-0.004044519441345244
562.6702584060713	-0.003964586587469048
565.7618532324783	-0.003886233328239614
568.8534480588853	-0.0038094284466734093
571.9450428852923	-0.0037341413427115365
575.0366377116992	-0.003660342021025856
578.1282325381062	-0.0035880010790692884
581.2198273645133	-0.003517089695359288
584.3114221909202	-0.0034475796179948334
587.4030170173271	-0.003379443153399746
590.4946118437342	-0.003312653155288278
593.5862066701412	-0.003247183013849158
596.6778014965481	-0.0031830066451434052
599.7693963229551	-0.0031200984807116905
602.8609911493621	-0.0030584334573861495
605.9525859757691	-0.002997987007305572
609.044180802176	-0.0029387350481260162
612.1357756285831	-0.002880653973425353
615.2273704549901	-0.0028237206432987177
618.318965281397	-0.0027679123751378452
621.410560107804	-0.0027132069345939527
624.502154934211	-0.0026595825267198493
627.593749760618	-0.0026070177872840722
630.685344587025	-0.002555491774261192
633.7769394134319	-0.0025049839594862276
636.868534239839	-0.002455474220476223
639.960129066246	-0.0024069428324131684
643.051723892653	-0.00235937046028446
646.1433187190598	-0.002312738151180196
649.2349135454668	-0.002267027326740869
652.3265083718738	-0.0022222197757563265
655.418103198281	-0.0021782976469086747
658.5096980246879	-0.0021352434416615964
661.6012928510949	-0.0020930400072867454
664.6928876775019	-0.0020516705300308333
667.7844825039089	-0.0020111185284167514
670.8760773303159	-0.001971367846675686
673.9676721567229	-0.0019324026483120386
677.0592669831298	-0.001894207409792325
680.1508618095368	-0.0018567669143610157
683.2424566359437	-0.0018200662459780415
686.3340514623507	-0.0017840907833753855
689.4256462887578	-0.0017488261942319484
692.5172411151648	-0.001714258429463224
695.6088359415717	-0.0016803737176238765
698.7004307679787	-0.0016471585594208709
701.7920255943858	-0.0016145997223350442
704.8836204207927	-0.0015826842353494402
707.9752152471997	-0.0015513993837807491
711.0668100736066	-0.0015207327042141838
714.1584049000136	-0.0014906719795368113
717.2499997264206	-0.001461205234071901
720.3415945528276	-0.001432320728805311
723.4331893792346	-0.0014040069567102674
726.5247842056416	-0.0013762526381617822
729.6163790320485	-0.001349046716443072
732.7079738584555	-0.0013223783533401203
735.7995686848626	-0.001296236924824307
738.8911635112696	-0.001270612016818144
741.9827583376765	-0.001245493421047373
745.0743531640834	-0.0012208711309735923
748.1659479904904	-0.0011967353378073353
751.2575428168974	-0.0011730764265999898
754.3491376433044	-0.0011498849724133847
757.4407324697114	-0.0011271517365643185
760.5323272961184	-0.0011048676629439782
763.6239221225254	-0.0010830238744099678
766.7155169489323	-0.0010616116692495666
769.8071117753394	-0.0010406225177123868
772.8987066017464	-0.0010200480586126095
775.9903014281533	-0.0009998800959969709
779.0818962545602	-0.0009801105958802377
782.1734910809672	-0.0009607316830441273
785.2650859073742	-0.0009417356378989667
788.3566807337813	-0.0009231148934096069
791.4482755601882	-0.0009048620320788893
794.5398703865952	-0.0008869697829939623
797.6314652130022	-0.0008694310189280795
800.7230600394092	-0.0008522387535020702
803.8146548658162	-0.0008353861384007822
806.9062496922232	-0.0008188664606440261
809.9978445186301	-0.0008026731399124305
813.0894393450371	-0.0007867997259257415
816.181034171444	-0.0007712398958728702
819.2726289978511	-0.000755987451893217
822.3642238242581	-0.0007410363186065852
825.455818650665	-0.0007263805406936555
828.547413477072	-0.0007120142805221146
831.639008303479	-0.0006979318158224099
834.7306031298862	-0.0006841275374066719
837.822197956293	-0.0006705959469343342
840.9137927826999	-0.0006573316547217679
844.005387609107	-0.0006443293775950211
847.096982435514	-0.0006315839367843144
850.1885772619208	-0.0006190902558613847
853.280172088328	-0.0006068433587169947
856.371766914735	-0.0005948383675783703
859.463361741142	-0.0005830705010652166
862.5549565675489	-0.0005715350722856333
865.6465513939559	-0.0005602274869683563
868.738146220363	-0.00054914324163265
871.82974104677	-0.0005382779217938331
874.9213358731768	-0.0005276272002046504
878.0129306995838	-0.0005171868351309237
881.1045255259908	-0.0005069526686625771
884.1961203523978	-0.0004969206250558104
887.2877151788048	-0.00048708670910995946
890.3793100052118	-0.0004774470045765911
893.4709048316188	-0.0004679976725972706
896.5624996580258	-0.00045873495017598604
899.6540944844328	-0.0004496551486791152
902.7456893108398	-0.0004407546523660345
905.8372841372468	-0.00043202991694836273
908.9288789636537	-0.0004234774681784979
912.0204737900606	-0.00041509390046455205
915.1120686164676	-0.0004068758755143411
918.2036634428747	-0.00039882012100509123
921.2952582692817	-0.00039092342927996634
924.3868530956886	-0.000383182656069631
927.4784479220956	-0.0003755947192399551
930.5700427485026	-0.00036815659756385323
933.6616375749096	-0.00036086532951836516
936.7532324013166	-0.0003537180121036389
939.8448272277236	-0.00034671179968692023
942.9364220541305	-0.00033984390286910174
946.0280168805375	-0.00033311158737293596
949.1196117069444	-0.000326512172954242
952.2112065333515	-0.0003200430323336571
955.3028013597585	-0.00031370159015003897
958.3943961861655	-0.0003074853219344048
961.4859910125724	-0.0003013917531046242
964.5775858389795	-0.00029541845797886385
967.6691806653864	-0.0002895630588097783
970.7607754917934	-0.0002838232248363343
973.8523703182003	-0.0002781966713570408
976.9439651446074	-0.00027268115881747386
980.0355599710143	-0.0002672744919198669
983.1271547974213	-0.0002619745187476557
986.2187496238282	-0.00025677912990808527
989.3103444502353	-0.00025168625769220816
992.4019392766425	-0.00024669387525116254
995.4935341030492	-0.00024179999578850375
998.5851289294563	-0.0002370026717681438
1001.6767237558632	-0.0002322999941398944
1004.7683185822704	-0.0002276900915775037
1007.8599134086771	-0.0002231711297336255
1010.9515082350842	-0.00021874131050927652
1014.0431030614911	-0.00021439887133733527
1017.1346978878983	-0.0002101420844805242
1020.226292714305	-0.00020596925634231922
1023.3178875407121	-0.0002018787267932275
1026.4094823671192	-0.00019786886850887812
1029.501077193526	-0.000193938086322145
1032.5926720199332	-0.00019008481658685746
1035.68426684634	-0.00018630752655553995
1038.775861672747	-0.00018260471376917994
1041.867456499154	-0.00017897490545702504
1044.9590513255612	-0.00017541665795218057
1048.050646151968	-0.0001719285561139024
1051.142240978375	-0.00016850921276657612
1054.2338358047818	-0.0001651572681445003
1057.325430631189	-0.0001618713893517993
1060.417025457596	-0.0001586502698314689
1063.508620284003	-0.0001554926288435534
1066.60021511041	-0.0001523972109564503
1069.691809936817	-0.00014936278554556813
1072.7834047632239	-0.0001463881463039994
1075.8749995896308	-0.0001434721107612108
1078.9665944160379	-0.00014061351981285865
1082.0581892424448	-0.00013781123725795368
1085.149784068852	-0.00013506414934714889
1088.2413788952588	-0.0001323711643381534
1091.332973721666	-0.0001297312120620458
1094.424568548073	-0.00012714324349582338
1097.5161633744797	-0.00012460623034496137
1100.6077582008868	-0.00012211916463353902
1103.6993530272937	-0.00011968105830348595
1106.7909478537006	-0.00011729094282006191
1109.8825426801077	-0.00011494786878578921
1112.9741375065148	-0.00011265090556394813
1116.0657323329217	-0.00011039914090563887
1119.1573271593288	-0.00010819168058795957
1122.2489219857355	-0.00010602764805730425
1125.3405168121426	-0.00010390618408000074
1128.4321116385497	-0.00010182644640006626
1131.5237064649566	-9.978760940385771e-05
1134.6153012913637	-9.778886379139467e-05
1137.7068961177706	-9.582941625324402e-05
1140.7984909441775	-9.390848915518654e-05
1143.8900857705846	-9.202532022822224e-05
1146.9816805969915	-9.01791622650247e-05
1150.0732754233984	-8.836928282151144e-05
1153.1648702498055	-8.659496392686069e-05
1156.2564650762124	-8.4855501795313e-05
1159.3480599026195	-8.315020654752888e-05
1162.4396547290266	-8.147840193484066e-05
1165.5312495554335	-7.983942507039532e-05
1168.6228443818404	-7.823262616496739e-05
1171.7144392082473	-7.665736826766369e-05
1174.8060340346542	-7.511302701285194e-05
1177.8976288610613	-7.359899037087061e-05
1180.9892236874684	-7.211465840518394e-05
1184.0808185138753	-7.065944303220759e-05
1187.1724133402824	-6.923276778780124e-05
1190.2640081666896	-6.783406759754115e-05
1193.3556029930962	-6.64627885512171e-05
1196.4471978195033	-6.511838768310733e-05
1199.5387926459102	-6.380033275470068e-05
1202.6303874723174	-6.250810204341882e-05
1205.7219822987242	-6.124118413400719e-05
1208.8135771251314	-5.999907771592559e-05
1211.9051719515383	-5.878129138296326e-05
1214.9967667779454	-5.7587343437076686e-05
1218.088361604352	-5.6416761698004505e-05
1221.1799564307591	-5.526908331332994e-05
1224.2715512571663	-5.4143854575874386e-05
1227.3631460835732	-5.304063074131627e-05
1230.4547409099803	-5.195897585247456e-05
1233.5463357363872	-5.089846256514961e-05
1236.637930562794	-4.9858671977519774e-05
1239.7295253892012	-4.883919346375968e-05
1242.821120215608	-4.783962451032582e-05
1245.9127150420152	-4.685957055579747e-05
1249.004309868422	-4.5898644833162656e-05
1252.0959046948292	-4.495646821699156e-05
1255.187499521236	-4.403266907083429e-05
1258.279094347643	-4.312688310061606e-05
1261.37068917405	-4.223875320892286e-05
1264.462284000457	-4.1367929352175625e-05
1267.5538788268639	-4.0514068402691496e-05
1270.6454736532708	-3.96768340107469e-05
1273.737068479678	-3.8855896471305555e-05
1276.828663306085	-3.805093259208033e-05
1279.920258132492	-3.7261625565593814e-05
1283.011852958899	-3.648766484235058e-05
1286.103447785306	-3.572874600778587e-05
1289.1950426117128	-3.4984570660325976e-05
1292.2866374381197	-3.425484629322488e-05
1295.3782322645268	-3.3539286177512425e-05
1298.4698270909337	-3.283760924805254e-05
1301.5614219173408	-3.214953999182318e-05
1304.6530167437477	-3.147480833775175e-05
1307.744611570155	-3.081314954966045e-05
1310.836206396562	-3.0164304120322886e-05
1313.9278012229688	-2.9528017668408436e-05
1317.0193960493757	-2.8904040837648065e-05
1320.1109908757826	-2.8292129196445263e-05
1323.2025857021897	-2.7692043141262733e-05
1326.2941805285966	-2.710354780134226e-05
1329.3857753550037	-2.652641294475773e-05
1332.4773701814106	-2.5960412887133624e-05
1335.5689650078177	-2.5405326401252396e-05
1338.6605598342244	-2.4860936629327336e-05
1341.7521546606317	-2.4327030996608325e-05
1344.8437494870386	-2.3803401126986833e-05
1347.9353443134457	-2.328984275971179e-05
1351.0269391398526	-2.2786155667660465e-05
1354.1185339662595	-2.229214357871864e-05
1357.2101287926666	-2.1807614096495236e-05
1360.3017236190735	-2.133237862436828e-05
1363.3933184454804	-2.0866252290419546e-05
1366.4849132718873	-2.0409053873480052e-05
1369.5765080982947	-1.996060573117444e-05
1372.6681029247013	-1.9520733729076133e-05
1375.7596977511087	-1.9089267171861355e-05
1378.8512925775156	-1.8666038734241604e-05
1381.9428874039227	-1.8250884395893372e-05
1385.0344822303296	-1.7843643375056052e-05
1388.1260770567362	-1.7444158064572727e-05
1391.2176718831433	-1.70522739694857e-05
1394.3092667095502	-1.6667839645520607e-05
1397.4008615359573	-1.6290706638903114e-05
1400.4924563623642	-1.5920729426842187e-05
1403.5840511887716	-1.555776535978997e-05
1406.6756460151785	-1.5201674604812308e-05
1409.7672408415854	-1.4852320089847715e-05
1412.8588356679923	-1.4509567449076881e-05
1415.9504304943994	-1.4173284969846788e-05
1419.0420253208063	-1.3843343538928974e-05
1422.1336201472132	-1.3519616593218966e-05
1425.2252149736203	-1.3201980067549384e-05
1428.3168098000272	-1.2890312346056023e-05
1431.4084046264343	-1.2584494213988246e-05
1434.4999994528412	-1.2284408809741674e-05
1437.5915942792483	-1.1989941578445397e-05
1440.6831891056552	-1.1700980227325763e-05
1443.7747839320623	-1.1417414679294001e-05
1446.8663787584692	-1.1139137030308829e-05
1449.9579735848763	-1.0866041506295128e-05
1453.0495684112832	-1.0598024421395098e-05
1456.14116323769	-1.033498413533137e-05
1459.232758064097	-1.00768210145451e-05
1462.3243528905039	-9.823437392001907e-06
1465.415947716911	-9.574737527442073e-06
1468.5075425433179	-9.330627571183626e-06
1471.5991373697252	-9.091015524594858e-06
1474.690732196132	-8.855811205452e-06
1477.7823270225392	-8.624926210632461e-06
1480.873921848946	-8.398273881916857e-06
1483.965516675353	-8.17576927045885e-06
1487.05711150176	-7.957329104141722e-06
1490.1487063281668	-7.742871753824819e-06
1493.240301154574	-7.532317201144421e-06
1496.3318959809808	-7.325587006314717e-06
1499.423490807388	-7.12260427681705e-06
1502.5150856337948	-6.923293637865637e-06
1505.606680460202	-6.727581201096998e-06
1508.6982752866088	-6.535394535924024e-06
1511.789870113016	-6.346662640890131e-06
1514.8814649394228	-6.161315915023485e-06
1517.9730597658297	-5.9792861298574596e-06
1521.0646545922368	-5.800506403005447e-06
1524.1562494186437	-5.624911171513752e-06
1527.2478442450508	-5.452436164992444e-06
1530.3394390714577	-5.283018381188829e-06
1533.4310338978646	-5.116596060006623e-06
1536.5226287242715	-4.9531086593015906e-06
1539.6142235506788	-4.792496830899242e-06
1542.7058183770857	-4.63470239705672e-06
1545.7974132034929	-4.479668327146747e-06
1548.8890080298997	-4.3273387145637035e-06
1551.9806028563066	-4.177658755850178e-06
1555.0721976827135	-4.03057472738109e-06
1558.1637925091204	-3.886033964712388e-06
1561.2553873355275	-3.743984841929798e-06
1564.3469821619344	-3.6043767503314752e-06
1567.4385769883418	-3.4671600795531944e-06
1570.5301718147484	-3.3322861962510815e-06
1573.6217666411558	-3.1997074261150615e-06
1576.7133614675627	-3.0693770343280314e-06
1579.8049562939696	-2.9412492071352718e-06
1582.8965511203764	-2.8152790334139272e-06
1585.9881459467833	-2.6914224871306664e-06
1589.0797407731905	-2.5696364100214326e-06
1592.1713355995973	-2.44987849382714e-06
1595.2629304260045	-2.3321072638616433e-06
1598.3545252524113	-2.2162820625797773e-06
1601.4461200788185	-2.102363033367415e-06
1604.5377149052251	-1.990311104775689e-06
1607.6293097316325	-1.8800879749772484e-06
1610.7209045580394	-1.7716560964446054e-06
1613.8124993844465	-1.6649786608505319e-06
1616.9040942108534	-1.5600195850787216e-06
1619.9956890372603	-1.4567434963462749e-06
1623.0872838636674	-1.3551157186584792e-06
1626.1788786900743	-1.2551022581533947e-06
1629.2704735164812	-1.1566697911109805e-06
1632.362068342888	-1.0597856486315728e-06
1635.4536631692954	-9.644178059773241e-07
1638.5452579957023	-8.705348681388997e-07
1641.6368528221094	-7.781060580667064e-07
1644.7284476485163	-6.871012044580842e-07
1647.8200424749234	-5.97490729544471e-07
1650.91163730133	-5.092456375447527e-07
1654.003232127737	-4.223375035626852e-07
1657.094826954144	-3.3673846137412785e-07
1660.186421780551	-2.5242119321268406e-07
1663.278016606958	-1.6935891822307912e-07
1666.369611433365	-8.75253829129668e-08
1669.4612062597723	-6.894849162233641e-09
1672.5528010861792	7.255791421494092e-08
1675.644395912586	1.5085764279463082e-07
1678.735990738993	2.2802858564721746e-07
1681.8275855653999	3.0409451555168896e-07
1684.919180391807	3.790787378776419e-07
1688.010775218214	4.5300409946727577e-07
1691.102370044621	5.258929990717111e-07
1694.193964871028	5.977673949006833e-07
1697.285559697435	6.686488135045409e-07
1700.3771545238417	7.38558359100286e-07
1703.468749350249	8.075167211212726e-07
1706.560344176656	8.755441830991619e-07
1709.651939003063	9.426606293254213e-07
1712.74353382947	1.0088855546214394e-06
1715.8351286558768	1.0742380707779825e-06
1718.926723482284	1.138736914326885e-06
1722.0183183086908	1.2024004543127562e-06
1725.1099131350977	1.2652466991765008e-06
1728.2015079615046	1.3272933040829074e-06
1731.2931027879117	1.388557577582125e-06
1734.3846976143186	1.4490564893813256e-06
1737.476292440726	1.508806675673904e-06
1740.5678872671328	1.5678244466890914e-06
1743.65948209354	1.6261257931313624e-06
1746.7510769199469	1.6837263921757328e-06
1749.8426717463535	1.740641613241021e-06
1752.9342665727606	1.7968865250953743e-06
1756.0258613991675	1.8524759011854104e-06
1759.1174562255746	1.907424225631528e-06
1762.2090510519815	1.961745698335002e-06
1765.3006458783887	2.0154542418614528e-06
1768.3922407047955	2.068563505659762e-06
1771.4838355312027	2.1210868722794088e-06
1774.5754303576095	2.173037462255504e-06
1777.6670251840167	2.224428139437942e-06
1780.7586200104236	2.2752715160984833e-06
1783.8502148368304	2.325579957371714e-06
1786.9418096632376	2.375365587028265e-06
1790.0334044896445	2.424640291693713e-06
1793.1249993160516	2.473415725955668e-06
1796.2165941424585	2.5217033156944876e-06
1799.3081889688656	2.569514264744676e-06
1802.3997837952722	2.6168595573374135e-06
1805.4913786216796	2.66374996320764e-06
1808.5829734480865	2.7101960418129376e-06
1811.6745682744936	2.7562081472185662e-06
1814.7661631009005	2.8017964303179385e-06
1817.8577579273074	2.8469708446058316e-06
1820.9493527537143	2.8917411495090963e-06
1824.0409475801212	2.936116913939387e-06
1827.1325424065283	2.980107519845941e-06
1830.2241372329352	3.0237221671005682e-06
1833.3157320593425	3.0669698759401927e-06
1836.4073268857494	3.1098594909636756e-06
1839.4989217121565	3.1523996842404796e-06
1842.5905165385634	3.194598959529532e-06
1845.6821113649703	3.236465654721764e-06
1848.7737061913772	3.278007945614871e-06
1851.865301017784	3.319233848799942e-06
1854.9568958441912	3.3601512256582734e-06
1858.048490670598	3.4007677839157047e-06
1861.1400854970052	3.441091081861501e-06
1864.231680323412	3.4811285312349346e-06
1867.3232751498192	3.52088739944578e-06
1870.414869976226	3.560374813127018e-06
1873.5064648026332	3.599597760577371e-06
1876.59805962904	3.638563094425838e-06
1879.6896544554472	3.677277534518311e-06
1882.7812492818541	3.715747670582106e-06
1885.872844108261	3.753979964224402e-06
1888.9644389346681	3.791980752707005e-06
1892.056033761075	3.829756249612493e-06
1895.147628587482	3.867312549285136e-06
1898.2392234138888	3.904655627497026e-06
1901.3308182402961	3.94179134455674e-06
1904.422413066703	3.978725447751816e-06
1907.51400789311	4.015463573347186e-06
1910.605602719517	4.052011248583584e-06
1913.6971975459237	4.088373894120048e-06
1916.788792372331	4.1245568260323365e-06
1919.8803871987377	4.1605652580333735e-06
1922.9719820251448	4.196404303249631e-06
1926.063576851552	4.23207897621953e-06
1929.155171677959	4.2675941948918574e-06
1932.2467665043657	4.302954782846214e-06
1935.3383613307728	4.338165470847348e-06
1938.42995615718	4.373230898399457e-06
1941.5215509835868	4.408155616188708e-06
1944.6131458099935	4.442944087859586e-06
1947.7047406364006	4.477600690236954e-06
1950.7963354628077	4.512129717766951e-06
1953.8879302892149	4.546535381184725e-06
1956.979525115622	4.5808218112892125e-06
1960.0711199420286	4.614993059831302e-06
1963.1627147684358	4.649053100846135e-06
1966.2543095948427	4.68300583242944e-06
1969.3459044212498	4.716855078069828e-06
1972.4374992476564	4.750604588647187e-06
1975.5290940740636	4.784258042876786e-06
1978.6206889004707	4.8178190497517526e-06
1981.7122837268773	4.851291149653326e-06
1984.803878553285	4.884677815016981e-06
1987.8954733796916	4.917982452774918e-06
1990.9870682060985	4.951208404578128e-06
1994.0786630325056	4.984358948794777e-06
1997.1702578589127	5.017437301842503e-06
2000.2618526853194	5.050446618632486e-06
2003.3534475117265	5.083389994567868e-06
2006.4450423381336	5.1162704666539686e-06
2009.5366371645407	5.149091013942391e-06
2012.6282319909474	5.18185455952941e-06
2015.7198268173543	5.214563971000081e-06
2018.8114216437614	5.2472220624266345e-06
2021.9030164701685	5.2798315939243895e-06
2024.9946112965756	5.312395274094251e-06
2028.0862061229823	5.344915761132932e-06
2031.1778009493894	5.377395662166828e-06
2034.2693957757965	5.409837535916549e-06
2037.3609906022034	5.4422438933630595e-06
2040.45258542861	5.474617197969715e-06
2043.5441802550172	5.506959867014555e-06
2046.6357750814243	5.539274273144587e-06
2049.727369907831	5.571562743931728e-06
2052.8189647342383	5.603827564315277e-06
2055.910559560645	5.636070975713744e-06
2059.002154387052	5.668295178467352e-06
2062.0937492134594	5.700502332060065e-06
2065.1853440398663	5.732694555119609e-06
2068.276938866273	5.764873927859944e-06
2071.36853369268	5.7970424911931115e-06
2074.460128519087	5.829202248949659e-06
2077.551723345494	5.861355167212518e-06
2080.643318171901	5.893503176315414e-06
2083.734912998308	5.925648170620805e-06
2086.826507824715	5.957792009852166e-06
2089.9181026511224	5.989936519538073e-06
2093.0096974775292	6.022083491678338e-06
2096.101292303936	6.0542346851881005e-06
2099.192887130343	6.08639182678601e-06
2102.28448195675	6.118556612104439e-06
2105.3760767831573	6.150730705245412e-06
2108.4676716095637	6.1829157405569475e-06
2111.559266435971	6.21511332196693e-06
2114.650861262378	6.247325024537434e-06
2117.742456088785	6.2795523953528834e-06
2120.834050915192	6.311796952409843e-06
2123.9256457415986	6.344060187059506e-06
2127.017240568006	6.3763435635636115e-06
2130.108835394413	6.408648519538519e-06
2133.20043022082	6.440976467065452e-06
2136.2920250472266	6.473328792690478e-06
2139.383619873634	6.5057068583127105e-06
2142.475214700041	6.538112000962242e-06
2145.5668095264477	6.570545534576519e-06
2148.658404352855	6.603008748890113e-06
2151.7499991792615	6.635502911433111e-06
2154.841594005669	6.668029266865013e-06
2157.9331888320758	6.700589037640825e-06
2161.024783658483	6.73318342489928e-06
2164.1163784848895	6.765813608462799e-06
2167.207973311297	6.7984807477257064e-06
2170.299568137704	6.8311859809880625e-06
2173.3911629641107	6.863930427232052e-06
2176.4827577905176	6.896715185899915e-06
2179.5743526169244	6.92954133689396e-06
2182.665947443332	6.96240994168679e-06
2185.7575422697387	6.995322042877203e-06
2188.849137096146	7.0282786655224644e-06
2191.9407319225525	7.061280816694221e-06
2195.0323267489593	7.094329485922591e-06
2198.1239215753667	7.1274256465284255e-06
2201.2155164017736	7.160570254069004e-06
2204.3071112281805	7.193764248780515e-06
2207.3987060545874	7.227008554023765e-06
2210.4903008809947	7.260304077838456e-06
2213.581895707401	7.293651713387317e-06
2216.6734905338085	7.327052337845847e-06
2219.7650853602154	7.360506813956645e-06
2222.8566801866223	7.394015990251449e-06
2225.9482750130296	7.427580700607047e-06
2229.0398698394365	7.461201765355505e-06
2232.1314646658434	7.494879991062114e-06
2235.2230594922503	7.528616170525404e-06
2238.3146543186576	7.56241108410939e-06
2241.4062491450645	7.596265498855419e-06
2244.497843971471	7.630180169148286e-06
2247.5894387978783	7.664155837382374e-06
2250.681033624285	7.698193233517566e-06
2253.7726284506925	7.732293075745377e-06
2256.8642232770994	7.766456070933047e-06
2259.9558181035063	7.800682913735347e-06
2263.047412929913	7.83497428837097e-06
2266.13900775632	7.869330867956353e-06
2269.2306025827274	7.903753314727768e-06
2272.322197409134	7.93824228026332e-06
2275.413792235541	7.972798406149122e-06
2278.505387061948	8.007422323757223e-06
2281.596981888355	8.042114654245623e-06
2284.6885767147623	8.0768760092244e-06
2287.7801715411692	8.111706990977755e-06
2290.871766367576	8.14660819246402e-06
2293.963361193983	8.181580196871551e-06
2297.0549560203904	8.216623579173062e-06
2300.146550846797	8.251738905015386e-06
2303.238145673204	8.28692673182971e-06
2306.329740499611	8.322187608165427e-06
2309.421335326018	8.357522074578325e-06
2312.512930152425	8.392930663408552e-06
2315.6045249788317	8.428413899002626e-06
2318.696119805239	8.463972297935525e-06
2321.787714631646	8.499606369232697e-06
2324.8793094580533	8.535316614148031e-06
2327.9709042844597	8.571103527052025e-06
2331.062499110867	8.606967594321581e-06
2334.154093937274	8.642909296116343e-06
2337.245688763681	8.678929105268494e-06
2340.3372835900877	8.715027487504767e-06
2343.4288784164946	8.751204902778753e-06
2346.520473242902	8.787461803716567e-06
2349.6120680693084	8.823798636727063e-06
2352.703662895716	8.860215842223909e-06
2355.7952577221226	8.896713854181458e-06
2358.88685254853	8.933293100800918e-06
2361.978447374937	8.969954004288282e-06
2365.0700422013438	9.0066969806323e-06
2368.1616370277507	9.043522440936737e-06
2371.2532318541575	9.080430790310155e-06
2374.344826680565	9.117422428309993e-06
2377.4364215069713	9.15449774916463e-06
2380.528016333379	9.191657142439503e-06
2383.6196111597856	9.228900991704837e-06
2386.7112059861925	9.266229675867933e-06
2389.8028008126	9.303643569173143e-06
2392.8943956390067	9.341143040979849e-06
2395.9859904654136	9.378728455318348e-06
2399.0775852918205	9.416400172000098e-06
2402.169180118228	9.454158546617707e-06
2405.2607749446347	9.492003929656762e-06
2408.3523697710416	9.529936667606034e-06
2411.4439645974485	9.567957102735457e-06
2414.5355594238554	9.606065572429986e-06
2417.6271542502627	9.644262410965937e-06
2420.7187490766696	9.682547948178747e-06
2423.8103439030765	9.720922509240908e-06
2426.9019387294834	9.759386416660386e-06
2429.9935335558907	9.797939988060147e-06
2433.0851283822976	9.836583538176601e-06
2436.176723208704	9.875317377527289e-06
2439.2683180351114	9.914141813299099e-06
2442.3599128615183	9.953057149126192e-06
2445.451507687925	9.992063684867974e-06
2448.5431025143325	1.0031161717719327e-05
2451.6346973407394	1.0070351541100361e-05
2454.7262921671463	1.0109633444878474e-05
2457.817886993553	1.0149007716700623e-05
2460.9094818199605	1.0188474639994915e-05
2464.001076646367	1.0228034495746963e-05
2467.0926714727743	1.0267687562055805e-05
2470.184266299181	1.030743411346776e-05
2473.275861125588	1.034727442253075e-05
2476.367455951995	1.0387208758239987e-05
2479.4590507784023	1.0427237387148183e-05
2482.550645604809	1.0467360573143507e-05
2485.642240431216	1.050757857700553e-05
2488.7338352576235	1.0547891657515403e-05
2491.8254300840304	1.0588300070567699e-05
2494.9170249104372	1.0628804069614492e-05
2498.008619736844	1.0669403905887437e-05
2501.1002145632515	1.0710099827509537e-05
2504.1918093896584	1.0750892081049495e-05
2507.283404216065	1.0791780910411465e-05
2510.374999042472	1.083276655727918e-05
2513.466593868879	1.0873849261115914e-05
2516.558188695286	1.0915029258942433e-05
2519.649783521693	1.0956306786225226e-05
2522.7413783481	1.0997682075988265e-05
2525.832973174507	1.1039155358813036e-05
2528.924568000914	1.1080726864392838e-05
2532.016162827321	1.1122396819090333e-05
2535.1077576537277	1.1164165448379975e-05
2538.1993524801355	1.1206032975293739e-05
2541.2909473065415	1.1247999621087226e-05
2544.3825421329493	1.1290065605461753e-05
2547.474136959356	1.1332231146342261e-05
2550.5657317857626	1.1374496459211203e-05
2553.65732661217	1.1416861758884906e-05
2556.748921438577	1.145932725751515e-05
2559.840516264984	1.1501893166365545e-05
2562.9321110913907	1.1544559694701293e-05
2566.023705917798	1.1587327050233293e-05
2569.115300744205	1.1630195439118128e-05
2572.206895570612	1.1673165066180098e-05
2575.2984903970187	1.1716236134467178e-05
2578.3900852234256	1.1759408845917098e-05
2581.481680049833	1.1802683400691226e-05
2584.5732748762393	1.1846059997840715e-05
2587.6648697026467	1.1889538834862421e-05
2590.7564645290536	1.1933120107920912e-05
2593.848059355461	1.197680401162644e-05
2596.9396541818674	1.2020590739923142e-05
2600.0312490082747	1.2064480484978792e-05
2603.1228438346816	1.2108473437850931e-05
2606.214438661088	1.2152569788486882e-05
2609.3060334874954	1.2196769725279667e-05
2612.3976283139027	1.224107343573412e-05
2615.48922314031	1.2285481106466896e-05
2618.580817966716	1.2329992922318281e-05
2621.672412793124	1.2374609067462457e-05
2624.7640076195307	1.2419329725185405e-05
2627.8556024459376	1.2464155077218802e-05
2630.9471972723445	1.2509085304184091e-05
2634.0387920987514	1.2554120586480688e-05
2637.1303869251587	1.2599261102731647e-05
2640.221981751565	1.2644507030893865e-05
2643.3135765779725	1.2689858548036102e-05
2646.4051714043794	1.2735315829894826e-05
2649.4967662307868	1.2780879051540362e-05
2652.588361057193	1.2826548387598952e-05
2655.6799558836	1.2872324010920507e-05
2658.7715507100074	1.2918206094132864e-05
2661.8631455364143	1.2964194808753645e-05
2664.954740362821	1.301029032563433e-05
2668.046335189228	1.3056492814516204e-05
2671.1379300156354	1.3102802444474386e-05
2674.229524842042	1.3149219384139914e-05
2677.321119668449	1.3195743800811583e-05
2680.4127144948566	1.3242375861344066e-05
2683.5043093212635	1.328911573192592e-05
2686.5959041476704	1.3335963577857513e-05
2689.6874989740772	1.3382919563773089e-05
2692.7790938004846	1.3429983853418712e-05
2695.8706886268915	1.3477156610096354e-05
2698.9622834532984	1.3524437996663889e-05
2702.0538782797053	1.3571828174646946e-05
2705.145473106112	1.3619327305571136e-05
2708.237067932519	1.3666935550073886e-05
2711.328662758926	1.3714653068126522e-05
2714.4202575853333	1.3762480019034199e-05
2717.51185241174	1.3810416561880044e-05
2720.603447238147	1.3858462854636949e-05
2723.695042064554	1.3906619055277836e-05
2726.786636890961	1.395488532044333e-05
2729.878231717368	1.4003261807218157e-05
2732.9698265437746	1.4051748671354763e-05
2736.061421370182	1.4100346068161528e-05
2739.1530161965893	1.4149054153168858e-05
2742.2446110229957	1.4197873080352847e-05
2745.3362058494026	1.424680300368961e-05
2748.42780067581	1.429584407693319e-05
2751.5193955022173	1.4344996453171505e-05
2754.6109903286238	1.43942602846043e-05
2757.702585155031	1.4443635723431327e-05
2760.794179981438	1.4493122921408229e-05
2763.8857748078453	1.454272202962453e-05
2766.9773696342518	1.4592433198725655e-05
2770.068964460659	1.4642256579357041e-05
2773.160559287066	1.4692192321053893e-05
2776.2521541134724	1.4742240573795503e-05
2779.34374893988	1.4792401486228908e-05
2782.4353437662867	1.4842675207445224e-05
2785.526938592694	1.4893061885425342e-05
2788.6185334191005	1.4943561668594243e-05
2791.710128245508	1.49941747042667e-05
2794.8017230719147	1.504490113953542e-05
2797.8933178983216	1.509574112149313e-05
2800.9849127247285	1.5146694796788436e-05
2804.0765075511354	1.5197762311403858e-05
2807.168102377543	1.5248943811099833e-05
2810.259697203949	1.5300239441858843e-05
2813.351292030357	1.5351649348331144e-05
2816.442886856764	1.5403173675833075e-05
2819.5344816831707	1.5454812568792815e-05
2822.6260765095776	1.5506566171638547e-05
2825.7176713359845	1.5558434628354373e-05
2828.809266162392	1.5610418082258244e-05
2831.9008609887987	1.5662516677334262e-05
2834.9924558152056	1.5714730556234227e-05
2838.0840506416125	1.5767059862276126e-05
2841.17564546802	1.5819504737667686e-05
2844.2672402944263	1.587206532506072e-05
2847.358835120833	1.5924741766218888e-05
2850.4504299472405	1.597753420334992e-05
2853.5420247736474	1.6030442777773377e-05
2856.6336196000543	1.6083467630808803e-05
2859.725214426461	1.613660890377577e-05
2862.8168092528686	1.61898667373277e-05
2865.908404079276	1.6243241272340052e-05
2868.9999989056823	1.6296732649022164e-05
2872.091593732089	1.6350341007805416e-05
2875.1831885584966	1.640406648823301e-05
2878.274783384903	1.6457909230514272e-05
2881.3663782113103	1.651186937419242e-05
2884.4579730377177	1.6565947058366545e-05
2887.5495678641246	1.662014242235782e-05
2890.6411626905315	1.6674455605265334e-05
2893.7327575169384	1.672888674574413e-05
2896.8243523433453	1.6783435982227183e-05
2899.9159471697526	1.6838103453591546e-05
2903.007541996159	1.689288929760407e-05
2906.0991368225664	1.6947793652475688e-05
2909.1907316489733	1.700281665597325e-05
2912.28232647538	1.7057958446085626e-05
2915.373921301787	1.711321916035764e-05
2918.465516128194	1.7168598935889985e-05
2921.5571109546013	1.7224097910005417e-05
2924.6487057810077	1.7279716220026688e-05
2927.740300607415	1.733545400261043e-05
2930.831895433822	1.73913113946353e-05
2933.9234902602298	1.7447288532535877e-05
2937.0150850866357	1.7503385553190812e-05
2940.106679913043	1.755960259259062e-05
2943.1982747394504	1.7615939786947803e-05
2946.2898695658564	1.7672397272474906e-05
2949.381464392264	1.772897518516242e-05
2952.473059218671	1.7785673660556734e-05
2955.5646540450784	1.7842492834426304e-05
2958.656248871485	1.7899432842539543e-05
2961.747843697892	1.795649381999879e-05
2964.839438524299	1.8013675902128393e-05
2967.931033350706	1.807097922447473e-05
2971.022628177113	1.812840392169603e-05
2974.11422300352	1.818595012889461e-05
2977.205817829927	1.8243617980950736e-05
2980.2974126563336	1.8301407612744643e-05
2983.389007482741	1.8359319158712545e-05
2986.480602309148	1.8417352753290594e-05
2989.5721971355547	1.8475508530914967e-05
2992.6637919619616	1.8533786626243876e-05
2995.7553867883685	1.8592187173047377e-05
2998.846981614776	1.8650710305983684e-05
3001.9385764411822	1.8709356158378736e-05
3005.0301712675896	1.8768124864890777e-05
3008.121766093997	1.8827016558845737e-05
3011.213360920404	1.888603137423571e-05
3014.3049557468103	1.8945169444830728e-05
3017.3965505732176	1.900443090395676e-05
3020.488145399625	1.906381588516179e-05
3023.579740226032	1.912332452199382e-05
3026.6713350524387	1.918295694755674e-05
3029.7629298788456	1.924271329539857e-05
3032.854524705253	1.9302593698623208e-05
3035.9461195316594	1.936259829033454e-05
3039.0377143580663	1.9422727203414468e-05
3042.1293091844736	1.9482980570966876e-05
3045.2209040108805	1.9543358525873627e-05
3048.3124988372874	1.9603861200794534e-05
3051.4040936636943	1.9664488728611475e-05
3054.4956884901017	1.9725241241984256e-05
3057.5872833165085	1.9786118873572698e-05
3060.6788781429154	1.9847121755814566e-05
3063.7704729693223	1.9908250021147645e-05
3066.862067795729	1.9969503802231752e-05
3069.953662622136	2.0030883231282606e-05
3073.045257448543	2.0092388440515945e-05
3076.136852274951	2.0154019562369544e-05
3079.2284471013577	2.0215776728837077e-05
3082.3200419277646	2.0277660072134272e-05
3085.4116367541715	2.0339669724476875e-05
3088.5032315805784	2.040180581741446e-05
3091.5948264069857	2.0464068483384812e-05
3094.686421233392	2.052645785415956e-05
