0.0	-0.14929077242328592
3.097225079822949	-0.14929077242328734
6.194450159645898	-0.149373031741419
9.291675239468848	-0.1494542281467919
12.388900319291796	-0.14953435501431026
15.486125399114746	-0.14961340576617874
18.583350478937696	-0.14969137387383916
21.680575558760644	-0.14976825285991302
24.777800638583592	-0.1498440363001483
27.87502571840654	-0.14991871782536983
30.972250798229492	-0.1499922911234319
34.06947587805244	-0.15006474994117214
37.166700957875385	-0.15013608808636558
40.26392603769833	-0.15020629942967778
43.36115111752128	-0.15027537790661566
46.458376197344236	-0.15034331751947502
49.555601277167185	-0.1504101123392838
52.65282635699013	-0.1504757565077394
55.75005143681309	-0.15054024423913914
58.847276516636036	-0.15060356982230286
61.944501596459	-0.15066572762248576
65.04172667628195	-0.1507267120832811
68.13895175610489	-0.15078651772851057
71.23617683592785	-0.15084513916410205
74.3334019157508	-0.15090257107995284
77.43062699557375	-0.15095880825177693
80.5278520753967	-0.151013845542936
83.62507715521964	-0.15106767790625175
86.7223022350426	-0.151120300385799
89.81952731486555	-0.15117170811867808
92.9167523946885	-0.15122189633676528
96.01397747451145	-0.15127086036843976
99.11120255433441	-0.15131859564028646
102.20842763415736	-0.1513650976787728
105.30565271398031	-0.1514103621118985
108.40287779380327	-0.1514543846708174
111.5001028736262	-0.1514971611914294
114.59732795344917	-0.1515386876159421
117.69455303327211	-0.1515789599944003
120.79177811309508	-0.15161797448618258
123.88900319291801	-0.15165572736146363
126.98622827274096	-0.15169221500264116
130.08345335256394	-0.1517274339057264
133.18067843238688	-0.15176138068169695
136.27790351220983	-0.15179405205781102
139.37512859203278	-0.1518254448788817
142.47235367185573	-0.1518555561085109
145.5695787516787	-0.15188438283028108
148.66680383150162	-0.15191192224890454
151.76402891132457	-0.1519381716913289
154.86125399114752	-0.15196312860779804
157.95847907097047	-0.15198679057286751
161.05570415079345	-0.1520091552863737
164.15292923061637	-0.15203022057435583
167.2501543104393	-0.15204998438993006
170.3473793902623	-0.15206844481411502
173.44460447008524	-0.1520856000566079
176.54182954990816	-0.15210144845651072
179.63905462973113	-0.15211598848300575
182.73627970955408	-0.15212921873598007
185.83350478937706	-0.1521411379465981
188.9307298692	-0.1521517449778222
192.02795494902293	-0.15216103882488038
195.1251800288459	-0.15216901861568127
198.22240510866885	-0.15217568361117528
201.3196301884918	-0.15218103320566242
204.41685526831475	-0.15218506692704584
207.5140803481377	-0.1521877844370314
210.61130542796064	-0.1521891855312728
213.70853050778362	-0.152189270139462
216.80575558760657	-0.15218803832536537
219.9029806674295	-0.15218549028680506
223.00020574725247	-0.15218162635558583
226.0974308270754	-0.15217644699736718
229.19465590689836	-0.15216995281148132
232.2918809867213	-0.1521621445306968
235.38910606654426	-0.15215302302092779
238.48633114636723	-0.15214258928089003
241.58355622619015	-0.15213084444170288
244.68078130601313	-0.15211778976643836
247.77800638583608	-0.15210342664961732
250.875231465659	-0.15208775661665344
253.97245654548198	-0.1520707813232451
257.06968162530495	-0.15205250255471606
260.1669067051279	-0.15203292222530518
263.26413178495085	-0.15201204237740631
266.36135686477377	-0.15198986518075802
269.45858194459674	-0.15196639293158512
272.55580702441966	-0.15194162805169154
275.65303210424264	-0.15191557308750603
278.7502571840656	-0.1518882307090814
281.84748226388854	-0.15185960370904758
284.9447073437115	-0.15182969500152038
288.0419324235345	-0.15179850762096567
291.1391575033574	-0.15176604472102095
294.23638258318033	-0.1517323095732746
297.3336076630033	-0.1516973055660041
300.4308327428262	-0.15166103620287422
303.5280578226492	-0.1516235051015959
306.6252829024722	-0.15158471599254766
309.7225079822951	-0.15154467271735972
312.8197330621181	-0.15150337922746257
315.91695814194105	-0.15146083958260084
319.014183221764	-0.15141705794931382
322.1114083015869	-0.1513720385993836
325.20863338140987	-0.15132578590825227
328.3058584612328	-0.15127830435340908
331.40308354105576	-0.15122959851274903
334.50030862087874	-0.15117967306290417
337.59753370070166	-0.1511285327775484
340.69475878052464	-0.15107618252567762
343.7919838603476	-0.15102262726986623
346.88920894017053	-0.150967872064501
349.98643401999345	-0.15091192205399387
353.08365909981643	-0.1508547824709752
356.18088417963935	-0.15079645863446797
359.2781092594623	-0.15073695594804484
362.3753343392853	-0.1506762798979694
365.4725594191082	-0.15061443605132227
368.5697844989312	-0.15055143005411392
371.6670095787542	-0.15048726762938516
374.7642346585771	-0.15042195457529664
377.8614597384	-0.15035549676320856
380.958684818223	-0.15028790013575197
384.05590989804597	-0.15021917070489257
387.1531349778689	-0.1501493145499887
390.25036005769186	-0.15007833781584407
393.34758513751484	-0.15000624671075724
396.44481021733776	-0.14993304750456812
399.54203529716074	-0.14985874652670342
402.6392603769837	-0.1497833501642218
405.7364854568066	-0.14970686485985973
408.83371053662955	-0.14962929711007947
411.93093561645253	-0.14955065346312016
415.02816069627545	-0.14947094051705306
418.1253857760984	-0.14939016491784177
421.2226108559214	-0.1493083333574087
424.3198359357443	-0.149225452571709
427.4170610155673	-0.14914152933881222
430.5142860953903	-0.1490565704769935
433.61151117521314	-0.14897058284283443
436.7087362550361	-0.14888357332933513
439.8059613348591	-0.14879554886403795
442.903186414682	-0.14870651640716406
446.000411494505	-0.1486164829497633
449.09763657432796	-0.14852545551187837
452.1948616541509	-0.14843344114072446
455.29208673397386	-0.14834044690888398
458.38931181379684	-0.14824647991251858
461.4865368936197	-0.1481515472695978
464.5837619734427	-0.14805565611814614
467.68098705326565	-0.1479588136145082
470.7782121330886	-0.1478610269316332
473.87543721291155	-0.1477623032573794
476.97266229273447	-0.14766264979283847
480.0698873725575	-0.14756207375068092
483.1671124523804	-0.14746058235352277
486.26433753220334	-0.14735818283231414
489.3615626120263	-0.1472548824247499
492.45878769184924	-0.14715068837370335
495.55601277167216	-0.1470456079256826
498.6532378514952	-0.1469396483293107
501.7504629313181	-0.14683281683382945
504.84768801114103	-0.14672512068762752
507.94491309096406	-0.1466165671367926
511.042138170787	-0.14650716342368894
514.1393632506099	-0.14639691678555905
517.2365883304329	-0.14628583445315133
520.3338134102559	-0.14617392364937248
523.4310384900788	-0.14606119158796602
526.5282635699018	-0.1459476454722161
529.6254886497246	-0.14583329249367732
532.7227137295475	-0.14571813983093077
535.8199388093706	-0.14560219464836574
538.9171638891935	-0.14548546409498786
542.0143889690164	-0.14536795530325333
545.1116140488394	-0.14524967538792932
548.2088391286624	-0.14513063144498078
551.3060642084854	-0.14501083055048342
554.4032892883083	-0.14489027975956262
557.5005143681312	-0.14476898610535907
560.5977394479543	-0.1446469565980201
563.6949645277772	-0.1445241982237171
566.7921896076001	-0.14440071794368894
569.8894146874231	-0.14427652269331148
572.9866397672461	-0.14415161938119228
576.083864847069	-0.1440260148882913
579.181089926892	-0.14389971606706708
582.2783150067149	-0.14377272974064775
585.3755400865377	-0.1436450627020277
588.4727651663608	-0.14351672171328875
591.5699902461837	-0.14338771350484633
594.6672153260066	-0.14325804477471996
597.7644404058296	-0.143127722187828
600.8616654856526	-0.14299675237530685
603.9588905654755	-0.14286514193385333
607.0561156452985	-0.14273289742509124
610.1533407251214	-0.14260002537496091
613.2505658049444	-0.1424665322731318
616.3477908847674	-0.142332424572438
619.4450159645902	-0.14219770868833617
622.5422410444131	-0.14206239099838577
625.639466124236	-0.14192647784175103
628.7366912040588	-0.14178997551872458
631.8339162838818	-0.14165289029027275
634.9311413637047	-0.14151522837760125
638.0283664435275	-0.1413769959617421
641.1255915233504	-0.1412381991831607
644.2228166031733	-0.14109884414138285
647.3200416829961	-0.14095893689464176
650.417266762819	-0.14081848345954429
653.514491842642	-0.1406774898107563
656.6117169224649	-0.14053596188070677
659.7089420022877	-0.1403939055593102
662.8061670821106	-0.14025132669370735
665.9033921619335	-0.14010823108802348
669.0006172417563	-0.13996462450314404
672.0978423215793	-0.13982051265650738
675.1950674014022	-0.13967590122191442
678.292292481225	-0.13953079582935426
681.3895175610479	-0.13938520206484642
684.4867426408708	-0.13923912547029807
687.5839677206936	-0.1390925715433773
690.6811928005166	-0.13894554573740106
693.7784178803395	-0.13879805346123772
696.8756429601623	-0.13865010007922432
699.9728680399852	-0.13850169091109754
703.0700931198081	-0.1383528312319385
706.167318199631	-0.13820352627213095
709.2645432794538	-0.13805378121733244
712.3617683592768	-0.13790360120845824
715.4589934390997	-0.1377529913416775
718.5562185189225	-0.13760195666842193
721.6534435987454	-0.13745050219540567
724.7506686785682	-0.13729863288465693
727.8478937583911	-0.13714635365356087
730.9451188382141	-0.1369936693749129
734.0423439180369	-0.1368405848769829
737.1395689978598	-0.13668710494358957
740.2367940776826	-0.13653323431418457
743.3340191575055	-0.13637897768394636
746.4312442373284	-0.1362243397038835
749.5284693171512	-0.1360693249809469
752.6256943969742	-0.1359139380781507
755.7229194767971	-0.13575818351470215
758.8201445566199	-0.13560206576613903
761.9173696364428	-0.13544558926447572
765.0145947162657	-0.13528875839835633
768.1118197960885	-0.1351315775132157
771.2090448759114	-0.1349740509114474
774.3062699557344	-0.13481618285257874
777.4034950355572	-0.13465797755345219
780.5007201153801	-0.13449943918841362
783.597945195203	-0.1343405718895064
786.6951702750258	-0.13418137974667163
789.7923953548487	-0.134021866807954
792.8896204346717	-0.13386203707971314
795.9868455144946	-0.13370189452684025
799.0840705943174	-0.13354144307297985
802.1812956741403	-0.1333806866007562
805.2785207539632	-0.13321962895200445
808.375745833786	-0.13305827392800623
811.472970913609	-0.13289662528972937
814.5701959934319	-0.13273468675807165
817.6674210732547	-0.1325724620141084
820.7646461530776	-0.1324099546993437
823.8618712329005	-0.13224716841596504
826.9590963127233	-0.13208410672710136
830.0563213925462	-0.13192077315708378
833.1535464723692	-0.13175717119170985
836.250771552192	-0.13159330427850993
839.3479966320149	-0.1314291758270167
842.4452217118378	-0.1312647892090366
845.5424467916607	-0.13110014775892379
848.6396718714835	-0.13093525477385637
851.7368969513064	-0.1307701135141141
854.8341220311294	-0.13060472720335844
857.9313471109522	-0.13043909902891382
861.0285721907751	-0.13027323214205075
864.125797270598	-0.13010712965827026
867.2230223504208	-0.12994079465758945
870.3202474302437	-0.1297742301848284
873.4174725100667	-0.12960743924989787
876.5146975898895	-0.12944042482808818
879.6119226697124	-0.1292731898603586
882.7091477495353	-0.12910573725362742
885.8063728293581	-0.12893806988106285
888.903597909181	-0.12877019058237404
892.000822989004	-0.12860210216410262
895.0980480688269	-0.1284338073999144
898.1952731486497	-0.12826530903089123
901.2924982284726	-0.12809660976582307
904.3897233082955	-0.12792771228149968
907.4869483881183	-0.12775861922300244
910.5841734679412	-0.12758933320399587
913.6813985477642	-0.12741985680701892
916.778623627587	-0.12725019258377565
919.8758487074099	-0.1270803430554258
922.9730737872328	-0.12691031071287442
926.0702988670556	-0.12674009801706132
929.1675239468785	-0.12656970739924944
932.2647490267015	-0.12639914126131274
935.3619741065244	-0.12622840197602314
938.4591991863472	-0.12605749188733667
941.5564242661701	-0.12588641331067865
944.653649345993	-0.12571516853322787
947.7508744258158	-0.12554375981419966
950.8480995056387	-0.12537218938512798
953.9453245854615	-0.12520045945014632
957.0425496652845	-0.12502857218626728
960.1397747451074	-0.12485652974366108
963.2369998249303	-0.12468433424593255
966.3342249047532	-0.12451198779039704
969.4314499845761	-0.1243394924483547
972.5286750643988	-0.12416685026536355
975.6259001442218	-0.12399406326151086
978.7231252240447	-0.12382113343168324
981.8203503038676	-0.12364806274583513
984.9175753836905	-0.12347485314925563
988.0148004635134	-0.12330150656283384
991.1120255433361	-0.12312802488332261
994.209250623159	-0.12295440998360045
997.306475702982	-0.12278066371293199
1000.4037007828049	-0.12260678789722654
1003.5009258626277	-0.12243278433929504
1006.5981509424506	-0.12225865481910521
1009.6953760222735	-0.12208440109403496
1012.7926011020963	-0.12191002489912393
1015.8898261819191	-0.1217355279473233
1018.9870512617421	-0.12156091192974372
1022.084276341565	-0.12138617851590147
1025.181501421388	-0.12121132935396264
1028.278726501211	-0.12103636607098554
1031.3759515810336	-0.12086129027316116
1034.4731766608566	-0.12068610354605175
1037.5704017406795	-0.12051080745482758
1040.6676268205024	-0.12033540354450158
1043.7648519003253	-0.12015989334016228
1046.8620769801482	-0.11998427834720465
1049.959302059971	-0.1198085600515591
1053.0565271397938	-0.11963273991991848
1056.1537522196168	-0.11945681939996311
1059.2509772994397	-0.11928079992058399
1062.3482023792626	-0.11910468289210378
1065.4454274590855	-0.11892846970649622
1068.5426525389084	-0.11875216173760313
1071.6398776187311	-0.11857576034134981
1074.737102698554	-0.11839926685595833
1077.834327778377	-0.1182226826021588
1080.9315528582	-0.11804600888339885
1084.0287779380228	-0.1178692469860509
1087.1260030178457	-0.11769239817961775
1090.2232280976684	-0.11751546371693602
1093.3204531774913	-0.11733844483437766
1096.4176782573143	-0.1171613427520496
1099.5149033371372	-0.11698415867399141
1102.61212841696	-0.11680689378837093
1105.709353496783	-0.11662954926767816
1108.806578576606	-0.116452126268917
1111.9038036564286	-0.11627462593379524
1115.0010287362516	-0.11609704938891263
1118.0982538160745	-0.11591939774594683
1121.1954788958974	-0.11574167210183778
1124.2927039757203	-0.1155638735389699
1127.389929055543	-0.11538600312535251
1130.487154135366	-0.11520806191479853
1133.5843792151888	-0.11503005094710093
1136.6816042950118	-0.11485197124820783
1139.7788293748345	-0.11467382383039525
1142.8760544546574	-0.11449560969243833
1145.9732795344803	-0.11431732981978074
1149.0705046143032	-0.11413898518470199
1152.1677296941261	-0.11396057674648327
1155.2649547739488	-0.11378210545157129
1158.3621798537717	-0.1136035722337404
1161.4594049335947	-0.11342497801425289
1164.5566300134176	-0.11324632370201755
1167.6538550932405	-0.11306761019374661
1170.7510801730632	-0.11288883837411066
1173.8483052528861	-0.1127100091158921
1176.945530332709	-0.11253112328013676
1180.042755412532	-0.11235218171630384
1183.1399804923549	-0.11217318526241414
1186.2372055721778	-0.11199413474519662
1189.3344306520005	-0.11181503098023332
1192.4316557318234	-0.11163587477210263
1195.5288808116463	-0.11145666691452087
1198.6261058914693	-0.11127740819048229
1201.7233309712922	-0.1110980993723974
1204.820556051115	-0.11091874122222982
1207.917781130938	-0.11073933449163137
1211.0150062107607	-0.11055987992207575
1214.1122312905836	-0.11038037824499054
1217.2094563704065	-0.11020083018188774
1220.3066814502295	-0.11002123644449269
1223.4039065300524	-0.10984159773487154
1226.5011316098753	-0.10966191474555718
1229.598356689698	-0.10948218815967371
1232.695581769521	-0.10930241865105936
1235.7928068493438	-0.10912260688438799
1238.8900319291668	-0.10894275351528916
1241.9872570089897	-0.10876285919046672
1245.0844820888126	-0.10858292454781591
1248.1817071686355	-0.1084029502165393
1251.2789322484584	-0.10822293681726092
1254.3761573282814	-0.10804288496213939
1257.4733824081043	-0.10786279525497953
1260.5706074879272	-0.10768266829134247
1263.6678325677499	-0.10750250465865471
1266.7650576475728	-0.10732230493631553
1269.8622827273957	-0.10714206969580331
1272.9595078072186	-0.10696179950078048
1276.0567328870416	-0.10678149490719711
1279.1539579668645	-0.1066011564633933
1282.2511830466872	-0.10642078471020025
1285.34840812651	-0.10624038018104018
1288.445633206333	-0.10605994340202482
1291.542858286156	-0.10587947489205282
1294.6400833659789	-0.10569897516290595
1297.7373084458018	-0.10551844471934399
1300.8345335256247	-0.10533788405919854
1303.9317586054474	-0.10515729367346559
1307.0289836852703	-0.10497667404639689
1310.1262087650932	-0.1047960256555903
1313.2234338449161	-0.10461534897207893
1316.320658924739	-0.10443464446041902
1319.417884004562	-0.10425391257877696
1322.5151090843847	-0.10407315377901497
1325.6123341642076	-0.10389236850677594
1328.7095592440305	-0.10371155720156686
1331.8067843238534	-0.10353072029684149
1334.9040094036764	-0.10334985822008187
1338.0012344834993	-0.1031689713928787
1341.098459563322	-0.1029880602310108
1344.195684643145	-0.1028071251445235
1347.2929097229678	-0.10262616653780608
1350.3901348027907	-0.10244518480966809
1353.4873598826136	-0.10226418035341486
1356.5845849624366	-0.10208315355692185
1359.6818100422595	-0.1019021048027082
1362.7790351220822	-0.10172103446800922
1365.876260201905	-0.10153994292484798
1368.973485281728	-0.101358830540106
1372.070710361551	-0.10117769767559295
1375.1679354413739	-0.10099654468811553
1378.2651605211968	-0.10081537192954536
1381.3623856010195	-0.10063417974688606
1384.4596106808424	-0.10045296848233942
1387.5568357606653	-0.10027173847337072
1390.6540608404882	-0.10009049005277314
1393.7512859203111	-0.09990922354873145
1396.848511000134	-0.09972793928488471
1399.945736079957	-0.09954663758038829
1403.0429611597797	-0.09936531874997491
1406.1401862396026	-0.0991839831040151
1409.2374113194255	-0.09900263094857661
1412.3346363992484	-0.09882126258548328
1415.4318614790714	-0.0986398783123729
1418.5290865588943	-0.09845847842275451
1421.626311638717	-0.09827706320606482
1424.72353671854	-0.09809563294772389
1427.8207617983628	-0.09791418792919014
1430.9179868781857	-0.09773272842801459
1434.0152119580086	-0.09755125471789426
1437.1124370378316	-0.09736976706872519
1440.2096621176545	-0.09718826574665433
1443.3068871974772	-0.09700675101413106
1446.4041122773	-0.09682522312995792
1449.501337357123	-0.09664368234934058
1452.598562436946	-0.09646212892393728
1455.6957875167689	-0.09628056310190752
1458.7930125965918	-0.0960989851279602
1461.8902376764145	-0.09591739524340087
1464.9874627562374	-0.09573579368617871
1468.0846878360603	-0.09555418069093256
1471.1819129158832	-0.09537255648903653
1474.2791379957062	-0.09519092130864489
1477.376363075529	-0.0950092753747364
1480.4735881553518	-0.09482761890915806
1483.5708132351747	-0.09464595213066823
1486.6680383149976	-0.0944642752549792
1489.7652633948205	-0.09428258849479916
1492.8624884746434	-0.09410089205987363
1495.9597135544664	-0.09391918615702631
1499.0569386342893	-0.09373747099019941
1502.154163714112	-0.0935557467604934
1505.251388793935	-0.09337401366620621
1508.3486138737578	-0.09319227190287196
1511.4458389535807	-0.09301052166329914
1514.5430640334037	-0.09282876313760818
1517.6402891132266	-0.09264699651326874
1520.7375141930493	-0.0924652219751362
1523.8347392728722	-0.09228343970548784
1526.931964352695	-0.0921016498840586
1530.029189432518	-0.09191985268807608
1533.126414512341	-0.09173804829229533
1536.2236395921639	-0.09155623686903305
1539.3208646719868	-0.09137441858820132
1542.4180897518095	-0.09119259361734092
1545.5153148316324	-0.0910107621216541
1548.6125399114553	-0.09082892426403705
1551.7097649912782	-0.09064708020511181
1554.8069900711012	-0.09046523010325776
1557.904215150924	-0.09028337411464274
1561.0014402307468	-0.09010151239325367
1564.0986653105697	-0.0899196450909268
1567.1958903903926	-0.08973777235737755
1570.2931154702155	-0.08955589434022988
1573.3903405500384	-0.08937401118504536
1576.4875656298614	-0.08919212303535172
1579.584790709684	-0.0890102300326711
1582.682015789507	-0.08882833231654792
1585.77924086933	-0.0886464300245763
1588.8764659491528	-0.08846452329242709
1591.9736910289757	-0.08828261225387465
1595.0709161087987	-0.0881006970408232
1598.1681411886216	-0.08791877778333268
1601.2653662684443	-0.08773685460964449
1604.3625913482672	-0.08755492764620669
1607.45981642809	-0.08737299701769895
1610.557041507913	-0.08719106284705709
1613.654266587736	-0.08700912525549735
1616.7514916675589	-0.08682718436254032
1619.8487167473816	-0.0866452402860344
1622.9459418272045	-0.0864632931421792
1626.0431669070274	-0.08628134304554833
1629.1403919868503	-0.08609939010911212
1632.2376170666732	-0.08591743444425985
1635.3348421464962	-0.08573547616082178
1638.432067226319	-0.0855535153670908
1641.5292923061418	-0.08537155216984388
1644.6265173859647	-0.08518958667436306
1647.7237424657876	-0.08500761898445638
1650.8209675456105	-0.0848256492024783
1653.9181926254332	-0.08464367742934994
1657.0154177052561	-0.08446170376457907
1660.112642785079	-0.08427972830627974
1663.209867864902	-0.08409775115119171
1666.307092944725	-0.08391577239469958
1669.4043180245476	-0.08373379213085161
1672.5015431043705	-0.08355181045237838
1675.5987681841934	-0.08336982745071113
1678.6959932640164	-0.08318784321599981
1681.793218343839	-0.08300585783713099
1684.890443423662	-0.08282387140174538
1687.9876685034849	-0.0826418839962552
1691.0848935833078	-0.08245989570586133
1694.1821186631307	-0.08227790661457014
1697.2793437429536	-0.08209591680521014
1700.3765688227763	-0.08191392635944834
1703.4737939025993	-0.08173193535780653
1706.5710189824222	-0.08154994387967708
1709.668244062245	-0.08136795200333884
1712.765469142068	-0.0811859598059725
1715.862694221891	-0.08100396736367597
1718.9599193017136	-0.08082197475147944
1722.0571443815365	-0.08063998204336023
1725.1543694613595	-0.08045798931225749
1728.2515945411824	-0.08027599663008664
1731.3488196210053	-0.08009400406775356
1734.4460447008282	-0.07991201169516883
1737.5432697806511	-0.07973001958126136
1740.6404948604738	-0.07954802779399224
1743.7377199402968	-0.07936603640036813
1746.8349450201197	-0.07918404546645455
1749.9321700999426	-0.07900205505738904
1753.0293951797655	-0.078820065237394
1756.1266202595884	-0.0786380760697895
1759.2238453394111	-0.07845608761700577
1762.321070419234	-0.07827409994059567
1765.418295499057	-0.07809211310124685
1768.51552057888	-0.07791012715879377
1771.6127456587028	-0.07772814217222962
1774.7099707385257	-0.077546158199718
1777.8071958183486	-0.07736417529860448
1780.9044208981713	-0.07718219352542795
1784.0016459779943	-0.07700021293593186
1787.0988710578172	-0.0768182335850753
1790.19609613764	-0.07663625552704384
1793.293321217463	-0.0764542788152604
1796.390546297286	-0.07627230350239572
1799.4877713771086	-0.07609032964037896
1802.5849964569315	-0.07590835728040782
1805.6822215367545	-0.0757263864729589
1808.7794466165774	-0.07554441726779758
1811.8766716964003	-0.07536244971398799
1814.9738967762232	-0.07518048385990267
1818.071121856046	-0.07499851975323223
1821.1683469358688	-0.07481655744099477
1824.2655720156918	-0.07463459696954532
1827.3627970955147	-0.07445263838458487
1830.4600221753376	-0.07427068173116957
1833.5572472551605	-0.07408872705371967
1836.6544723349834	-0.0739067743960283
1839.7516974148061	-0.07372482380127016
1842.848922494629	-0.0735428753120101
1845.946147574452	-0.07336092897021161
1849.043372654275	-0.07317898481724508
1852.1405977340978	-0.07299704289389608
1855.2378228139207	-0.07281510324037338
1858.3350478937434	-0.07263316589631705
1861.4322729735663	-0.0724512309008062
1864.5294980533893	-0.07226929829236683
1867.6267231332122	-0.07208736810897942
1870.723948213035	-0.0719054403880865
1873.821173292858	-0.07172351516660008
1876.918398372681	-0.071541592480909
1880.0156234525036	-0.07135967236688605
1883.1128485323266	-0.07117775485989525
1886.2100736121495	-0.07099583999479873
1889.3072986919724	-0.07081392780596375
1892.4045237717953	-0.07063201832726942
1895.5017488516182	-0.07045011159211355
1898.598973931441	-0.07026820763341914
1901.6961990112638	-0.07008630648364099
1904.7934240910868	-0.0699044081747722
1907.8906491709095	-0.06972251273835035
1910.9878742507326	-0.06954062020546395
1914.0850993305553	-0.06935873060675847
1917.1823244103784	-0.06917684397244245
1920.2795494902011	-0.06899496033229355
1923.3767745700243	-0.0688130797156644
1926.473999649847	-0.06863120215148844
1929.5712247296697	-0.06844932766828565
1932.6684498094928	-0.06826745629416826
1935.7656748893155	-0.06808558805684624
1938.8628999691387	-0.06790372298363283
1941.9601250489613	-0.06772186110145001
1945.0573501287845	-0.06754000243683378
1948.1545752086072	-0.0673581470159394
1951.2518002884299	-0.06717629486454665
1954.349025368253	-0.06699444600806492
1957.4462504480757	-0.06681260047153817
1960.5434755278989	-0.06663075827965002
1963.6407006077216	-0.06644891945672855
1966.7379256875447	-0.06626708402675113
1969.8351507673674	-0.06608525201334924
1972.93237584719	-0.06590342343981306
1976.0296009270132	-0.06572159832909619
1979.126826006836	-0.06553977670382005
1982.224051086659	-0.06535795858627855
1985.3212761664818	-0.06517614399844233
1988.4185012463045	-0.06499433296196325
1991.5157263261276	-0.06481252549817856
1994.6129514059503	-0.06463072162811524
1997.7101764857734	-0.06444892137249407
2000.8074015655961	-0.0642671247517338
2003.9046266454193	-0.06408533178595513
2007.001851725242	-0.06390354249498476
2010.0990768050647	-0.06372175689835927
2013.1963018848878	-0.06353997501532899
2016.2935269647105	-0.06335819686486184
2019.3907520445337	-0.06317642246564704
2022.4879771243563	-0.06299465183609884
2025.5852022041795	-0.06281288499436018
2028.6824272840022	-0.0626311219583062
2031.7796523638249	-0.06244936274554784
2034.876877443648	-0.062267607373435375
2037.9741025234707	-0.0620858558590617
2041.0713276032939	-0.06190410821926583
2044.1685526831166	-0.061722364470636185
2047.2657777629393	-0.06154062462951389
2050.3630028427624	-0.06135888871199595
2053.460227922585	-0.06117715673393851
2056.5574530024082	-0.06099542871095993
2059.654678082231	-0.060813704658443886
2062.751903162054	-0.06063198459154242
2065.8491282418768	-0.060450268525178916
2068.9463533216995	-0.06026855647405106
2072.0435784015226	-0.06008684845263374
2075.1408034813453	-0.059905144475181894
2078.2380285611684	-0.05972344455573332
2081.335253640991	-0.059541748708111485
2084.4324787208143	-0.0593600569459282
2087.529703800637	-0.05917836928258633
2090.6269288804597	-0.05899668573128246
2093.724153960283	-0.05881500630500944
2096.8213790401055	-0.05863333101655901
2099.9186041199287	-0.058451659878524284
2103.0158291997514	-0.05826999290330223
2106.1130542795745	-0.05808833010309615
2109.210279359397	-0.05790667148991803
2112.30750443922	-0.057725017075590954
2115.404729519043	-0.05754336687175141
2118.5019545988657	-0.05736172088985159
2121.599179678689	-0.057180079141161654
2124.6964047585116	-0.056998441636771896
2127.7936298383343	-0.056816808387595
2130.8908549181574	-0.05663517940436815
2133.98807999798	-0.05645355469765513
2137.0853050778032	-0.05627193427784843
2140.182530157626	-0.05609031815517127
2143.279755237449	-0.05590870633967962
2146.376980317272	-0.05572709884126418
2149.4742053970945	-0.05554549566965231
2152.5714304769176	-0.05536389683440995
2155.6686555567403	-0.05518230234494348
2158.7658806365635	-0.055000712210501616
2161.863105716386	-0.05481912644017716
2164.9603307962093	-0.05463754504290885
2168.057555876032	-0.054455968027483065
2171.1547809558547	-0.054274395402535563
2174.252006035678	-0.05409282717655318
2177.3492311155005	-0.053911263357875494
2180.4464561953237	-0.053729703954696464
2183.5436812751464	-0.05354814897506601
2186.640906354969	-0.05336659842689162
2189.738131434792	-0.05318505231793988
2192.835356514615	-0.05300351065583802
2195.932581594438	-0.05282197344807536
2199.0298066742607	-0.05264044070200483
2202.127031754084	-0.05245891242484435
2205.2242568339066	-0.052277388623678304
2208.3214819137293	-0.05209586930545887
2211.4187069935524	-0.05191435447700742
2214.515932073375	-0.051732844145015826
2217.6131571531982	-0.05155133831604776
2220.710382233021	-0.05136983699654001
2223.807607312844	-0.05118834019280372
2226.904832392667	-0.051006847911025596
2230.0020574724895	-0.05082536015726913
2233.0992825523126	-0.0506438769374758
2236.1965076321353	-0.05046239825746622
2239.2937327119585	-0.05028092412294124
2242.390957791781	-0.050099454539483085
2245.488182871604	-0.04991798951255645
2248.585407951427	-0.04973652904750954
2251.6826330312497	-0.04955507314957511
2254.779858111073	-0.049373621823871505
2257.8770831908955	-0.049192175075403625
2260.9743082707187	-0.049010732909063916
2264.0715333505414	-0.04882929532963331
2267.168758430364	-0.04864786234178215
2270.265983510187	-0.04846643395007111
2273.36320859001	-0.04828501015895205
2276.460433669833	-0.04810359097276891
2279.5576587496557	-0.04792217639575851
2282.654883829479	-0.04774076643205143
2285.7521089093016	-0.04755936108567274
2288.8493339891243	-0.04737796036054281
2291.9465590689474	-0.047196564260478066
2295.04378414877	-0.047015172789191734
2298.1410092285932	-0.04683378595029452
2301.238234308416	-0.04665240374729534
2304.335459388239	-0.04647102618360198
2307.432684468062	-0.04628965326252175
2310.5299095478845	-0.04610828498726212
2313.6271346277076	-0.04592692136093134
2316.7243597075303	-0.04574556238653902
2319.8215847873535	-0.045564208066996716
2322.918809867176	-0.04538285840511849
2326.016034946999	-0.045201513403621434
2329.113260026822	-0.0450201730651262
2332.2104851066447	-0.04483883739215749
2335.307710186468	-0.04465750638714454
2338.4049352662905	-0.044476180052421564
2341.5021603461137	-0.04429485839022824
2344.5993854259364	-0.04411354140271007
2347.696610505759	-0.043932229091918844
2350.793835585582	-0.04375092145981297
2353.891060665405	-0.0435696185082579
2356.988285745228	-0.04338832023902642
2360.0855108250507	-0.04320702665379903
2363.182735904874	-0.04302573775416424
2366.2799609846966	-0.04284445354161884
2369.3771860645193	-0.04266317401756821
2372.4744111443424	-0.042481899183326545
2375.571636224165	-0.04230062904011714
2378.6688613039883	-0.04211936358907257
2381.766086383811	-0.04193810283123492
2384.8633114636336	-0.041756846767555936
2387.960536543457	-0.041575595398897255
2391.0577616232795	-0.0413943487260305
2394.1549867031026	-0.041213106749637414
2397.2522117829253	-0.041031869470310026
2400.3494368627485	-0.0408506368885507
2403.446661942571	-0.04066940900477223
2406.543887022394	-0.040488185819297896
2409.641112102217	-0.040306967332361526
2412.7383371820397	-0.04012575354410751
2415.835562261863	-0.039944544454590815
2418.9327873416855	-0.03976334006377695
2422.0300124215087	-0.03958214037154199
2425.1272375013314	-0.039400945377672504
2428.224462581154	-0.03921975508186546
2431.321687660977	-0.039038569483728226
2434.4189127408	-0.038857388582778395
2437.516137820623	-0.03867621237844372
2440.6133629004457	-0.03849504087006197
2443.710587980269	-0.038313874056880755
2446.8078130600916	-0.03813271193805741
2449.9050381399143	-0.03795155451265876
2453.0022632197374	-0.03777040177966094
2456.09948829956	-0.037589253737949184
2459.196713379383	-0.03740811038631756
2462.293938459206	-0.03722697172346874
2465.3911635390286	-0.03704583774801371
2468.488388618852	-0.03686470845847148
2471.5856136986745	-0.036683583853268774
2474.682838778497	-0.036502463930739706
2477.7800638583203	-0.036321348689125434
2480.877288938143	-0.03614023812657378
2483.9745140179657	-0.035959132241138864
2487.071739097789	-0.035778031030780706
2490.1689641776115	-0.03559693449336478
2493.2661892574347	-0.03541584262666161
2496.3634143372574	-0.035234755428346275
2499.46063941708	-0.035053672895997964
2502.557864496903	-0.034872595027099475
2505.655089576726	-0.03469152181903668
2508.752314656549	-0.03451045326909803
2511.8495397363718	-0.03432938937447397
2514.9467648161944	-0.03414833013225637
2518.0439898960176	-0.03396727553943797
2521.1412149758403	-0.03378622559291173
2524.238440055663	-0.03360518028947022
2527.335665135486	-0.03342413962580497
2530.432890215309	-0.03324310359850579
2533.530115295132	-0.033062072204060114
2536.6273403749547	-0.03288104543885224
2539.724565454778	-0.03270002329916265
2542.8217905346005	-0.03251900578116724
2545.919015614423	-0.03233799288093654
2549.0162406942463	-0.032156984594434945
2552.113465774069	-0.0319759809175199
2555.210690853892	-0.03179498184594105
2558.307915933715	-0.031613987375339415
2561.405141013538	-0.03143299750124649
2564.5023660933607	-0.031252012219083386
2567.5995911731834	-0.03107103152415985
2570.6968162530065	-0.030890055411673403
2573.7940413328292	-0.03070908387670832
2576.8912664126524	-0.03052811691423467
2579.988491492475	-0.030347154519107335
2583.085716572298	-0.030166196686064926
2586.182941652121	-0.029985243409728787
2589.2801667319436	-0.02980429468460189
2592.3773918117668	-0.02962335050506775
2595.4746168915894	-0.029442410865389318
2598.5718419714126	-0.029261475759707806
2601.6690670512353	-0.029080545182041548
2604.766292131058	-0.02889961912628481
2607.863517210881	-0.028718697586206543
2610.960742290704	-0.02853778055544919
2614.057967370527	-0.028356868027527387
2617.1551924503497	-0.0281759599958267
2620.252417530173	-0.027995056453602268
2623.3496426099955	-0.02781415739397752
2626.446867689818	-0.027633262809942778
2629.5440927696413	-0.027452372694353862
2632.641317849464	-0.027271487039930684
2635.738542929287	-0.027090605839255807
2638.83576800911	-0.026909729084772967
2641.932993088933	-0.026728856768785572
2645.0302181687557	-0.026547988883455186
2648.1274432485784	-0.02636712542079998
2651.2246683284015	-0.026186266372693136
2654.3218934082242	-0.026005411730861256
2657.4191184880474	-0.025824561486882714
2660.51634356787	-0.025643715632185985
2663.613568647693	-0.02546287415804796
2666.710793727516	-0.025282037055592226
2669.8080188073386	-0.025101204315787294
2672.9052438871618	-0.024920375929444828
2676.0024689669845	-0.024739551887217822
2679.0996940468076	-0.024558732179598766
2682.1969191266303	-0.02437791679691775
2685.294144206453	-0.024197105729340564
2688.391369286276	-0.02401629896686677
2691.488594366099	-0.023835496499327702
2694.585819445922	-0.023654698316384486
2697.6830445257447	-0.023473904407525975
2700.780269605568	-0.0232931147620667
2703.8774946853905	-0.023112329369144757
2706.974719765213	-0.022931548217719654
2710.0719448450363	-0.02275077129657014
2713.169169924859	-0.02256999859429201
2716.266395004682	-0.02238923009929584
2719.363620084505	-0.022208465799804705
2722.460845164328	-0.02202770568385187
2725.5580702441507	-0.021846949739278435
2728.6552953239734	-0.021666197953730926
2731.7525204037966	-0.02148545031465888
2734.8497454836192	-0.021304706809312367
2737.9469705634424	-0.021123967424739487
2741.044195643265	-0.020943232147783816
2744.141420723088	-0.02076250096508182
2747.238645802911	-0.020581773863060236
2750.3358708827336	-0.020401050827933392
2753.4330959625568	-0.020220331845700504
2756.5303210423795	-0.020039616902142923
2759.6275461222026	-0.019858905982821334
2762.7247712020253	-0.01967819907307294
2765.821996281848	-0.01949749615800855
2768.919221361671	-0.019316797222509684
2772.016446441494	-0.019136102251225588
2775.113671521317	-0.018955411228570224
2778.2108966011397	-0.018774724138719206
2781.308121680963	-0.01859404096560671
2784.4053467607855	-0.01841336169292229
2787.502571840608	-0.01823268630410771
2790.5997969204313	-0.018052014782353677
2793.697022000254	-0.017871347110596545
2796.794247080077	-0.017690683271514972
2799.8914721599	-0.017510023247526516
2802.9886972397226	-0.017329367020784196
2806.0859223195457	-0.017148714573172984
2809.1831473993684	-0.01696806588630626
2812.2803724791916	-0.0167874209415222
2815.3775975590142	-0.01660677971988013
2818.4748226388374	-0.016426142202156793
2821.57204771866	-0.016245508368842605
2824.669272798483	-0.016064878200137817
2827.766497878306	-0.01588425167594864
2830.8637229581286	-0.015703628775883317
2833.9609480379518	-0.015523009479248107
2837.0581731177745	-0.015342393765043252
2840.1553981975976	-0.015161781611958854
2843.2526232774203	-0.01498117299837071
2846.349848357243	-0.014800567902336064
2849.447073437066	-0.014619966301589326
2852.544298516889	-0.014439368173537701
2855.641523596712	-0.014258773495256775
2858.7387486765347	-0.014078182243486023
2861.8359737563574	-0.013897594394624253
2864.9331988361805	-0.013717009924724997
2868.030423916003	-0.013536428809491817
2871.1276489958263	-0.013355851024273552
2874.224874075649	-0.013175276544059497
2877.322099155472	-0.012994705343474503
2880.419324235295	-0.012814137396774027
2883.5165493151176	-0.012633572677839077
2886.6137743949407	-0.01245301116017112
2889.7109994747634	-0.012272452816886888
2892.8082245545866	-0.012091897620713124
2895.9054496344093	-0.01191134554398125
2899.0026747142324	-0.011730796558621954
2902.099899794055	-0.0115502506361597
2905.197124873878	-0.011369707747707163
2908.294349953701	-0.011189167863959583
2911.3915750335236	-0.011008630955189027
2914.4888001133468	-0.010828096991238585
2917.5860251931695	-0.010647565941516472
2920.6832502729926	-0.01046703777499005
2923.7804753528153	-0.010286512460179758
2926.877700432638	-0.01010598996515296
2929.974925512461	-0.00992547025751771
2933.072150592284	-0.00974495330441641
2936.169375672107	-0.009564439072519396
2939.2666007519297	-0.009383927528018424
2942.3638258317524	-0.009203418636620062
2945.4610509115755	-0.009022912363538985
2948.558275991398	-0.008842408673491184
2951.6555010712214	-0.008661907530687069
2954.752726151044	-0.008481408898824469
2957.849951230867	-0.008300912741081549
2960.94717631069	-0.008120419020109612
2964.0444013905126	-0.007939927698025796
2967.1416264703357	-0.007759438736405682
2970.2388515501584	-0.0075789520962757755
2973.3360766299816	-0.007398467738105904
2976.4333017098043	-0.007217985621801485
2979.5305267896274	-0.007037505706695694
2982.62775186945	-0.006857027951541524
2985.724976949273	-0.006676552314503724
2988.822202029096	-0.006496078753150624
2991.9194271089186	-0.006315607224445848
2995.016652188742	-0.006135137684739908
2998.1138772685645	-0.005954670089761671
3001.211102348387	-0.005774204394609714
3004.3083274282103	-0.00559374055374355
3007.405552508033	-0.005413278520974734
3010.502777587856	-0.005232818249457834
3013.600002667679	-0.005052359691681283
3016.697227747502	-0.0048719027994580935
3019.7944528273247	-0.004691447523916445
3022.8916779071474	-0.004510993815490135
3025.9889029869705	-0.004330541623908894
3029.086128066793	-0.004150090898188563
3032.1833531466164	-0.003969641586621131
3035.280578226439	-0.0037891936367646347
3038.377803306262	-0.003608746995432906
3041.475028386085	-0.0034283016086851825
3044.5722534659076	-0.003247857421815566
3047.6694785457307	-0.0030674143793423306
3050.7667036255534	-0.0028869724249970807
3053.8639287053766	-0.0027065315017137533
3056.9611537851993	-0.002526091551617465
3060.0583788650224	-0.002345652516013201
3063.155603944845	-0.0021652143353743402
3066.252829024668	-0.0019847769493310198
3069.350054104491	-0.0018043402966583357
3072.4472791843136	-0.0016239043152643708
3075.544504264137	-0.0014434689421780572
3078.6417293439595	-0.001263034113536863
3081.738954423782	-0.001082599764574307
3084.8361795036053	-0.0009021658296072918
3087.933404583428	-0.0007217322420232608
3091.030629663251	-0.0005412989342671698
3094.127854743074	-0.0003608658378282745
3097.225079822897	-0.00018043288322673018
3097.225079822949	0.0
