0.0	-0.14999999926313604
3.0915948264069852	-0.1470329719127672
6.1831896528139705	-0.14412473651222604
9.274784479220957	-0.14127412206410137
12.366379305627941	-0.13847998124515404
15.457974132034927	-0.13574118990736045
18.549568958441913	-0.13305664659063807
21.6411637848489	-0.13042527204691248
24.732758611255882	-0.1278460087752072
27.824353437662868	-0.12531782056743537
30.915948264069854	-0.1228396920646
34.00754309047684	-0.1204106283231096
37.09913791688383	-0.11802965439092841
40.19073274329081	-0.11569581489329875
43.2823275696978	-0.11340817362776864
46.37392239610478	-0.11116581316828265
49.465517222511764	-0.1089678344780876
52.557112048918746	-0.10681335653122759
55.648706875325736	-0.10470151594239777
58.740301701732726	-0.1026314666049446
61.83189652813971	-0.10060237933680025
64.92349135454668	-0.09861344153414928
68.01508618095367	-0.09666385683263352
71.10668100736066	-0.09475284477590208
74.19827583376765	-0.09287964049132712
77.28987066017463	-0.0910434943727045
80.38146548658162	-0.08924367176977124
83.47306031298861	-0.08747945268436828
86.5646551393956	-0.08575013147309236
89.65624996580257	-0.08405501655627753
92.74784479220956	-0.08239343013315527
95.83943961861654	-0.08076470790304709
98.93103444502353	-0.07916819879244494
102.0226292714305	-0.07760326468784345
105.11422409783749	-0.07606928017418774
108.20581892424448	-0.07456563227880601
111.29741375065147	-0.07309172022070204
114.38900857705845	-0.07164695516508134
117.48060340346545	-0.07023075998299393
120.57219822987244	-0.06884256901597667
123.66379305627942	-0.06748182784557794
126.75538788268639	-0.0661479930676628
129.84698270909337	-0.06484053207138146
132.93857753550037	-0.06355892282270442
136.03017236190735	-0.06230265365241902
139.12176718831435	-0.06107122304848915
142.21336201472133	-0.05986413945268186
145.30495684112833	-0.058680921061367575
148.3965516675353	-0.05752109563040077
151.48814649394228	-0.05638420028399477
154.57974132034926	-0.05526978132750083
157.67133614675626	-0.05417739406400858
160.76293097316324	-0.0531066026146854
163.85452579957024	-0.052056979742773686
166.94612062597722	-0.05102810668116637
170.0377154523842	-0.050019572963486386
173.1293102787912	-0.04903097625859349
176.22090510519817	-0.04806192220844694
179.31249993160515	-0.04711202426924994
182.40409475801212	-0.0461809035558111
185.49568958441913	-0.0452681886890503
188.5872844108261	-0.04437351564658445
191.67887923723308	-0.04349652761633059
194.77047406364005	-0.04263687485305922
197.86206889004706	-0.041794214537838055
200.95366371645406	-0.04096821064030753
204.045258542861	-0.04015853378372484
207.136853369268	-0.03936486111272407
210.22844819567499	-0.038586876163729994
213.320043022082	-0.03782426873797768
216.41163784848897	-0.037076734777077375
219.50323267489594	-0.03634397624107687
222.59482750130294	-0.03562570098896608
225.68642232770995	-0.03492162266157791
228.7780171541169	-0.034231460566831635
231.8696119805239	-0.033554939567273644
234.9612068069309	-0.03289178996986851
238.05280163333788	-0.03224174741799112
241.14439645974488	-0.03160455278558108
244.23599128615186	-0.030979952073406702
247.32758611255883	-0.030367696307405205
250.4191809389658	-0.0297675414390477
253.51077576537278	-0.029179248247695334
256.6023705917798	-0.02860258224490084
259.69396541818674	-0.02803731358061872
262.78556024459374	-0.02748321695128532
265.87715507100074	-0.026940071509728603
268.9687498974077	-0.026407660776874935
272.0603447238147	-0.0258857725552105
275.1519395502217	-0.025374198843969048
278.2435343766287	-0.024872735756003628
281.33512920303565	-0.024381183436316227
284.42672402944265	-0.023899345982203363
287.5183188558496	-0.023427031364993526
290.60991368225666	-0.022964051353338333
293.70150850866355	-0.02251022143802814
296.7931033350706	-0.02206536075830239
299.88469816147756	-0.021629292029624166
302.97629298788456	-0.021201841472888838
306.06788781429157	-0.020782838745037505
309.1594826406985	-0.020372116871050654
312.2510774671055	-0.019969512177289008
315.3426722935125	-0.019574864226159658
318.4342671199195	-0.019188015752077108
321.5258619463265	-0.018808812598695462
324.6174567727334	-0.018437103657386617
327.7090515991405	-0.018072740806937354
330.8006464255474	-0.01771557885444335
333.89224125195443	-0.01736547547737475
336.98383607836143	-0.0170222911667908
340.0754309047684	-0.016685889171679597
343.16702573117533	-0.016356135444402085
346.2586205575824	-0.01603289858721577
349.35021538398934	-0.015716049799860545
352.44181021039634	-0.015405462828180587
355.5334050368033	-0.015101013913765888
358.6249998632103	-0.014802581744590707
361.7165946896173	-0.014510047406630339
364.80818951602424	-0.014223294336435741
367.8997843424313	-0.013942208274647537
370.99137916883825	-0.013666677220431085
374.0829739952452	-0.013396591386813053
377.1745688216522	-0.013131843156903132
380.2661636480592	-0.01287232704098194
383.35775847446615	-0.012617939634438894
386.4493533008732	-0.012368579576542513
389.5409481272801	-0.01212414751002705
392.6325429536871	-0.011884546041479118
395.7241377800941	-0.011649679702507326
398.8157326065011	-0.011419454911682649
401.9073274329081	-0.011193779937229456
404.99892225931507	-0.010972564860456674
408.090517085722	-0.010755721539911927
411.1821119121291	-0.010543163576244475
414.273706738536	-0.010334806277764433
417.3653015649431	-0.010130566626682965
420.45689639134997	-0.009930363246019657
423.548491217757	-0.009734116367165278
426.640086044164	-0.009541747798086706
429.731680870571	-0.009353180892159819
432.82327569697793	-0.009168340517619503
435.914870523385	-0.008987153027613526
439.0064653497919	-0.008809546230849244
442.0980601761989	-0.00863544936282065
445.1896550026059	-0.008464793057604092
448.2812498290129	-0.008297509320212625
451.3728446554199	-0.008133531499496508
454.46443948182684	-0.00797279426158001
457.5560343082338	-0.007815233563822702
460.64762913464085	-0.0076607866292967754
463.7392239610478	-0.007509391921768282
466.8308187874548	-0.007360989121174266
469.9224136138618	-0.00721551909958235
473.01400844026875	-0.007072923897628917
476.10560326667576	-0.006933146701419949
479.19719809308276	-0.006796131819891747
482.28879291948977	-0.00666182466261641
485.3803877458967	-0.006530171718048148
488.4719825723037	-0.00640112053219898
491.56357739871066	-0.006274619687735172
494.65517222511767	-0.006150618783489126
497.7467670515246	-0.006029068414373942
500.8383618779316	-0.005909920151696866
503.92995670433857	-0.005793126523860527
507.02155153074557	-0.005678640997447161
510.1131463571525	-0.005566417958674857
513.2047411835596	-0.005456412695223148
516.2963360099666	-0.005348581378414397
519.3879308363735	-0.005242881045751079
522.4795256627806	-0.005139269583795311
525.5711204891875	-0.0050377057113883406
528.6627153155945	-0.004938148963201576
531.7543101420015	-0.0048405596736120675
534.8459049684085	-0.004744898960898097
537.9374997948154	-0.004651128711745869
541.0290946212224	-0.004559211566062368
544.1206894476294	-0.004469110902089924
547.2122842740365	-0.004380790821813364
550.3038791004434	-0.0042942161366571465
553.3954739268503	-0.004209352353463218
556.4870687532574	-0.004126165660747497
559.5786635796644	-0.004044622915228875
562.6702584060713	-0.003964691628621153
565.7618532324783	-0.0038863399546903332
568.8534480588853	-0.0038095366765639187
571.9450428852923	-0.0037342511942940423
575.0366377116992	-0.0036604535126635897
578.1282325381062	-0.0035881142292365034
581.2198273645133	-0.0035172045226412535
584.3114221909202	-0.0034476961410878294
587.4030170173271	-0.003379561391111061
590.4946118437342	-0.0033127731265362036
593.5862066701412	-0.0032473047376629844
596.6778014965481	-0.003183130140663417
599.7693963229551	-0.003120223767189163
602.8609911493621	-0.0030585605541833456
605.9525859757691	-0.0029981159338957376
609.044180802176	-0.002938865824093377
612.1357756285831	-0.00288078661846511
615.2273704549901	-0.002823855177217045
618.318965281397	-0.0027680488178518856
621.410560107804	-0.0027133453061318146
624.502154934211	-0.002659722847220604
627.593749760618	-0.0026071600769977505
630.685344587025	-0.002555636053548781
633.7769394134319	-0.0025051302488196666
636.868534239839	-0.002455622540438403
639.960129066246	-0.0024070932036979282
643.051723892653	-0.002359522903696582
646.1433187190598	-0.0023128926876354065
649.2349135454668	-0.002267183977265833
652.3265083718738	-0.0022223785614886448
655.418103198281	-0.002178458589096885
658.5096980246879	-0.0021354065616651665
661.6012928510949	-0.0020932053265760747
664.6928876775019	-0.002051838070187247
667.7844825039089	-0.0020112883111325012
670.8760773303159	-0.0019715398937539467
673.9676721567229	-0.0019325769816669054
677.0592669831298	-0.0018943840514488125
680.1508618095368	-0.0018569458864550554
683.2424566359437	-0.00182024757075648
686.3340514623507	-0.0017842744831959821
689.4256462887578	-0.0017490122915633742
692.5172411151648	-0.0017144469468850598
695.6088359415717	-0.0016805646778266102
698.7004307679787	-0.0016473519852058971
701.7920255943858	-0.0016147956366146614
704.8836204207927	-0.00158288266114685
707.9752152471997	-0.0015516003442300544
711.0668100736066	-0.001520936222560387
714.1584049000136	-0.0014908780791358135
717.2499997264206	-0.0014614139383904996
720.3415945528276	-0.001432532061421199
723.4331893792346	-0.0014042209413120323
726.5247842056416	-0.0013764692985489037
729.6163790320485	-0.001349266076525921
732.7079738584555	-0.0013226004371399587
735.7995686848626	-0.0012964617564732855
738.8911635112696	-0.0012708396205593005
741.9827583376765	-0.0012457238212346326
745.0743531640834	-0.0012211043520717654
748.1659479904904	-0.001196971404392117
751.2575428168974	-0.0011733153633579584
754.3491376433044	-0.0011501268041420008
757.4407324697114	-0.0011273964881719242
760.5323272961184	-0.0011051153594497961
763.6239221225254	-0.0010832745409440998
766.7155169489323	-0.0010618653310529931
769.8071117753394	-0.001040879200136966
772.8987066017464	-0.0010203077871210762
775.9903014281533	-0.0010001428961629363
779.0818962545602	-0.0009803764933881875
782.1734910809672	-0.0009610007036894219
785.2650859073742	-0.0009420078075878402
788.3566807337813	-0.0009233902381591658
791.4482755601882	-0.0009051405780171127
794.5398703865952	-0.0008872515563597004
797.6314652130022	-0.0008697160460710534
800.7230600394092	-0.0008525270608828707
803.8146548658162	-0.00083567775259087
806.9062496922232	-0.0008191614083257303
809.9978445186301	-0.0008029714478789486
813.0894393450371	-0.0007871014210811386
816.181034171444	-0.0007715450052320782
819.2726289978511	-0.0007562960025820346
822.3642238242581	-0.0007413483378616766
825.455818650665	-0.0007266960558625509
828.547413477072	-0.0007123333190632086
831.639008303479	-0.0006982544053049616
834.7306031298862	-0.0006844537055108045
837.822197956293	-0.0006709257214510345
840.9137927826999	-0.0006576650635528854
844.005387609107	-0.0006446664487532681
847.096982435514	-0.0006319246983932653
850.1885772619208	-0.0006194347361554757
853.280172088328	-0.0006071915860415237
856.371766914735	-0.0005951903703894955
859.463361741142	-0.0005834263079299576
862.5549565675489	-0.0005718947118818694
865.6465513939559	-0.0005605909880848272
868.738146220363	-0.0005495106331689546
871.82974104677	-0.0005386492327604297
874.9213358731768	-0.0005280024597228565
878.0129306995838	-0.0005175660724329151
881.1045255259908	-0.0005073359130913882
884.1961203523978	-0.0004973079060653337
887.2877151788048	-0.0004874780562649451
890.3793100052118	-0.00047784244755264677
893.4709048316188	-0.00046839724118086137
896.5624996580258	-0.00045913867426443405
899.6540944844328	-0.00045006305828059926
902.7456893108398	-0.0004411667775995901
905.8372841372468	-0.0004324462880438815
908.9288789636537	-0.0004238981154767278
912.0204737900606	-0.000415518854417097
915.1120686164676	-0.0004073051666836605
918.2036634428747	-0.0003992537800645001
921.2952582692817	-0.00039136148701363516
924.3868530956886	-0.00038362514337258525
927.4784479220956	-0.0003760416671180752
930.5700427485026	-0.00036860803713387457
933.6616375749096	-0.0003613212920078777
936.7532324013166	-0.000354178528851087
939.8448272277236	-0.0003471769021416027
942.9364220541305	-0.0003403136225911716
946.0280168805375	-0.00033358595603340024
949.1196117069444	-0.00032699122233496164
952.2112065333515	-0.0003205267943273468
955.3028013597585	-0.0003141900967602671
958.3943961861655	-0.0003079786052755934
961.4859910125724	-0.00030188984540204867
964.5775858389795	-0.0002959213915686528
967.6691806653864	-0.00029007086613891376
970.7607754917934	-0.00028433593846265127
973.8523703182003	-0.0002787143239492274
976.9439651446074	-0.00027320378315507103
980.0355599710143	-0.00026780212089326847
983.1271547974213	-0.0002625071853581083
986.2187496238282	-0.00025731686726768817
989.3103444502353	-0.0002522290990239131
992.4019392766425	-0.00024724185388877397
995.4935341030492	-0.0002423531451766784
998.5851289294563	-0.0002375610254623909
1001.6767237558632	-0.00023286358580657543
1004.7683185822704	-0.00022825895499383237
1007.8599134086771	-0.00022374529878766772
1010.9515082350842	-0.0002193208191999504
1014.0431030614911	-0.00021498375377441092
1017.1346978878983	-0.00021073237488462377
1020.226292714305	-0.00020656498904491688
1023.3178875407121	-0.0002024799362366493
1026.4094823671192	-0.00019847558924630207
1029.501077193526	-0.00019455035301760087
1032.5926720199332	-0.00019070266401522695
1035.68426684634	-0.0001869309896025564
1038.775861672747	-0.00018323382743142853
1041.867456499154	-0.0001796097048419426
1044.9590513255612	-0.00017605717827805565
1048.050646151968	-0.00017257483270987517
1051.142240978375	-0.00016916128107263836
1054.2338358047818	-0.0001658151637114954
1057.325430631189	-0.00016253514784142224
1060.417025457596	-0.00015931992701626624
1063.508620284003	-0.00015616822060692315
1066.60021511041	-0.00015307877329264204
1069.691809936817	-0.00015005035455968293
1072.7834047632239	-0.0001470817582119898
1075.8749995896308	-0.00014417180188988082
1078.9665944160379	-0.0001413193265998638
1082.0581892424448	-0.0001385231962518008
1085.149784068852	-0.0001357822972071964
1088.2413788952588	-0.00013309553783461103
1091.332973721666	-0.0001304618480759748
1094.424568548073	-0.00012788017901913632
1097.5161633744797	-0.00012534950248042228
1100.6077582008868	-0.0001228688105947633
1103.6993530272937	-0.00012043711541494045
1106.7909478537006	-0.00011805344851706483
1109.8825426801077	-0.00011571686061451016
1112.9741375065148	-0.00011342642118140812
1116.0657323329217	-0.0001111812180797103
1119.1573271593288	-0.00010898035719736624
1122.2489219857355	-0.00010682296209162136
1125.3405168121426	-0.0001047081736396549
1128.4321116385497	-0.00010263514969633546
1131.5237064649566	-0.00010060306475887136
1134.6153012913637	-9.861110963813361e-05
1137.7068961177706	-9.66584911355405e-05
1140.7984909441775	-9.474443172772422e-05
1143.8900857705846	-9.286816925653623e-05
1146.9816805969915	-9.102895662550157e-05
1150.0732754233984	-8.922606150138916e-05
1153.1648702498055	-8.745876602422872e-05
1156.2564650762124	-8.572636651911226e-05
1159.3480599026195	-8.402817321755177e-05
1162.4396547290266	-8.236350998173102e-05
1165.5312495554335	-8.073171403564856e-05
1168.6228443818404	-7.913213570093037e-05
1171.7144392082473	-7.75641381375348e-05
1174.8060340346542	-7.60270970906811e-05
1177.8976288610613	-7.452040064155927e-05
1180.9892236874684	-7.304344896448511e-05
1184.0808185138753	-7.159565408672586e-05
1187.1724133402824	-7.017643965499274e-05
1190.2640081666896	-6.878524070571362e-05
1193.3556029930962	-6.74215034395299e-05
1196.4471978195033	-6.608468500157139e-05
1199.5387926459102	-6.477425326417859e-05
1202.6303874723174	-6.348968661562482e-05
1205.7219822987242	-6.223047375150715e-05
1208.8135771251314	-6.099611347213708e-05
1211.9051719515383	-5.978611448215552e-05
1214.9967667779454	-5.859999519437066e-05
1218.088361604352	-5.743728353937284e-05
1221.1799564307591	-5.629751677559703e-05
1224.2715512571663	-5.518024130671638e-05
1227.3631460835732	-5.408501249926106e-05
1230.4547409099803	-5.3011394506901815e-05
1233.5463357363872	-5.195896009629079e-05
1236.637930562794	-5.0927290476458156e-05
1239.7295253892012	-4.991597513243035e-05
1242.821120215608	-4.89246116615157e-05
1245.9127150420152	-4.7952805613145365e-05
1249.004309868422	-4.700017033115921e-05
1252.0959046948292	-4.6066326800979306e-05
1255.187499521236	-4.515090349700766e-05
1258.279094347643	-4.425353623602142e-05
1261.37068917405	-4.33738680314585e-05
1264.462284000457	-4.251154895059178e-05
1267.5538788268639	-4.166623597659036e-05
1270.6454736532708	-4.0837592870582654e-05
1273.737068479678	-4.0025290038384366e-05
1276.828663306085	-3.92290043985604e-05
1279.920258132492	-3.844841925448535e-05
1283.011852958899	-3.768322416751584e-05
1286.103447785306	-3.693311483393918e-05
1289.1950426117128	-3.619779296303372e-05
1292.2866374381197	-3.547696615890555e-05
1295.3782322645268	-3.47703478034366e-05
1298.4698270909337	-3.407765694234294e-05
1301.5614219173408	-3.339861817345465e-05
1304.6530167437477	-3.27329615365513e-05
1307.744611570155	-3.2080422406307236e-05
1310.836206396562	-3.144074138634827e-05
1313.9278012229688	-3.081366420619597e-05
1317.0193960493757	-3.019894162043352e-05
1320.1109908757826	-2.9596329308316634e-05
1323.2025857021897	-2.9005587777160264e-05
1326.2941805285966	-2.842648226705845e-05
1329.3857753550037	-2.785878265693736e-05
1332.4773701814106	-2.7302263373273755e-05
1335.5689650078177	-2.6756703299702404e-05
1338.6605598342244	-2.6221885689288907e-05
1341.7521546606317	-2.5697598078135483e-05
1344.8437494870386	-2.518363220098595e-05
1347.9353443134457	-2.46797839079416e-05
1351.0269391398526	-2.418585308273208e-05
1354.1185339662595	-2.370164356409556e-05
1357.2101287926666	-2.322696306649337e-05
1360.3017236190735	-2.276162310415595e-05
1363.3933184454804	-2.2305438916017515e-05
1366.4849132718873	-2.1858229391761526e-05
1369.5765080982947	-2.141981699986509e-05
1372.6681029247013	-2.099002771675409e-05
1375.7596977511087	-2.0568690957957252e-05
1378.8512925775156	-2.0155639509038572e-05
1381.9428874039227	-1.9750709460527055e-05
1385.0344822303296	-1.9353740141514618e-05
1388.1260770567362	-1.896457405569689e-05
1391.2176718831433	-1.8583056818968724e-05
1394.3092667095502	-1.820903709790832e-05
1397.4008615359573	-1.784236654959393e-05
1400.4924563623642	-1.7482899762087102e-05
1403.5840511887716	-1.7130494196692592e-05
1406.6756460151785	-1.6785010131328857e-05
1409.7672408415854	-1.644631060478704e-05
1412.8588356679923	-1.6114261362100472e-05
1415.9504304943994	-1.578873080146879e-05
1419.0420253208063	-1.5469589920516188e-05
1422.1336201472132	-1.5156712266990876e-05
1425.2252149736203	-1.4849973886578162e-05
1428.3168098000272	-1.4549253274266539e-05
1431.4084046264343	-1.4254431326158078e-05
1434.4999994528412	-1.3965391291501128e-05
1437.5915942792483	-1.3682018726277506e-05
1440.6831891056552	-1.3404201448566306e-05
1443.7747839320623	-1.3131829492131515e-05
1446.8663787584692	-1.2864795063784614e-05
1449.9579735848763	-1.260299250030326e-05
1453.0495684112832	-1.2346318226682442e-05
1456.14116323769	-1.2094670713497592e-05
1459.232758064097	-1.184795043804267e-05
1462.3243528905039	-1.1606059844136112e-05
1465.415947716911	-1.1368903302371032e-05
1468.5075425433179	-1.1136387073918295e-05
1471.5991373697252	-1.0908419270999043e-05
1474.690732196132	-1.0684909822242363e-05
1477.7823270225392	-1.0465770435378535e-05
1480.873921848946	-1.025091456304105e-05
1483.965516675353	-1.004025736723646e-05
1487.05711150176	-9.83371568670094e-06
1490.1487063281668	-9.631208003146741e-06
1493.240301154574	-9.432654409063064e-06
1496.3318959809808	-9.237976575517015e-06
1499.423490807388	-9.047097720842875e-06
1502.5150856337948	-8.859942581107798e-06
1505.606680460202	-8.67643737880126e-06
1508.6982752866088	-8.496509794189107e-06
1511.789870113016	-8.320088936667721e-06
1514.8814649394228	-8.147105316118248e-06
1517.9730597658297	-7.977490814927043e-06
1521.0646545922368	-7.811178661560495e-06
1524.1562494186437	-7.648103403917902e-06
1527.2478442450508	-7.48820088246235e-06
1530.3394390714577	-7.331408205794153e-06
1533.4310338978646	-7.17766372467006e-06
1536.5226287242715	-7.026907007798861e-06
1539.6142235506788	-6.87907881785911e-06
1542.7058183770857	-6.734121087960993e-06
1545.7974132034929	-6.59197689833029e-06
1548.8890080298997	-6.4525904532144415e-06
1551.9806028563066	-6.315907060009106e-06
1555.0721976827135	-6.1818731059422795e-06
1558.1637925091204	-6.050436037422993e-06
1561.2553873355275	-5.921544339390064e-06
1564.3469821619344	-5.7951475139947425e-06
1567.4385769883418	-5.671196061725909e-06
1570.5301718147484	-5.5496414600927995e-06
1573.6217666411558	-5.430436145638457e-06
1576.7133614675627	-5.313533494398899e-06
1579.8049562939696	-5.1988878034725404e-06
1582.8965511203764	-5.086454272589659e-06
1585.9881459467833	-4.976188986570067e-06
1589.0797407731905	-4.8680488980028595e-06
1592.1713355995973	-4.7619918094820995e-06
1595.2629304260045	-4.6579763571748105e-06
1598.3545252524113	-4.555961994388986e-06
1601.4461200788185	-4.455908975363679e-06
1604.5377149052251	-4.357778339503195e-06
1607.6293097316325	-4.261531895833371e-06
1610.7209045580394	-4.167132207679906e-06
1613.8124993844465	-4.07454257756877e-06
1616.9040942108534	-3.9837270332368564e-06
1619.9956890372603	-3.894650312754471e-06
1623.0872838636674	-3.8072778509801152e-06
1626.1788786900743	-3.7215757649050634e-06
1629.2704735164812	-3.6375108416624972e-06
1632.362068342888	-3.5550505232059805e-06
1635.4536631692954	-3.474162895650899e-06
1638.5452579957023	-3.3948166748411505e-06
1641.6368528221094	-3.3169811945803894e-06
1644.7284476485163	-3.2406263944191976e-06
1647.8200424749234	-3.1657228074422684e-06
1650.91163730133	-3.09224154872174e-06
1654.003232127737	-3.0201543042146324e-06
1657.094826954144	-2.949433318550069e-06
1660.186421780551	-2.8800513848149224e-06
1663.278016606958	-2.8119818330071934e-06
1666.369611433365	-2.7451985204878123e-06
1669.4612062597723	-2.679675819989951e-06
1672.5528010861792	-2.6153886111810735e-06
1675.644395912586	-2.5523122693384003e-06
1678.735990738993	-2.4904226562448416e-06
1681.8275855653999	-2.4296961099747104e-06
1684.919180391807	-2.3701094360117156e-06
1688.010775218214	-2.3116398983669615e-06
1691.102370044621	-2.2542652091426434e-06
1694.193964871028	-2.1979635209823352e-06
1697.285559697435	-2.142713418189012e-06
1700.3771545238417	-2.0884939073989923e-06
1703.468749350249	-2.0352844100322485e-06
1706.560344176656	-1.983064753410449e-06
1709.651939003063	-1.9318151640954613e-06
1712.74353382947	-1.88151625811923e-06
1715.8351286558768	-1.8321490345443334e-06
1718.926723482284	-1.7836948676922801e-06
1722.0183183086908	-1.7361354993718052e-06
1725.1099131350977	-1.6894530319953578e-06
1728.2015079615046	-1.6436299212515e-06
1731.2931027879117	-1.5986489694434428e-06
1734.3846976143186	-1.5544933177173707e-06
1737.476292440726	-1.511146440733255e-06
1740.5678872671328	-1.468592139115229e-06
1743.65948209354	-1.426814533012189e-06
1746.7510769199469	-1.3857980561024885e-06
1749.8426717463535	-1.3455274498206847e-06
1752.9342665727606	-1.3059877562520125e-06
1756.0258613991675	-1.2671643128032306e-06
1759.1174562255746	-1.2290427462073258e-06
1762.2090510519815	-1.1916089674164092e-06
1765.3006458783887	-1.1548491647182505e-06
1768.3922407047955	-1.1187497995173566e-06
1771.4838355312027	-1.083297600117647e-06
1774.5754303576095	-1.0484795568374055e-06
1777.6670251840167	-1.0142829166801379e-06
1780.7586200104236	-9.806951782274847e-07
1783.8502148368304	-9.477040871982651e-07
1786.9418096632376	-9.152976306752556e-07
1790.0334044896445	-8.834640328862885e-07
1793.1249993160516	-8.521917500971664e-07
1796.2165941424585	-8.214694672809447e-07
1799.3081889688656	-7.912860914565369e-07
1802.3997837952722	-7.616307492461792e-07
1805.4913786216796	-7.324927817683547e-07
1808.5829734480865	-7.038617404189024e-07
1811.6745682744936	-6.757273819859903e-07
1814.7661631009005	-6.480796664296294e-07
1817.8577579273074	-6.209087511084727e-07
1820.9493527537143	-5.942049874491061e-07
1824.0409475801212	-5.679589173933013e-07
1827.1325424065283	-5.421612698452623e-07
1830.2241372329352	-5.168029557866131e-07
1833.3157320593425	-4.918750658338708e-07
1836.4073268857494	-4.6736886624161413e-07
1839.4989217121565	-4.432757957938266e-07
1842.5905165385634	-4.195874615850207e-07
1845.6821113649703	-3.9629563657771815e-07
1848.7737061913772	-3.7339225582766613e-07
1851.865301017784	-3.508694135972298e-07
1854.9568958441912	-3.287193593585653e-07
1858.048490670598	-3.06934496239284e-07
1861.1400854970052	-2.855073768035808e-07
1864.231680323412	-2.6443070016563384e-07
1867.3232751498192	-2.436973097691347e-07
1870.414869976226	-2.2330018983455741e-07
1873.5064648026332	-2.03232462916645e-07
1876.59805962904	-1.8348738723985835e-07
1879.6896544554472	-1.6405835381177558e-07
1882.7812492818541	-1.4493888375854172e-07
1885.872844108261	-1.2612262632644826e-07
1888.9644389346681	-1.0760335510716029e-07
1892.056033761075	-8.937496737156781e-08
1895.147628587482	-7.143147962887645e-08
1898.2392234138888	-5.3767026960461825e-08
1901.3308182402961	-3.6375859911229865e-08
1904.422413066703	-1.9252342047114185e-08
1907.51400789311	-2.3909479566602437e-09
1910.605602719517	1.4213738747386588e-08
1913.6971975459237	3.056702787058375e-08
1916.788792372331	4.6674124635205106e-08
1919.8803871987377	6.254013190069643e-08
1922.9719820251448	7.817005194004346e-08
1926.063576851552	9.356878843818286e-08
1929.155171677959	1.0874114849041375e-07
1932.2467665043657	1.236918448228521e-07
1935.3383613307728	1.3842549734675335e-07
1938.42995615718	1.5294663471283055e-07
1941.5215509835868	1.6725969675375618e-07
1944.6131458099935	1.8136903626052456e-07
1947.7047406364006	1.9527891920450492e-07
1950.7963354628077	2.0899352917834105e-07
1953.8879302892149	2.2251696606368916e-07
1956.979525115622	2.3585324980598517e-07
1960.0711199420286	2.4900632130262637e-07
1963.1627147684358	2.619800437352494e-07
1966.2543095948427	2.7477820434608874e-07
1969.3459044212498	2.874045157702529e-07
1972.4374992476564	2.9986261803413004e-07
1975.5290940740636	3.121560789994832e-07
1978.6206889004707	3.242883968059447e-07
1981.7122837268773	3.362630009812459e-07
1984.803878553285	3.4808325310735473e-07
1987.8954733796916	3.5975244926296955e-07
1990.9870682060985	3.7127382024557116e-07
1994.0786630325056	3.8265053356982413e-07
1997.1702578589127	3.938856947998535e-07
2000.2618526853194	4.049823479933325e-07
2003.3534475117265	4.1594347769989233e-07
2006.4450423381336	4.2677201007134504e-07
2009.5366371645407	4.37470813305779e-07
2012.6282319909474	4.4804269964596117e-07
2015.7198268173543	4.5849042582343146e-07
2018.8114216437614	4.688166950569062e-07
2021.9030164701685	4.790241566081913e-07
2024.9946112965756	4.891154082246773e-07
2028.0862061229823	4.990929972495627e-07
2031.1778009493894	5.089594199557253e-07
2034.2693957757965	5.187171242102578e-07
2037.3609906022034	5.283685101406061e-07
2040.45258542861	5.379159303566129e-07
2043.5441802550172	5.473616912827916e-07
2046.6357750814243	5.567080547126373e-07
2049.727369907831	5.659572373645415e-07
2052.8189647342383	5.751114133242842e-07
2055.910559560645	5.841727131568561e-07
2059.002154387052	5.931432263489536e-07
2062.0937492134594	6.020250015310228e-07
2065.1853440398663	6.108200464772626e-07
2068.276938866273	6.195303305481151e-07
2071.36853369268	6.28157783802092e-07
2074.460128519087	6.367042992162183e-07
2077.551723345494	6.451717320199025e-07
2080.643318171901	6.535619016933388e-07
2083.734912998308	6.618765917454629e-07
2086.826507824715	6.701175510462218e-07
2089.9181026511224	6.78286494270664e-07
2093.0096974775292	6.86385102565075e-07
2096.101292303936	6.944150239910657e-07
2099.192887130343	7.023778744137545e-07
2102.28448195675	7.102752386119891e-07
2105.3760767831573	7.181086698342601e-07
2108.4676716095637	7.258796915750575e-07
2111.559266435971	7.335897969087377e-07
2114.650861262378	7.412404500438384e-07
2117.742456088785	7.488330872112556e-07
2120.834050915192	7.563691155540225e-07
2123.9256457415986	7.638499155698006e-07
2127.017240568006	7.712768406667924e-07
2130.108835394413	7.786512176078286e-07
2133.20043022082	7.859743476205957e-07
2136.2920250472266	7.932475063976323e-07
2139.383619873634	8.004719449845121e-07
2142.475214700041	8.076488895577969e-07
2145.5668095264477	8.147795432013964e-07
2148.658404352855	8.218650847963445e-07
2151.7499991792615	8.289066710191997e-07
2154.841594005669	8.359054356759162e-07
2157.9331888320758	8.428624903679726e-07
2161.024783658483	8.49778925380557e-07
2164.1163784848895	8.566558096825607e-07
2167.207973311297	8.634941918147638e-07
2170.299568137704	8.702950992236958e-07
2173.3911629641107	8.770595400379975e-07
2176.4827577905176	8.837885028463737e-07
2179.5743526169244	8.90482956697595e-07
2182.665947443332	8.971438522107223e-07
2185.7575422697387	9.037721211310147e-07
2188.849137096146	9.103686776622001e-07
2191.9407319225525	9.169344180223855e-07
2195.0323267489593	9.23470220888147e-07
2198.1239215753667	9.299769487267963e-07
2201.2155164017736	9.364554462420712e-07
2204.3071112281805	9.429065428166234e-07
2207.3987060545874	9.4933105095771e-07
2210.4903008809947	9.557297678515022e-07
2213.581895707401	9.621034758071784e-07
2216.6734905338085	9.684529411466995e-07
2219.7650853602154	9.747789157591205e-07
2222.8566801866223	9.810821373226377e-07
2225.9482750130296	9.873633288604976e-07
2229.0398698394365	9.936231998512216e-07
2232.1314646658434	9.998624460065597e-07
2235.2230594922503	1.0060817492714941e-06
2238.3146543186576	1.0122817791565026e-06
2241.4062491450645	1.0184631918493842e-06
2244.497843971471	1.0246266308813896e-06
2247.5894387978783	1.0307727277933596e-06
2250.681033624285	1.0369021016916313e-06
2253.7726284506925	1.043015359914175e-06
2256.8642232770994	1.049113098474683e-06
2259.9558181035063	1.0551959011743905e-06
2263.047412929913	1.0612643413784338e-06
2266.13900775632	1.0673189813497148e-06
2269.2306025827274	1.073360372470949e-06
2272.322197409134	1.0793890554667054e-06
2275.413792235541	1.0854055610695458e-06
2278.505387061948	1.0914104097979753e-06
2281.596981888355	1.0974041119564464e-06
2284.6885767147623	1.1033871683014905e-06
2287.7801715411692	1.109360070263763e-06
2290.871766367576	1.1153232999480455e-06
2293.963361193983	1.1212773296891513e-06
2297.0549560203904	1.1272226236062456e-06
2300.146550846797	1.133159636492615e-06
2303.238145673204	1.1390888149258958e-06
2306.329740499611	1.1450105966019371e-06
2309.421335326018	1.150925411222981e-06
2312.512930152425	1.1568336802756187e-06
2315.6045249788317	1.1627358172528316e-06
2318.696119805239	1.1686322278760403e-06
2321.787714631646	1.1745233103171471e-06
2324.8793094580533	1.1804094549764915e-06
2327.9709042844597	1.186291045371028e-06
2331.062499110867	1.1921684570241057e-06
2334.154093937274	1.1980420592418226e-06
2337.245688763681	1.2039122140028048e-06
2340.3372835900877	1.2097792761802468e-06
2343.4288784164946	1.215643594874185e-06
2346.520473242902	1.2215055118571828e-06
2349.6120680693084	1.2273653626845521e-06
2352.703662895716	1.233223476916401e-06
2355.7952577221226	1.2390801776735419e-06
2358.88685254853	1.2449357823036278e-06
2361.978447374937	1.2507906021591043e-06
2365.0700422013438	1.2566449423751705e-06
2368.1616370277507	1.2624991032020407e-06
2371.2532318541575	1.2683533788947256e-06
2374.344826680565	1.2742080581571187e-06
2377.4364215069713	1.2800634243640437e-06
2380.528016333379	1.2859197562273866e-06
2383.6196111597856	1.291777326463827e-06
2386.7112059861925	1.2976364031271097e-06
2389.8028008126	1.3034972496080398e-06
2392.8943956390067	1.3093601244124423e-06
2395.9859904654136	1.3152252807170696e-06
2399.0775852918205	1.321092967479827e-06
2402.169180118228	1.3269634294397716e-06
2405.2607749446347	1.332836906228935e-06
2408.3523697710416	1.338713633482543e-06
2411.4439645974485	1.344593842616976e-06
2414.5355594238554	1.350477760163632e-06
2417.6271542502627	1.3563656095452829e-06
2420.7187490766696	1.3622576097438096e-06
2423.8103439030765	1.3681539750781552e-06
2426.9019387294834	1.3740549172027277e-06
2429.9935335558907	1.379960642886952e-06
2433.0851283822976	1.385871356013675e-06
2436.176723208704	1.3917872562468928e-06
2439.2683180351114	1.3977085399199366e-06
2442.3599128615183	1.4036353998134184e-06
2445.451507687925	1.4095680249331953e-06
2448.5431025143325	1.4155066016205882e-06
2451.6346973407394	1.4214513124421585e-06
2454.7262921671463	1.427402336411754e-06
2457.817886993553	1.4333598503227765e-06
2460.9094818199605	1.43932402674978e-06
2464.001076646367	1.4452950358248274e-06
2467.0926714727743	1.451273044793402e-06
2470.184266299181	1.4572582173482724e-06
2473.275861125588	1.463250715183806e-06
2476.367455951995	1.4692506964416575e-06
2479.4590507784023	1.4752583168209889e-06
2482.550645604809	1.481273729356426e-06
2485.642240431216	1.4872970839739742e-06
2488.7338352576235	1.493328528601233e-06
2491.8254300840304	1.4993682082792236e-06
2494.9170249104372	1.5054162656064756e-06
2498.008619736844	1.5114728409610751e-06
2501.1002145632515	1.51753807161248e-06
2504.1918093896584	1.5236120932758374e-06
2507.283404216065	1.5296950390017583e-06
2510.374999042472	1.5357870396204098e-06
2513.466593868879	1.5418882237415106e-06
2516.558188695286	1.5479987175322884e-06
2519.649783521693	1.5541186456056614e-06
2522.7413783481	1.5602481301320541e-06
2525.832973174507	1.566387290839401e-06
2528.924568000914	1.5725362465674568e-06
2532.016162827321	1.5786951128253113e-06
2535.1077576537277	1.5848640042338723e-06
2538.1993524801355	1.591043032971557e-06
2541.2909473065415	1.5972323094404257e-06
2544.3825421329493	1.6034319424882287e-06
2547.474136959356	1.6096420391863565e-06
2550.5657317857626	1.6158627041637095e-06
2553.65732661217	1.6220940413830569e-06
2556.748921438577	1.6283361521426287e-06
2559.840516264984	1.634589136852478e-06
2562.9321110913907	1.640853093924257e-06
2566.023705917798	1.6471281202153056e-06
2569.115300744205	1.6534143110286512e-06
2572.206895570612	1.659711760335051e-06
2575.2984903970187	1.6660205603289106e-06
2578.3900852234256	1.6723408020944084e-06
2581.481680049833	1.6786725749393667e-06
2584.5732748762393	1.685015967061384e-06
2587.6648697026467	1.69137106510375e-06
2590.7564645290536	1.6977379543774835e-06
2593.848059355461	1.7041167186392905e-06
2596.9396541818674	1.710507440979745e-06
2600.0312490082747	1.7169102027130656e-06
2603.1228438346816	1.7233250840432434e-06
2606.214438661088	1.729752164064049e-06
2609.3060334874954	1.7361915203149427e-06
2612.3976283139027	1.742643229447203e-06
2615.48922314031	1.7491073672239316e-06
2618.580817966716	1.7555840076318712e-06
2621.672412793124	1.762073223991635e-06
2624.7640076195307	1.768575088735654e-06
2627.8556024459376	1.7750896727420483e-06
2630.9471972723445	1.781617045778714e-06
2634.0387920987514	1.7881572773915044e-06
2637.1303869251587	1.794710435349915e-06
2640.221981751565	1.8012765867573053e-06
2643.3135765779725	1.8078557978288615e-06
2646.4051714043794	1.8144481334474978e-06
2649.4967662307868	1.821053657829995e-06
2652.588361057193	1.827672434749045e-06
2655.6799558836	1.8343045262009857e-06
2658.7715507100074	1.840949993960107e-06
2661.8631455364143	1.847608898690476e-06
2664.954740362821	1.8542813003900266e-06
2668.046335189228	1.8609672579464716e-06
2671.1379300156354	1.8676668295813867e-06
2674.229524842042	1.8743800730722591e-06
2677.321119668449	1.881107044864312e-06
2680.4127144948566	1.8878478009586746e-06
2683.5043093212635	1.8946023966903448e-06
2686.5959041476704	1.90137088650614e-06
2689.6874989740772	1.9081533241867465e-06
2692.7790938004846	1.9149497626246715e-06
2695.8706886268915	1.921760254268332e-06
2698.9622834532984	1.928584851122054e-06
2702.0538782797053	1.9354236038579007e-06
2705.145473106112	1.942276563147932e-06
2708.237067932519	1.9491437787760278e-06
2711.328662758926	1.956025299859941e-06
2714.4202575853333	1.962921174851282e-06
2717.51185241174	1.969831451979622e-06
2720.603447238147	1.976756178364307e-06
2723.695042064554	1.9836954011246853e-06
2726.786636890961	1.9906491660478352e-06
2729.878231717368	1.997617519364926e-06
2732.9698265437746	2.004600505974856e-06
2736.061421370182	2.011598170332439e-06
2739.1530161965893	2.018610557114531e-06
2742.2446110229957	2.0256377094436738e-06
2745.3362058494026	2.032679670442415e-06
2748.42780067581	2.0397364830112507e-06
2751.5193955022173	2.046808189384546e-06
2754.6109903286238	2.05389483090849e-06
2757.702585155031	2.0609964489292698e-06
2760.794179981438	2.0681130843489816e-06
2763.8857748078453	2.0752447774035906e-06
2766.9773696342518	2.08239156788497e-06
2770.068964460659	2.0895534955849964e-06
2773.160559287066	2.0967305991853214e-06
2776.2521541134724	2.103922917811684e-06
2779.34374893988	2.11113048925756e-06
2782.4353437662867	2.1183533517605113e-06
2785.526938592694	2.1255915424478763e-06
2788.6185334191005	2.132845098891084e-06
2791.710128245508	2.1401140575513406e-06
2794.8017230719147	2.147398454667807e-06
2797.8933178983216	2.154698326479645e-06
2800.9849127247285	2.162013708781924e-06
2804.0765075511354	2.1693446367035856e-06
2807.168102377543	2.176691145151521e-06
2810.259697203949	2.1840532692546674e-06
2813.351292030357	2.191431042809698e-06
2816.442886856764	2.198824500279416e-06
2819.5344816831707	2.206233675238446e-06
2822.6260765095776	2.213658601261414e-06
2825.7176713359845	2.2210993114788573e-06
2828.809266162392	2.228555838355179e-06
2831.9008609887987	2.2360282150209156e-06
2834.9924558152056	2.2435164732743338e-06
2838.0840506416125	2.2510206455798397e-06
2841.17564546802	2.258540763291612e-06
2844.2672402944263	2.266076858207918e-06
2847.358835120833	2.2736289612388506e-06
2850.4504299472405	2.2811971037385886e-06
2853.5420247736474	2.288781316173133e-06
2856.6336196000543	2.296381629008484e-06
2859.725214426461	2.303998072710646e-06
2862.8168092528686	2.311630677079484e-06
2865.908404079276	2.319279472136911e-06
2868.9999989056823	2.326944487238705e-06
2872.091593732089	2.3346257519626893e-06
2875.1831885584966	2.3423232949985083e-06
2878.274783384903	2.3500371457019395e-06
2881.3663782113103	2.357767332762629e-06
2884.4579730377177	2.3655138844261304e-06
2887.5495678641246	2.3732768291600455e-06
2890.6411626905315	2.3810561952099274e-06
2893.7327575169384	2.3888520103772434e-06
2896.8243523433453	2.3966643022414156e-06
2899.9159471697526	2.404493098825953e-06
2903.007541996159	2.412338427044144e-06
2906.0991368225664	2.4202003142533656e-06
2909.1907316489733	2.4280787873669058e-06
2912.28232647538	2.435973873520095e-06
2915.373921301787	2.44388559940418e-06
2918.465516128194	2.451813991266311e-06
2921.5571109546013	2.4597590755756885e-06
2924.6487057810077	2.4677208788015086e-06
2927.740300607415	2.4756994267468392e-06
2930.831895433822	2.4836947454367873e-06
2933.9234902602298	2.491706860452374e-06
2937.0150850866357	2.4997357978187066e-06
2940.106679913043	2.5077815826727193e-06
2943.1982747394504	2.515844240373384e-06
2946.2898695658564	2.5239237962796776e-06
2949.381464392264	2.5320202755285316e-06
2952.473059218671	2.540133702812787e-06
2955.5646540450784	2.5482641030473306e-06
2958.656248871485	2.556411501147046e-06
2961.747843697892	2.5645759213606893e-06
2964.839438524299	2.572757388159056e-06
2967.931033350706	2.580955926234987e-06
2971.022628177113	2.5891715593931444e-06
2974.11422300352	2.597404311882284e-06
2977.205817829927	2.605654207729112e-06
2980.2974126563336	2.6139212709603333e-06
2983.389007482741	2.622205525158572e-06
2986.480602309148	2.630506993906443e-06
2989.5721971355547	2.6388257007865655e-06
2992.6637919619616	2.6471616696036016e-06
2995.7553867883685	2.6555149232740387e-06
2998.846981614776	2.6638854856025388e-06
3001.9385764411822	2.6722733790614958e-06
3005.0301712675896	2.680678627455576e-06
3008.121766093997	2.689101253257173e-06
3011.213360920404	2.697541279604816e-06
3014.3049557468103	2.7059987294149893e-06
3017.3965505732176	2.714473625160091e-06
3020.488145399625	2.7229659895345593e-06
3023.579740226032	2.731475845232835e-06
3026.6713350524387	2.7400032145052675e-06
3029.7629298788456	2.748548120046299e-06
3032.854524705253	2.7571105841062803e-06
3035.9461195316594	2.7656906289355597e-06
3039.0377143580663	2.7742882765624473e-06
3042.1293091844736	2.782903549237292e-06
3045.2209040108805	2.7915364689884015e-06
3048.3124988372874	2.800187057622034e-06
3051.4040936636943	2.808855337166501e-06
3054.4956884901017	2.8175413294280604e-06
3057.5872833165085	2.826245056212976e-06
3060.6788781429154	2.834966539105462e-06
3063.7704729693223	2.8437057996897397e-06
3066.862067795729	2.8524628597720687e-06
3069.953662622136	2.8612377407146196e-06
3073.045257448543	2.8700304638795685e-06
3076.136852274951	2.8788410508511312e-06
3079.2284471013577	2.887669522769436e-06
3082.3200419277646	2.896515900996653e-06
3085.4116367541715	2.9053802068949582e-06
3088.5032315805784	2.914262461160388e-06
3091.5948264069857	2.923162685377161e-06
3094.686421233392	2.9320809004633584e-06
