0.0	-0.15005664424237292
0.0979428567843734	-0.15005664424069692
0.1958857135687468	-0.10683333789983845
0.29382857035312016	-0.09059053541383066
0.3917714271374936	-0.08065089336721354
0.489714283921867	-0.073490165796213
0.5876571407062404	-0.06789542418448327
0.6855999974906137	-0.06330678409577653
0.7835428542749872	-0.05941978564133332
0.8814857110593605	-0.05605045605001949
0.9794285678437338	-0.05307910822967145
1.077371424628107	-0.05042349680353574
1.1753142814124804	-0.04802466586920128
1.2732571381968536	-0.045838908039427285
1.3711999949812272	-0.0438329189264759
1.4691428517656007	-0.04198073506981346
1.5670857085499743	-0.04026172143940864
1.6650285653343475	-0.03865920441109414
1.7629714221187212	-0.037159516715536904
1.8609142789030946	-0.035751313821520025
1.958857135687468	-0.03442507414800078
2.0567999924718414	-0.0331727268078723
2.154742849256215	-0.031987369726820966
2.2526857060405883	-0.03086305302746285
2.350628562824962	-0.02979461034905083
2.448571419609335	-0.02877752591462008
2.5465142763937085	-0.027807828626323482
2.644457133178082	-0.026882006854227168
2.742399989962456	-0.025996939251025086
2.8403428467468292	-0.025149838108979576
2.938285703531202	-0.024338202628045445
3.0362285603155756	-0.023559780086313195
3.1341714170999495	-0.022812533363411623
3.232114273884323	-0.02209461361067961
3.3300571306686964	-0.021404337120872058
3.4279999874530698	-0.02074016564746534
3.525942844237443	-0.020100689575311935
3.623885701021817	-0.019484613461994205
3.7218285578061905	-0.01889074356112581
3.819771414590564	-0.01831797701119738
3.9177142713749373	-0.017765292430919663
4.015657128159311	-0.01723174170778904
4.113599984943685	-0.016716442803355342
4.211542841728058	-0.01621857342836075
4.309485698512431	-0.01573736546503402
4.407428555296804	-0.015272100033516508
4.505371412081177	-0.014822103115558352
4.603314268865551	-0.014386741661950881
4.701257125649925	-0.013965420121202506
4.799199982434298	-0.01355757733615218
4.897142839218671	-0.013162683762890056
4.995085696003044	-0.012780238972793784
5.093028552787418	-0.012409769403910502
5.190971409571792	-0.012050826332496517
5.288914266356165	-0.01170298403941258
5.386857123140539	-0.011365838149379161
5.4847999799249125	-0.011039004123918858
5.5827428367092855	-0.010722115891230207
5.680685693493659	-0.010414824598313091
5.778628550278032	-0.010116797472453976
5.876571407062406	-0.009827716780723581
5.97451426384678	-0.0095472788774769
6.072457120631153	-0.009275193331006518
6.170399977415527	-0.009011182121510766
6.2683428341999	-0.008754978903419697
6.366285690984273	-0.008506328325892721
6.464228547768647	-0.00826498540597719
6.56217140455302	-0.008030714949510364
6.660114261337394	-0.007803291015369142
6.7580571181217675	-0.007582496419132164
6.85599997490614	-0.007368122272625406
6.953942831690514	-0.007159967556182178
7.051885688474887	-0.0069578387207674015
7.149828545259261	-0.0067615493173993286
7.247771402043635	-0.006570919651553822
7.345714258828008	-0.006385776460460861
7.443657115612382	-0.006205952611403242
7.541599972396755	-0.006031286819306491
7.639542829181128	-0.005861623382069228
7.737485685965503	-0.00569681193222681
7.835428542749875	-0.00553670720366992
7.933371399534249	-0.00538116881225555
8.031314256318622	-0.005230061049251978
8.129257113102996	-0.005083252686653171
8.22719996988737	-0.004940616793482599
8.325142826671744	-0.004802030562282868
8.423085683456115	-0.004667375145056575
8.52102854024049	-0.0045365354979862325
8.618971397024863	-0.004409400234317672
8.716914253809238	-0.004285861484842595
8.81485711059361	-0.0041658147654624516
8.912799967377984	-0.004049158851358088
9.010742824162357	-0.003935795657327994
9.10868568094673	-0.0038256301238929332
9.206628537731104	-0.003718570108796556
9.304571394515477	-0.003614526283560591
9.402514251299852	-0.003513412034779667
9.500457108084223	-0.003415143369864955
9.598399964868598	-0.0033196388269678863
9.696342821652971	-0.0032268193888353646
9.794285678437346	-0.0031366084003663333
9.892228535221719	-0.0030489314896564707
9.990171392006092	-0.0029637164923332496
10.088114248790465	-0.0028808933789977935
10.18605710557484	-0.0028003941856029964
10.283999962359212	-0.0027221529466093125
10.381942819143587	-0.002646105630770634
10.479885675927958	-0.0025721900794127522
10.577828532712331	-0.0025003459470762275
10.675771389496706	-0.0024305146444040127
10.773714246281079	-0.002362639283162109
10.871657103065454	-0.0022966646232887634
10.969599959849825	-0.0022325370218744603
11.0675428166342	-0.0021702043839811327
11.165485673418573	-0.002109616115214767
11.263428530202948	-0.0020507230759708394
11.36137138698732	-0.001993477537276954
11.459314243771693	-0.0019378331381615565
11.557257100556066	-0.0018837448444818314
11.655199957340441	-0.001831168909147754
11.753142814124814	-0.0017800628336829174
11.851085670909189	-0.0017303853310660909
11.94902852769356	-0.0016820962898005981
12.046971384477935	-0.001635156739161505
12.144914241262308	-0.001589528815573306
12.24285709804668	-0.0015451757300733188
12.340799954831056	-0.001502061736818346
12.438742811615429	-0.0014601521025943433
12.536685668399802	-0.0014194130772908875
12.634628525184175	-0.0013798118653041446
12.73257138196855	-0.0013413165978338238
12.830514238752922	-0.0013038963060412795
12.928457095537297	-0.0012675208950374858
13.026399952321668	-0.0012321611186710839
13.124342809106043	-0.0011977885550880749
13.222285665890416	-0.0011643755830360299
13.32022852267479	-0.0011318953588869056
13.418171379459164	-0.0011003217943536992
13.516114236243537	-0.0010696295348772537
13.61405709302791	-0.001039793938660543
13.711999949812283	-0.0010107910563287238
13.809942806596657	-0.0009825976111941478
13.90788566338103	-0.0009551909801063784
14.005828520165403	-0.0009285491748680741
14.103771376949776	-0.0009026508241983546
14.201714233734151	-0.000877475156226001
14.299657090518524	-0.0008530019814955215
14.397599947302899	-0.0008292116764697715
14.49554280408727	-0.000806085167513433
14.593485660871645	-0.0007836039153422466
14.691428517656018	-0.0007617498999234527
14.789371374440393	-0.0007405056058134284
14.887314231224765	-0.0007198540079190129
14.985257088009138	-0.0006997785576695028
15.083199944793513	-0.0006802631695867553
15.181142801577884	-0.0006612922082412812
15.27908565836226	-0.0006428504755826287
15.377028515146634	-0.0006249231986327629
15.474971371931005	-0.0006074960175315294
15.572914228715378	-0.00059055497392366
15.670857085499753	-0.0005740864996771318
15.768799942284128	-0.0005580774059230272
15.866742799068499	-0.0005425148724073699
15.964685655852874	-0.0005273864371457211
16.062628512637247	-0.00051267998637162
16.16057136942162	-0.000498383744770238
16.258514226205993	-0.0004844862659888972
16.356457082990367	-0.0004709764234163616
16.454399939774742	-0.00045784340122307206
16.552342796559117	-0.000445076685654737
16.650285653343488	-0.00043266605657193025
16.748228510127863	-0.00042060157922857384
16.846171366912234	-0.0004088735962824053
16.94411422369661	-0.0003974727200307382
17.04205708048098	-0.0003863898248650331
17.139999937265355	-0.0003756160399379885
17.23794279404973	-0.0003651427420370572
17.3358856508341	-0.0003549615486584717
17.433828507618475	-0.0003450643112760463
17.53177136440285	-0.0003354431087991887
17.629714221187225	-0.0003260902412147248
17.727657077971596	-0.00031699822340729915
17.825599934755967	-0.00030815977915326677
17.923542791540342	-0.0002995678352831462
18.021485648324717	-0.00029121551600784474
18.119428505109088	-0.00028309613740401
18.217371361893463	-0.00027520320205399703
18.315314218677837	-0.000267530393836072
18.413257075462212	-0.000260071572860601
18.511199932246583	-0.00025282077054809637
18.609142789030958	-0.0002457721848451128
18.707085645815333	-0.0002389201755741003
18.805028502599704	-0.000232259259913435
18.902971359384075	-0.00022578410800395748
19.00091421616845	-0.00021948953867845263
19.098857072952825	-0.00021337051531060953
19.196799929737196	-0.00020742214178009712
19.29474278652157	-0.00020163965855048952
19.392685643305946	-0.0001960184388568672
19.49062850009032	-0.0001905539850000112
19.58857135687469	-0.0001852419247441953
19.686514213659063	-0.00018007800781566713
19.784457070443434	-0.00017505810249899097
19.882399927227805	-0.0001701781923285059
19.980342784012176	-0.00016543437287223125
20.078285640796544	-0.00016082284860562625
20.176228497580915	-0.0001563399298726849
20.274171354365286	-0.00015198202993191805
20.372114211149658	-0.00014774566208484435
20.47005706793403	-0.00014362743688467827
20.5679999247184	-0.00013962405942296964
20.665942781502775	-0.00013573232669201175
20.763885638287146	-0.00013194912502089706
20.861828495071517	-0.00012827142758315912
20.95977135185589	-0.00012469629197399792
21.05771420864026	-0.00012122085785514144
21.15565706542463	-0.0001178423446654517
21.253599922209002	-0.0001145580493954367
21.351542778993373	-0.00011136534442388082
21.449485635777744	-0.00010826167541485736
21.547428492562116	-0.00010524455927343484
21.645371349346487	-0.0001023115821584368
21.743314206130858	-9.946039755066022e-05
21.84125706291523	-9.668872437500303e-05
21.9391999196996	-9.399434517499436e-05
22.03714277648397	-9.137510433826332e-05
22.135085633268343	-8.882890637152349e-05
22.233028490052714	-8.635371422368987e-05
22.330971346837085	-8.394754765578386e-05
22.428914203621456	-8.160848165631974e-05
22.526857060405828	-7.933464490090222e-05
22.6247999171902	-7.712421825480097e-05
22.72274277397457	-7.497543331730147e-05
22.82068563075894	-7.288657100666656e-05
22.918628487543312	-7.085596018457409e-05
23.016571344327684	-6.888197631892933e-05
23.114514201112055	-6.696304018398036e-05
23.21245705789643	-6.509761659669561e-05
23.3103999146808	-6.328421318839094e-05
23.408342771465172	-6.152137921062295e-05
23.506285628249543	-5.9807704374391576e-05
23.604228485033914	-5.814181772172285e-05
23.702171341818286	-5.652238652872792e-05
23.800114198602657	-5.494811523925997e-05
23.898057055387024	-5.3417744428315283e-05
23.995999912171396	-5.193004979434838e-05
24.093942768955767	-5.048384117969442e-05
24.191885625740138	-4.907796161831476e-05
24.28982848252451	-4.771128641010301e-05
24.38777133930888	-4.638272222101085e-05
24.485714196093255	-4.509120620827295e-05
24.583657052877626	-4.383570517003098e-05
24.681599909661998	-4.261521471867575e-05
24.77954276644637	-4.142875847724608e-05
24.87748562323074	-4.027538729824081e-05
24.97542848001511	-3.9154178504219054e-05
25.073371336799482	-3.806423514958059e-05
25.171314193583854	-3.700468530293572e-05
25.269257050368225	-3.5974681349490105e-05
25.367199907152596	-3.4973399312886405e-05
25.465142763936967	-3.40000381959598e-05
25.56308562072134	-3.305381933987996e-05
25.661028477505713	-3.213398580116648e-05
25.75897133429008	-3.1239801746079246e-05
25.856914191074452	-3.037055186189916e-05
25.954857047858823	-2.9525540784627944e-05
26.052799904643194	-2.87040925426492e-05
26.150742761427566	-2.790555001590545e-05
26.248685618211937	-2.712927441015835e-05
26.346628474996308	-2.6374644745911484e-05
26.44457133178068	-2.5641057361586615e-05
26.54251418856505	-2.4927925430556016e-05
26.64045704534942	-2.423467849164424e-05
26.738399902133793	-2.356076199272381e-05
26.836342758918164	-2.290563684703948e-05
26.93428561570254	-2.2268779001906185e-05
27.03222847248691	-2.1649679019435455e-05
27.13017132927128	-2.10478416689549e-05
27.228114186055652	-2.0462785530794584e-05
27.326057042840024	-1.989404261112331e-05
27.423999899624395	-1.9341157967526558e-05
27.521942756408766	-1.880368934502659e-05
27.619885613193137	-1.8281206822253402e-05
27.717828469977505	-1.7773292467483456e-05
27.815771326761876	-1.7279540004271013e-05
27.913714183546247	-1.6799554486404453e-05
28.01165704033062	-1.6332951981927586e-05
28.10959989711499	-1.587935926597312e-05
28.207542753899364	-1.5438413522162463e-05
28.305485610683736	-1.5009762052333066e-05
28.403428467468107	-1.4593061994360926e-05
28.501371324252478	-1.4187980047852583e-05
28.59931418103685	-1.3794192207487082e-05
28.69725703782122	-1.3411383503794587e-05
28.79519989460559	-1.3039247751164207e-05
28.893142751389963	-1.2677487302879459e-05
28.991085608174334	-1.2325812812985346e-05
29.089028464958705	-1.1983943004796534e-05
29.186971321743076	-1.165160444586143e-05
29.284914178527448	-1.1328531329202086e-05
29.38285703531182	-1.1014465260654932e-05
29.480799892096194	-1.0709155052142184e-05
29.57874274888056	-1.0412356520708514e-05
29.676685605664932	-1.0123832293162223e-05
29.774628462449304	-9.843351616164604e-06
29.87257131923367	-9.570690171615549e-06
29.970514176018046	-9.305629897187696e-06
30.06845703280242	-9.047958811865544e-06
30.16639988958679	-8.797470846349949e-06
30.264342746371163	-8.553965678192288e-06
30.36228560315553	-8.317248571526452e-06
30.460228459939906	-8.087130221270366e-06
30.558171316724273	-7.863426601672438e-06
30.656114173508648	-7.645958819081759e-06
30.754057030293016	-7.43455296882424e-06
30.85199988707739	-7.229039996070196e-06
30.949942743861758	-7.0292555605820644e-06
31.047885600646133	-6.835039905234033e-06
31.1458284574305	-6.6462377281983985e-06
31.243771314214875	-6.462698058696395e-06
31.341714170999246	-6.28427413621408e-06
31.439657027783618	-6.1108232930866495e-06
31.53759988456799	-5.942206840357245e-06
31.635542741352356	-5.778289956818926e-06
31.73348559813673	-5.618941581151035e-06
31.8314284549211	-5.464034307063673e-06
31.929371311705474	-5.3134442813663755e-06
32.027314168489845	-5.167051104879449e-06
32.125257025274216	-5.024737736108691e-06
32.22319988205859	-4.886390397606431e-06
32.32114273884296	-4.751898484943962e-06
32.41908559562733	-4.621154478222556e-06
32.5170284524117	-4.49405385605226e-06
32.61497130919607	-4.370495011929632e-06
32.71291416598044	-4.250379172947552e-06
32.810857022764814	-4.133610320772039e-06
32.908799879549186	-4.020095114822863e-06
33.00674273633356	-3.909742817596502e-06
33.10468559311793	-3.8024652220716754e-06
33.2026284499023	-3.6981765811394073e-06
33.30057130668667	-3.596793539001123e-06
33.39851416347104	-3.4982350644799246e-06
33.49645702025541	-3.4024223861916716e-06
33.594399877039784	-3.309278929524011e-06
33.692342733824155	-3.2187302553729325e-06
33.790285590608526	-3.130704000587836e-06
33.888228447392905	-3.0451298200774608e-06
33.98617130417727	-2.9619393305303677e-06
34.08411416096165	-2.8810660557049356e-06
34.18205701774601	-2.80244537324511e-06
34.27999987453038	-2.726014462979354e-06
34.377942731314754	-2.6517122566614298e-06
34.475885588099125	-2.5794793891128118e-06
34.573828444883496	-2.509258150727632e-06
34.67177130166787	-2.4409924413021722e-06
34.76971415845224	-2.3746277251519473e-06
34.86765701523661	-2.31011098748049e-06
34.96559987202098	-2.247390691964913e-06
35.06354272880535	-2.186416739524329e-06
35.16148558558973	-2.12714042823813e-06
35.259428442374094	-2.069514414382064e-06
35.35737129915847	-2.013492674550939e-06
35.45531415594284	-1.959030468837641e-06
35.553257012727215	-1.9060843050390158e-06
35.65119986951158	-1.8546119038599801e-06
35.74914272629596	-1.8045721650880088e-06
35.84708558308032	-1.755925134710953e-06
35.9450284398647	-1.7086319729518725e-06
36.042971296649064	-1.6626549231953119e-06
36.14091415343344	-1.6179572817801554e-06
36.23885701021781	-1.5745033686349006e-06
36.33679986700218	-1.532258498731852e-06
36.434742723786556	-1.4911889543373999e-06
36.53268558057092	-1.4512619580361785e-06
36.6306284373553	-1.4124456465075286e-06
36.72857129413966	-1.3747090450332772e-06
36.82651415092404	-1.3380220427164464e-06
36.924457007708405	-1.3023553683910566e-06
37.02239986449278	-1.2676805672037606e-06
37.12034272127715	-1.2339699778485637e-06
37.218285578061526	-1.2011967104364237e-06
37.31622843484589	-1.16933462498202e-06
37.41417129163027	-1.1383583104904828e-06
37.51211414841463	-1.108243064627351e-06
37.61005700519901	-1.0789648739554914e-06
37.70799986198338	-1.0505003947231723e-06
37.80594271876775	-1.0228269341879145e-06
37.903885575552124	-9.959224324611856e-07
38.001828432336495	-9.697654448594058e-07
38.099771289120866	-9.443351247471465e-07
38.19771414590523	-9.196112068587998e-07
38.29565700268961	-8.95573991085371e-07
38.39359985947397	-8.722043267134243e-07
38.49154271625835	-8.49483597103571e-07
38.589485573042715	-8.273937047962437e-07
38.687428429827094	-8.059170570328394e-07
38.78537128661146	-7.85036551680649e-07
38.883314143395836	-7.647355635503098e-07
38.98125700018021	-7.449979310948374e-07
39.07919985696458	-7.25807943479595e-07
39.17714271374895	-7.071503280128521e-07
39.27508557053333	-6.89010237926881e-07
39.37302842731769	-6.713732404998128e-07
39.47097128410207	-6.542253055087498e-07
39.568914140886434	-6.37552794004897e-07
39.66685699767081	-6.21342447401733e-07
39.764799854455184	-6.055813768674886e-07
39.86274271123955	-5.902570530134471e-07
39.960685568023926	-5.753572958698172e-07
40.05862842480829	-5.608702651411584e-07
40.15657128159267	-5.467844507335612e-07
40.25451413837703	-5.330886635460056e-07
40.35245699516141	-5.197720265185299e-07
40.450399851945775	-5.068239659300469e-07
40.548342708730154	-4.942342029388461e-07
40.64628556551452	-4.819927453590149e-07
40.744228422298896	-4.7008987966619727e-07
40.84217127908326	-4.5851616322629635e-07
40.94011413586764	-4.472624167409021e-07
41.03805699265201	-4.363197169034002e-07
41.13599984943638	-4.2567938925988664e-07
41.23394270622075	-4.153330012691781e-07
41.33188556300512	-4.0527235555636326e-07
41.429828419789494	-3.954894833544983e-07
41.527771276573866	-3.859766381292009e-07
41.62571413335824	-3.767262893810408e-07
41.72365699014261	-3.6773111662076906e-07
41.82159984692698	-3.5898400351256554e-07
41.91954270371134	-3.5047803218061957e-07
42.01748556049572	-3.4220647767448834e-07
42.115428417280086	-3.3416280258880407e-07
42.213371274064464	-3.263406518330274e-07
42.311314130848835	-3.187338475470616e-07
42.409256987633206	-3.1133638415865953e-07
42.50719984441758	-3.0414242357866927e-07
42.60514270120195	-2.971462905302748e-07
42.70308555798632	-2.903424680084949e-07
42.80102841477069	-2.8372559286630645e-07
42.89897127155506	-2.7729045152386104e-07
42.996914128339434	-2.710319757973644e-07
43.094856985123805	-2.6494523884427965e-07
43.192799841908176	-2.590254512216091e-07
43.29074269869255	-2.5326795705410316e-07
43.38868555547692	-2.4766823030933096e-07
43.48662841226129	-2.422218711766302e-07
43.58457126904566	-2.3692460254704045e-07
43.68251412583003	-2.3177226659140545e-07
43.7804569826144	-2.267608214339049e-07
43.878399839398774	-2.2188633791835297e-07
43.976342696183146	-2.1714499646467866e-07
44.07428555296752	-2.125330840130737e-07
44.17222840975189	-2.0804699105336083e-07
44.27017126653626	-2.0368320873720657e-07
44.36811412332063	-1.9943832607087006e-07
44.466056980105	-1.9530902718623942e-07
44.56399983688937	-1.912920886879726e-07
44.661942693673744	-1.873843770746209e-07
44.759885550458115	-1.8358284623167297e-07
44.85782840724249	-1.7988453499451375e-07
44.95577126402686	-1.762865647793452e-07
45.053714120811236	-1.7278613728017615e-07
45.1516569775956	-1.6938053223003996e-07
45.24959983437998	-1.660671052246458e-07
45.34754269116434	-1.6284328560672448e-07
45.44548554794872	-1.597065744093744e-07
45.543428404733085	-1.5665454235676546e-07
45.641371261517456	-1.536848279205975e-07
45.73931411830183	-1.507951354307603e-07
45.8372569750862	-1.4798323323868476e-07
45.93519983187057	-1.4524695193191207e-07
46.03314268865494	-1.4258418259845678e-07
46.13108554543932	-1.3999287513957295e-07
46.22902840222368	-1.3747103662957254e-07
46.32697125900806	-1.3501672972138624e-07
46.424914115792426	-1.326280710965907e-07
46.522856972576804	-1.3030322995866e-07
46.62079982936117	-1.2804042656823688e-07
46.718742686145546	-1.2583793081925384e-07
46.81668554292991	-1.2369406085476244e-07
46.91462839971429	-1.2160718172136315e-07
47.01257125649865	-1.1957570406116295e-07
47.11051411328303	-1.175980828402089e-07
47.208456970067395	-1.156728161123851e-07
47.306399826851774	-1.137984438177803e-07
47.404342683636145	-1.1197354661456841e-07
47.50228554042051	-1.1019674474346411e-07
47.60022839720489	-1.0846669692384683e-07
47.69817125398925	-1.0678209928067037e-07
47.79611411077363	-1.0514168430129736e-07
47.894056967557994	-1.0354421982142606e-07
47.99199982434237	-1.0198850803929754e-07
48.089942681126736	-1.0047338455739512e-07
48.187885537911114	-9.899771745086831e-08
48.28582839469548	-9.756040636193707e-08
48.38377125147986	-9.616038161955043e-08
48.48171410826422	-9.479660338359629e-08
48.5796569650486	-9.346806081297813e-08
48.67759982183297	-9.217377125689207e-08
48.77554267861734	-9.091277946865713e-08
48.87348553540171	-8.968415684146974e-08
48.971428392186084	-8.848700066547234e-08
49.069371248970455	-8.732043340554071e-08
49.167314105754826	-8.618360199921202e-08
49.2652569625392	-8.50756771741927e-08
49.36319981932357	-8.399585278489898e-08
49.46114267610794	-8.294334516750035e-08
49.559085532892304	-8.191739251295003e-08
49.65702838967668	-8.091725425749975e-08
49.75497124646105	-7.994221049021102e-08
49.852914103245425	-7.899156137699141e-08
49.950856960029796	-7.806462660069174e-08
50.04879981681417	-7.71607448168186e-08
50.14674267359854	-7.62792731244262e-08
50.24468553038291	-7.541958655176301e-08
50.34262838716728	-7.458107755626349e-08
50.44057124395165	-7.37631555384836e-08
50.53851410073602	-7.29652463695918e-08
50.636456957520394	-7.218679193203765e-08
50.734399814304766	-7.142724967302979e-08
50.83234267108914	-7.068609217046629e-08
50.93028552787351	-6.996280671097103e-08
51.02822838465788	-6.92568948796977e-08
51.12617124144225	-6.856787216157242e-08
51.22411409822662	-6.78952675536577e-08
51.32205695501099	-6.723862318832668e-08
51.419999811795364	-6.659749396694633e-08
51.517942668579735	-6.597144720377638e-08
51.61588552536411	-6.536006227979888e-08
51.71382838214848	-6.476293030620224e-08
51.81177123893285	-6.417965379724941e-08
51.90971409571722	-6.360984635226929e-08
52.00765695250159	-6.305313234651705e-08
52.10559980928596	-6.250914663065593e-08
52.203542666070334	-6.197753423861922e-08
52.301485522854705	-6.145795010361991e-08
52.399428379639076	-6.095005878207943e-08
52.497371236423454	-6.045353418525666e-08
52.59531409320782	-5.996805931836066e-08
52.6932569499922	-5.9493326026938156e-08
52.79119980677656	-5.9029034750335365e-08
52.88914266356094	-5.857489428203444e-08
52.9870855203453	-5.8130621536673386e-08
53.085028377129674	-5.7695941323563595e-08
53.182971233914046	-5.727058612652398e-08
53.28091409069842	-5.685429588985449e-08
53.37885694748279	-5.644681781027816e-08
53.47679980426716	-5.604790613468588e-08
53.57474266105153	-5.5657321963522027e-08
53.6726855178359	-5.527483305965288e-08
53.77062837462028	-5.490021366256463e-08
53.868571231404644	-5.453324430774405e-08
53.96651408818902	-5.417371165109604e-08
54.06445694497339	-5.3821408298257334e-08
54.162399801757765	-5.347613263867112e-08
54.26034265854213	-5.313768868428794e-08
54.35828551532651	-5.2805885912765685e-08
54.45622837211087	-5.2480539115042176e-08
54.55417122889525	-5.216146824715853e-08
54.652114085679614	-5.1848498286215e-08
54.75005694246399	-5.154145909034439e-08
54.847999799248356	-5.124018526258947e-08
54.945942656032734	-5.0944516018577016e-08
55.043885512817106	-5.0654295057882515e-08
55.14182836960147	-5.036937043898184e-08
55.23977122638585	-5.008959445769071e-08
55.33771408317021	-4.981482352899358e-08
55.43565693995459	-4.954491807216895e-08
55.533599796738955	-4.927974239911744e-08
55.63154265352333	-4.901916460580403e-08
55.7294855103077	-4.8763056466728563e-08
55.827428367092075	-4.851129333233952e-08
55.92537122387644	-4.826375402930762e-08
56.02331408066082	-4.802032076358083e-08
56.12125693744519	-4.77808790261434e-08
56.21919979422956	-4.754531750140304e-08
56.31714265101393	-4.731352797813238e-08
56.4150855077983	-4.7085405262895185e-08
56.513028364582674	-4.6860847095886306e-08
56.610971221367045	-4.6639754069118266e-08
56.708914078151416	-4.642202954688993e-08
56.80685693493579	-4.6207579588473064e-08
56.90479979172016	-4.599631287295558e-08
57.00274264850452	-4.578814062617997e-08
57.1006855052889	-4.558297654971916e-08
57.198628362073265	-4.538073675183369e-08
57.29657121885764	-4.5181339680354e-08
57.394514075642014	-4.49847060574346e-08
57.492456932426386	-4.479075881612742e-08
57.59039978921076	-4.459942303872475e-08
57.68834264599513	-4.441062589682217e-08
57.7862855027795	-4.422429659305103e-08
57.88422835956387	-4.4040366304436837e-08
57.98217121634824	-4.3858768127338005e-08
58.08011407313261	-4.367943702391974e-08
58.178056929916984	-4.350230977012024e-08
58.275999786701355	-4.332732490506812e-08
58.37394264348573	-4.315442268191082e-08
58.4718855002701	-4.2983545020013926e-08
58.56982835705447	-4.281463545849387e-08
58.66777121383885	-4.264763911104668e-08
58.76571407062321	-4.248250262203581e-08
58.86365692740758	-4.231917412380476e-08
58.961599784191954	-4.2157603195180414e-08
59.059542640976325	-4.199774082113352e-08
59.157485497760696	-4.183953935356468e-08
59.25542835454507	-4.16829524731833e-08
59.35337121132944	-4.152793515244904e-08
59.45131406811381	-4.137444361954835e-08
59.54925692489818	-4.122243532337492e-08
59.64719978168255	-4.107186889948592e-08
59.74514263846692	-4.0922704137008804e-08
59.84308549525129	-4.077490194647085e-08
59.94102835203567	-4.062842432852533e-08
60.03897120882004	-4.0483234343549993e-08
60.13691406560441	-4.033929608209384e-08
60.234856922388786	-4.019657463614754e-08
60.33279977917316	-4.005503607121524e-08
60.43074263595752	-3.9914647399164905e-08
60.52868549274189	-3.977537655183661e-08
60.62662834952627	-3.963719235538633e-08
60.724571206310635	-3.950006450534482e-08
60.82251406309501	-3.936396354237327e-08
60.92045691987938	-3.922886082869434e-08
61.018399776663756	-3.909472852517998e-08
61.11634263344812	-3.896153956907876e-08
61.21428549023249	-3.882926765236454e-08
61.31222834701687	-3.869788720068857e-08
61.41017120380124	-3.856737335291882e-08
61.508114060585605	-3.843770194124979e-08
61.606056917369976	-3.83088494718671e-08
61.703999774154354	-3.818079310615115e-08
61.801942630938726	-3.8053510642404935e-08
61.89988548772309	-3.7926980498091736e-08
61.99782834450746	-3.7801181692568115e-08
62.09577120129184	-3.767609383029807e-08
62.19371405807621	-3.7551697084536016e-08
62.291656914860575	-3.7427972181464104e-08
62.389599771644946	-3.730490038477164e-08
62.487542628429324	-3.718246348066558e-08
62.585485485213695	-3.7060643763298955e-08
62.68342834199806	-3.693942402060499e-08
62.78137119878244	-3.6818787520526504e-08
62.87931405556681	-3.669871799762947e-08
62.97725691235117	-3.6579199640089544e-08
63.075199769135544	-3.64602170770422e-08
63.17314262591992	-3.6341755366285184e-08
63.271085482704294	-3.622379998232398e-08
63.36902833948866	-3.6106336804750764e-08
63.46697119627303	-3.5989352106947126e-08
63.56491405305741	-3.587283254510232e-08
63.66285690984178	-3.575676514753762e-08
63.76079976662614	-3.5641137304328015e-08
63.85874262341053	-3.552593675721339e-08
63.95668548019489	-3.5411151589791586e-08
64.05462833697926	-3.5296770217984744e-08
64.15257119376363	-3.5182781380771477e-08
64.250514050548	-3.506917413117735e-08
64.34845690733238	-3.4955937827517284e-08
64.44639976411675	-3.484306212488128e-08
64.54434262090112	-3.473053696685759e-08
64.64228547768549	-3.461835257748758e-08
64.74022833446986	-3.45064994534443e-08
64.83817119125423	-3.4394968356429354e-08
64.93611404803859	-3.428375030578144e-08
65.03405690482298	-3.4172836571291944e-08
65.13199976160735	-3.4062218666220484e-08
65.22994261839172	-3.395188834050458e-08
65.32788547517609	-3.38418375741591e-08
65.42582833196046	-3.373205857086032e-08
65.52377118874483	-3.362254375170788e-08
65.6217140455292	-3.3513285749161267e-08
65.71965690231357	-3.3404277401145696e-08
65.81759975909794	-3.329551174532236e-08
65.91554261588232	-3.318698201351783e-08
66.01348547266669	-3.3078681626309914e-08
66.11142832945106	-3.297060418776323e-08
66.20937118623543	-3.2862743480311934e-08
66.3073140430198	-3.275509345978535e-08
66.40525689980417	-3.264764825057237e-08
66.50319975658854	-3.254040214092072e-08
66.60114261337291	-3.2433349578367476e-08
66.69908547015729	-3.2326485165296667e-08
66.79702832694166	-3.221980365462104e-08
66.89497118372603	-3.211329994558409e-08
66.9929140405104	-3.2006969079678884e-08
67.09085689729477	-3.1900806236680864e-08
67.18879975407914	-3.179480673079151e-08
67.28674261086351	-3.1688966006889755e-08
67.38468546764788	-3.1583279636888194e-08
67.48262832443227	-3.1477743316190126e-08
67.58057118121663	-3.137235286024486e-08
67.678514038001	-3.126710420120048e-08
67.77645689478537	-3.116199338464937e-08
67.87439975156975	-3.1057016566464265e-08
67.97234260835411	-3.09521700097228e-08
68.07028546513848	-3.084745008171803e-08
68.16822832192285	-3.074285325105159e-08
68.26617117870722	-3.0638376084808565e-08
68.3641140354916	-3.053401524581135e-08
68.46205689227597	-3.042976748994949e-08
68.55999974906034	-3.0325629663583935e-08
68.65794260584471	-3.022159870102455e-08
68.75588546262908	-3.0117671622076954e-08
68.85382831941345	-3.001384552965849e-08
68.95177117619784	-2.991011760748057e-08
69.0497140329822	-2.980648511779478e-08
69.14765688976657	-2.970294539920293e-08
69.24559974655094	-2.9599495864527964e-08
69.34354260333532	-2.9496133998743676e-08
69.44148546011968	-2.93928573569625e-08
69.53942831690405	-2.9289663562480297e-08
69.63737117368842	-2.918655030487458e-08
69.73531403047281	-2.9083515338155757e-08
69.83325688725716	-2.8980556478970054e-08
69.93119974404154	-2.8877671604853003e-08
70.02914260082592	-2.8774858652531388e-08
70.12708545761028	-2.8672115616272797e-08
70.22502831439465	-2.856944054628076e-08
70.32297117117902	-2.846683154713431e-08
70.4209140279634	-2.836428677627228e-08
70.51885688474776	-2.826180444251872e-08
70.61679974153213	-2.8159382804649904e-08
70.7147425983165	-2.8057020170001184e-08
70.81268545510089	-2.7954714893112846e-08
70.91062831188525	-2.7852465374413768e-08
71.00857116866962	-2.7750270058941714e-08
71.10651402545399	-2.7648127435099118e-08
71.20445688223838	-2.7546036033443808e-08
71.30239973902273	-2.744399442551386e-08
71.4003425958071	-2.7342001222683755e-08
71.49828545259149	-2.724005507505383e-08
71.59622830937586	-2.7138154670370525e-08
71.69417116616022	-2.7036298732976083e-08
71.79211402294459	-2.6934486022788704e-08
71.89005687972897	-2.6832715334309678e-08
71.98799973651334	-2.6730985495658807e-08
72.0859425932977	-2.662929536763778e-08
72.18388545008207	-2.6527643842818154e-08
72.28182830686646	-2.6426029844655207e-08
72.37977116365082	-2.6324452326626942e-08
72.47771402043519	-2.6222910271396924e-08
72.57565687721957	-2.6121402690000317e-08
72.67359973400394	-2.6019928621052112e-08
72.7715425907883	-2.5918487129978295e-08
72.86948544757267	-2.581707730826867e-08
72.96742830435706	-2.571569827274995e-08
73.06537116114143	-2.5614349164877947e-08
73.16331401792579	-2.551302915005125e-08
73.26125687471016	-2.541173741694458e-08
73.35919973149454	-2.5310473176858618e-08
73.45714258827891	-2.5209235663089204e-08
73.55508544506327	-2.5108024130313938e-08
73.65302830184764	-2.5006837853996307e-08
73.75097115863203	-2.4905676129805732e-08
73.8489140154164	-2.4804538273053496e-08
73.94685687220075	-2.470342361814558e-08
74.04479972898514	-2.4602331518050264e-08
74.14274258576951	-2.450126134377988e-08
74.24068544255387	-2.440021248388795e-08
74.33862829933824	-2.429918434397983e-08
74.43657115612262	-2.4198176346237213e-08
74.534514012907	-2.4097187928956056e-08
74.63245686969135	-2.399621854609691e-08
74.73039972647572	-2.3895267666848174e-08
74.82834258326011	-2.379433477520133e-08
74.92628544004448	-2.369341936953848e-08
75.02422829682884	-2.3592520962231027e-08
75.12217115361322	-2.3491639079249227e-08
75.2201140103976	-2.3390773259783137e-08
75.31805686718197	-2.3289923055873712e-08
75.41599972396632	-2.3189088032054607e-08
75.51394258075071	-2.3088267765003352e-08
75.61188543753508	-2.298746184320316e-08
75.70982829431945	-2.2886669866613833e-08
75.80777115110381	-2.2785891446351603e-08
75.9057140078882	-2.2685126204377574e-08
76.00365686467256	-2.2584373773195655e-08
76.10159972145692	-2.2483633795558388e-08
76.19954257824129	-2.2382905924180786e-08
76.29748543502568	-2.2282189821462893e-08
76.39542829181005	-2.2181485159220076e-08
76.4933711485944	-2.2080791618419645e-08
76.59131400537879	-2.1980108888926085e-08
76.68925686216316	-2.1879436669252782e-08
76.78719971894753	-2.1778774666321218e-08
76.88514257573189	-2.1678122595226e-08
76.98308543251628	-2.1577480179007075e-08
77.08102828930065	-2.1476847148428242e-08
77.17897114608502	-2.137622324176132e-08
77.27691400286938	-2.127560820457748e-08
77.37485685965376	-2.1175001789543292e-08
77.47279971643813	-2.107440375622276e-08
77.5707425732225	-2.0973813870885415e-08
77.66868543000687	-2.087323190631871e-08
77.76662828679125	-2.0772657641646512e-08
77.86457114357562	-2.067209086215251e-08
77.96251400035999	-2.0571531359107992e-08
78.06045685714436	-2.0470978929605297e-08
78.15839971392873	-2.0370433376395636e-08
78.2563425707131	-2.0269894507731055e-08
78.35428542749746	-2.0169362137210483e-08
78.45222828428184	-2.0068836083631176e-08
78.55017114106622	-1.9968316170843857e-08
78.64811399785059	-1.9867802227611596e-08
78.74605685463494	-1.9767294087472628e-08
78.84399971141933	-1.9666791588607264e-08
78.9419425682037	-1.9566294573708464e-08
79.03988542498807	-1.946580288985629e-08
79.13782828177244	-1.9365316388395185e-08
79.23577113855681	-1.9264834924814935e-08
79.33371399534118	-1.9164358358635216e-08
79.43165685212556	-1.9063886553293443e-08
79.52959970890993	-1.8963419376035447e-08
79.6275425656943	-1.886295669780905e-08
79.72548542247867	-1.8762498393160973e-08
79.82342827926304	-1.866204434013615e-08
79.92137113604741	-1.8561594420180753e-08
80.01931399283178	-1.8461148518047154e-08
80.11725684961615	-1.836070652170135e-08
80.21519970640053	-1.8260268322233388e-08
80.3131425631849	-1.8159833813770508e-08
80.41108541996927	-1.8059402893392565e-08
80.50902827675364	-1.7958975461049285e-08
80.60697113353801	-1.7858551419480445e-08
80.70491399032238	-1.775813067413794e-08
80.80285684710675	-1.765771313311026e-08
80.90079970389112	-1.7557298707048953e-08
80.9987425606755	-1.745688730909704e-08
81.09668541745987	-1.735647885481936e-08
81.19462827424424	-1.7256073262135067e-08
81.29257113102861	-1.715567045125223e-08
81.39051398781298	-1.705527034460406e-08
81.48845684459735	-1.6954872866786716e-08
81.58639970138172	-1.685447794449882e-08
81.6843425581661	-1.6754085506482937e-08
81.78228541495046	-1.665369548346844e-08
81.88022827173484	-1.6553307808116112e-08
81.97817112851921	-1.6452922414964495e-08
82.07611398530358	-1.635253924037763e-08
82.17405684208795	-1.6252158222493793e-08
82.27199969887232	-1.6151779301176025e-08
82.36994255565669	-1.6051402417964105e-08
82.46788541244106	-1.5951027516027682e-08
82.56582826922543	-1.5850654540120812e-08
82.6637711260098	-1.575028343653825e-08
82.76171398279419	-1.564991415307202e-08
82.85965683957855	-1.554954663896977e-08
82.95759969636292	-1.5449180844893858e-08
83.05554255314729	-1.5348816722882304e-08
83.15348540993168	-1.5248454226310512e-08
83.25142826671603	-1.51480933098534e-08
83.3493711235004	-1.504773392944933e-08
83.44731398028478	-1.4947376042264786e-08
83.54525683706915	-1.4847019606660435e-08
83.64319969385352	-1.4746664582157824e-08
83.74114255063789	-1.464631092940665e-08
83.83908540742227	-1.454595861015359e-08
83.93702826420663	-1.4445607587211577e-08
84.034971120991	-1.4345257824429668e-08
84.13291397777537	-1.4244909286664719e-08
84.23085683455976	-1.4144561939753367e-08
84.32879969134412	-1.4044215750484081e-08
84.42674254812849	-1.3943870686571243e-08
84.52468540491286	-1.3843526716628831e-08
84.62262826169724	-1.3743183810145167e-08
84.7205711184816	-1.3642841937458902e-08
84.81851397526597	-1.3542501069735196e-08
84.91645683205034	-1.3442161178942368e-08
85.01439968883473	-1.3341822237829803e-08
85.11234254561909	-1.3241484219906134e-08
85.21028540240346	-1.3141147099418006e-08
85.30822825918784	-1.3040810851329217e-08
85.4061711159722	-1.2940475451301012e-08
85.50411397275657	-1.284014087567266e-08
85.60205682954094	-1.2739807101442413e-08
85.69999968632533	-1.263947410624905e-08
85.79794254310968	-1.253914186835369e-08
85.89588539989406	-1.2438810366622862e-08
85.99382825667843	-1.2338479580511858e-08
86.09177111346281	-1.2238149490047513e-08
86.18971397024717	-1.213782007581242e-08
86.28765682703154	-1.2037491318929613e-08
86.38559968381593	-1.1937163201047469e-08
86.4835425406003	-1.1836835704324766e-08
86.58148539738465	-1.1736508811416626e-08
86.67942825416903	-1.1636182505461129e-08
86.77737111095341	-1.153585677006523e-08
86.87531396773778	-1.1435531589291768e-08
86.97325682452214	-1.1335206947646634e-08
87.07119968130651	-1.123488283006605e-08
87.1691425380909	-1.1134559221905088e-08
87.26708539487525	-1.103423610892571e-08
87.36502825165962	-1.0933913477285482e-08
87.462971108444	-1.083359131352657e-08
87.56091396522838	-1.0733269604564734e-08
87.65885682201274	-1.0632948337679291e-08
87.75679967879711	-1.0532627500502583e-08
87.8547425355815	-1.0432307081009936e-08
87.95268539236586	-1.0331987067509995e-08
88.05062824915022	-1.0231667448635636e-08
88.1485711059346	-1.0131348213335068e-08
88.24651396271898	-1.0031029350862557e-08
88.34445681950335	-9.930710850769997e-09
88.4423996762877	-9.830392702898886e-09
88.54034253307208	-9.730074897371896e-09
88.63828538985646	-9.629757424584557e-09
88.73622824664083	-9.529440275198081e-09
88.83417110342519	-9.429123440132084e-09
88.93211396020958	-9.328806910556939e-09
89.03005681699395	-9.22849067788641e-09
89.12799967377832	-9.128174733771526e-09
89.22594253056268	-9.027859070093784e-09
89.32388538734706	-8.927543678958081e-09
89.42182824413143	-8.82722855268677e-09
89.51977110091579	-8.726913683813642e-09
89.61771395770016	-8.626599065077892e-09
89.71565681448455	-8.526284689417808e-09
89.81359967126892	-8.425970549965705e-09
89.91154252805327	-8.325656640042555e-09
90.00948538483765	-8.225342953152352e-09
90.10742824162203	-8.125029482976566e-09
90.2053710984064	-8.024716223369442e-09
90.30331395519076	-7.92440316835323e-09
90.40125681197514	-7.824090312113202e-09
90.49919966875952	-7.723777648993061e-09
90.59714252554389	-7.623465173490163e-09
90.69508538232824	-7.523152880251392e-09
90.79302823911263	-7.4228407640689635e-09
90.890971095897	-7.322528819875919e-09
90.98891395268137	-7.2222170427423006e-09
91.08685680946573	-7.121905427871136e-09
91.18479966625011	-7.021593970594798e-09
91.28274252303449	-6.9212826663711835e-09
91.38068537981884	-6.820971510779884e-09
91.47862823660323	-6.720660499518739e-09
91.5765710933876	-6.620349628400584e-09
91.67451395017197	-6.520038893349813e-09
91.77245680695633	-6.419728290398921e-09
91.87039966374071	-6.319417815685649e-09
91.96834252052508	-6.219107465449528e-09
92.06628537730946	-6.118797236029112e-09
92.16422823409381	-6.0184871238591995e-09
92.2621710908782	-5.9181771254676774e-09
92.36011394766257	-5.817867237472745e-09
92.45805680444694	-5.71755745658024e-09
92.5559996612313	-5.6172477795811445e-09
92.65394251801568	-5.516938203349199e-09
92.75188537480005	-5.416628724837933e-09
92.84982823158442	-5.31631934107818e-09
92.9477710883688	-5.216010049175968e-09
93.04571394515317	-5.115700846310421e-09
93.14365680193754	-5.015391729731174e-09
93.2415996587219	-4.915082696756264e-09
93.33954251550628	-4.814773744770412e-09
93.43748537229065	-4.714464871222345e-09
93.53542822907502	-4.614156073622784e-09
93.63337108585938	-4.513847349542243e-09
93.73131394264377	-4.413538696609791e-09
93.82925679942814	-4.31323011251094e-09
93.92719965621251	-4.2129215949853524e-09
94.02514251299688	-4.1126131418251205e-09
94.12308536978125	-4.0123047508737105e-09
94.22102822656562	-3.911996420023861e-09
94.31897108335	-3.81168814721557e-09
94.41691394013436	-3.711379930434472e-09
94.51485679691874	-3.611071767710213e-09
94.6127996537031	-3.510763657115104e-09
94.71074251048748	-3.4104555967628854e-09
94.80868536727185	-3.310147584806713e-09
94.90662822405622	-3.2098396194377224e-09
95.00457108084059	-3.1095316988839814e-09
95.10251393762496	-3.0092238214089555e-09
95.20045679440933	-2.9089159853096895e-09
95.2983996511937	-2.808608188915567e-09
95.39634250797808	-2.7083004305872547e-09
95.49428536476245	-2.607992708715174e-09
95.59222822154682	-2.507685021718448e-09
95.69017107833119	-2.4073773680434652e-09
95.78811393511556	-2.307069746162447e-09
95.88605679189993	-2.2067621545723916e-09
95.9839996486843	-2.1064545917940256e-09
96.08194250546867	-2.006147056370462e-09
96.17988536225305	-1.905839546865862e-09
96.27782821903742	-1.8055320618647639e-09
96.37577107582179	-1.7052245999711281e-09
96.47371393260616	-1.6049171598065186e-09
96.57165678939053	-1.504609740009146e-09
96.6695996461749	-1.4043023392328153e-09
96.76754250295927	-1.3039949561457781e-09
96.86548535974364	-1.2036875894299671e-09
96.96342821652802	-1.1033802377799434e-09
97.06137107331239	-1.0030728999017485e-09
97.15931393009676	-9.027655745117572e-10
97.25725678688113	-8.024582603357194e-10
97.3551996436655	-7.021509561079001e-10
97.45314250044987	-6.018436605695482e-10
97.55108535723424	-5.015363724681313e-10
97.64902821401861	-4.0122909055666613e-10
97.74697107080299	-3.009218135923786e-10
97.84491392758736	-2.0061454033593894e-10
97.94285678437173	-1.0030726955031372e-10
97.94285678437338	0.0
