0.0	-0.1499999999330916
0.09796034216346627	-0.1470270978574968
0.19592068432693255	-0.14411322076693567
0.2938810264903988	-0.14125719069592618
0.3918413686538651	-0.13845785354109316
0.4898017108173314	-0.13571407855726134
0.5877620529807976	-0.1330247578653699
0.685722395144264	-0.1303888059718632
0.7836827373077302	-0.1278051592992311
0.8816430794711965	-0.12527277572738155
0.9796034216346629	-0.12279063414553784
1.077563763798129	-0.12035773401437223
1.1755241059615953	-0.11797309493808628
1.2734844481250616	-0.1156357562461736
1.371444790288528	-0.113344776584595
1.4694051324519941	-0.11109923351611867
1.5673654746154604	-0.10889822312957825
1.6653258167789269	-0.10674085965781333
1.763286158942393	-0.10462627510406734
1.8612465011058592	-0.10255361887661871
1.9592068432693257	-0.10052205743143874
2.0571671854327915	-0.09853077392266553
2.155127527596258	-0.09657896786069943
2.2530878697597245	-0.09466585477772615
2.3510482119231906	-0.09279066590048322
2.4490085540866566	-0.09095264783008909
2.546968896250123	-0.0891510622287612
2.6449292384135896	-0.08738518551325332
2.742889580577056	-0.08565430855485273
2.840849922740522	-0.08395773638577261
2.9388102649039882	-0.08229478791179283
3.0367706070674547	-0.08066479563099438
3.1347309492309208	-0.0790671053584479
3.2326912913943873	-0.07750107595671193
3.3306516335578538	-0.07596607907200742
3.4286119757213203	-0.07446149887593637
3.526572317884786	-0.07298673181261342
3.6245326600482524	-0.07154118635108919
3.7224930022117184	-0.07012428274294119
3.8204533443751854	-0.06873545278491694
3.9184136865386514	-0.06737413958651159
4.016374028702118	-0.06603979734237223
4.114334370865583	-0.06473189110941524
4.21229471302905	-0.06344989658855824
4.310255055192516	-0.06219329991095586
4.408215397355982	-0.06096159742864635
4.506175739519449	-0.059754295509505236
4.604136081682916	-0.05857091033641614
4.702096423846381	-0.05741096771056512
4.800056766009847	-0.0562740028587638
4.898017108173313	-0.05515956024472142
4.99597745033678	-0.05406719338417293
5.093937792500246	-0.052996464663784416
5.191898134663713	-0.05194694516374985
5.289858476827179	-0.050918214484006144
5.387818818990646	-0.04990986057398218
5.485779161154112	-0.0489214795658102
5.583739503317578	-0.047952675610924984
5.681699845481044	-0.04700306071997903
5.77966018764451	-0.04607225460600136
5.8776205298079764	-0.04515988453073507
5.9755808719714425	-0.0442655851540825
6.073541214134909	-0.04338899838659579
6.1715015562983755	-0.04252977324494683
6.2694618984618415	-0.04168756571031534
6.367422240625308	-0.04086203858963322
6.4653825827887745	-0.040052861379626346
6.563342924952241	-0.03925971013359474
6.6613032671157075	-0.03848226733087432
6.759263609279174	-0.03772022174892608
6.8572239514426405	-0.03697326833799496
6.955184293606105	-0.03624110809828886
7.053144635769572	-0.03552344795962409
7.151104977933039	-0.03482000066348501
7.249065320096505	-0.03413048464745187
7.347025662259971	-0.033454623931944184
7.444986004423437	-0.0327921480092345
7.542946346586905	-0.032142791734685504
7.640906688750371	-0.0315062952201645
7.738867030913837	-0.03088240372959154
7.836827373077303	-0.03027086757657728
7.93478771524077	-0.0296714420241064
8.032748057404236	-0.029083887186228775
8.130708399567702	-0.02850796793171271
8.228668741731166	-0.02794345378962482
8.326629083894632	-0.027390118856793422
8.4245894260581	-0.026847741707120502
8.522549768221566	-0.02631610530270408
8.620510110385032	-0.025794996906730448
8.718470452548498	-0.025284207998108054
8.816430794711964	-0.024783534187800136
8.91439113687543	-0.02429277513682683
9.012351479038898	-0.023811734475900147
9.110311821202364	-0.023340219726661303
9.208272163365832	-0.022878042224485938
9.306232505529298	-0.0224250170428273
9.404192847692762	-0.02198096291906446
9.502153189856228	-0.021545702181828025
9.600113532019694	-0.021119060679771904
9.69807387418316	-0.02070086771176025
9.796034216346627	-0.02029095595844661
9.893994558510094	-0.019889161415211024
9.99195490067356	-0.01949532332643264
10.089915242837026	-0.019109284121068028
10.187875585000493	-0.018730889349510435
10.285835927163959	-0.018359987621704967
10.383796269327426	-0.01799643054649256
10.481756611490892	-0.017640072672158783
10.579716953654358	-0.017290771428166218
10.677677295817826	-0.01694838706804204
10.775637637981292	-0.016612782613399935
10.873597980144758	-0.016283823799076346
10.971558322308224	-0.015961379019353426
11.06951866447169	-0.015645319275250542
11.167479006635157	-0.015335518122863823
11.265439348798623	-0.01503185162272863
11.363399690962089	-0.01473419829018983
11.461360033125555	-0.01444243904675494
11.55932037528902	-0.014156457172413978
11.657280717452487	-0.013876138258905282
11.755241059615953	-0.013601370163908118
11.853201401779419	-0.013332042966145517
11.951161743942885	-0.013068048921375416
12.049122086106353	-0.012809282419257814
12.147082428269819	-0.01255563994107539
12.245042770433285	-0.012307020018293438
12.343003112596751	-0.012063323191941361
12.440963454760217	-0.011824451972801417
12.538923796923683	-0.011590310802383872
12.63688413908715	-0.011360806014678985
12.734844481250615	-0.011135845798665911
12.832804823414083	-0.010915340161565335
12.930765165577549	-0.010699200892819928
13.028725507741015	-0.010487341528791452
13.126685849904481	-0.010279677318153812
13.224646192067947	-0.010076125187975517
13.322606534231415	-0.009876603710473279
13.420566876394881	-0.009681033070423978
13.518527218558347	-0.009489335033223854
13.616487560721815	-0.009301432913579771
13.714447902885281	-0.009117251544821257
13.812408245048744	-0.008936717248821386
13.91036858721221	-0.00875975780651303
14.008328929375677	-0.00858630242898953
14.106289271539143	-0.008416281729178297
14.20424961370261	-0.008249627694075806
14.302209955866077	-0.0080862736575323
14.400170298029543	-0.007926154273576423
14.49813064019301	-0.00776920549026815
14.596090982356476	-0.007615364524069745
14.694051324519942	-0.007464569834723782
14.792011666683408	-0.007316761100630869
14.889972008846874	-0.007171879194713355
14.987932351010341	-0.007029866160758116
15.08589269317381	-0.00689066519022707
15.183853035337274	-0.006754220599529383
15.281813377500741	-0.0066204778077408434
15.379773719664206	-0.0064893833147669526
15.477734061827674	-0.006360884679938278
15.575694403991138	-0.006234930501028304
15.673654746154606	-0.006111470393688926
15.771615088318072	-0.005990454971292604
15.86957543048154	-0.005871835825172259
15.967535772645004	-0.005755565505255815
16.06549611480847	-0.005641597501081263
16.163456456971936	-0.005529886223189706
16.261416799135404	-0.005420386984885714
16.359377141298868	-0.005313055984359895
16.457337483462332	-0.005207850287165096
16.5552978256258	-0.005104727809040362
16.653258167789264	-0.005003647299073723
16.751218509952732	-0.004904568323199577
16.8491788521162	-0.00480745124802317
16.947139194279668	-0.004712257224964452
17.045099536443132	-0.00461894817471613
17.1430598786066	-0.004527486772011175
17.241020220770064	-0.004437836430689088
17.338980562933532	-0.004349961289060957
17.436940905096996	-0.004263826195562443
17.534901247260464	-0.004179396694691232
17.63286158942393	-0.004096639013223502
17.730821931587396	-0.0040155200467031135
17.82878227375086	-0.003936007346198562
17.92674261591433	-0.0038580691053214725
18.024702958077796	-0.0037816741475030654
18.12266330024126	-0.003706791913522189
18.22062364240473	-0.0036333924492807485
18.318583984568196	-0.0035614463938199396
18.416544326731664	-0.0034909249675760634
18.51450466889513	-0.0034217999608669265
18.612465011058596	-0.003354043722606534
18.71042535322206	-0.00328762914924468
18.808385695385525	-0.0032225296739240663
18.906346037548992	-0.003158719255852493
19.004306379712457	-0.0030961723698863324
19.102266721875925	-0.003034863996319086
19.20022706403939	-0.002974769610872619
19.298187406202857	-0.0029158651748873374
19.39614774836632	-0.0028581271257058223
19.49410809052979	-0.0028015323672464423
19.592068432693253	-0.0027460582607652653
19.69002877485672	-0.00269168261579904
19.78798911702019	-0.0026383836812889304
19.885949459183657	-0.002586140136879577
19.98390980134712	-0.002534931084390075
20.081870143510585	-0.002484736039454144
20.179830485674053	-0.0024355349233260958
20.277790827837517	-0.002387308054849013
20.375751170000985	-0.0023400361425813146
20.47371151216445	-0.0022937002770799233
20.571671854327917	-0.002248281923336236
20.66963219649138	-0.0022037629133613394
20.767592538654853	-0.0021601254389187062
20.865552880818313	-0.002117352044400818
20.963513222981785	-0.0020754256198455296
21.061473565145246	-0.0020343293940926397
21.159433907308717	-0.001994046928074706
21.25739424947218	-0.001954562108240823
21.355354591635653	-0.0019158591401116348
21.453314933799117	-0.0018779225419605246
21.551275275962585	-0.0018407371386208308
21.64923561812605	-0.0018042880554156044
21.747195960289517	-0.0017685607122070938
21.84515630245298	-0.001733540817564708
21.94311664461645	-0.0016992143630484367
22.041076986779913	-0.0016655676176044875
22.13903732894338	-0.001632587122073236
22.236997671106845	-0.0016002596838047098
22.334958013270313	-0.0015685723713823741
22.432918355433777	-0.0015375125094491163
22.530878697597245	-0.0015070676736373214
22.62883903976071	-0.0014772256855991575
22.726799381924177	-0.0014479746081347581
22.824759724087645	-0.0014193027404173126
22.92272006625111	-0.0013911986133125376
23.020680408414577	-0.0013636509847899916
23.11864075057804	-0.0013366488354279362
23.21660109274151	-0.0013101813640032133
23.314561434904974	-0.0012842379831722896
23.41252177706844	-0.0012588083152353907
23.510482119231906	-0.0012338821879847705
23.608442461395374	-0.0012094496306370437
23.706402803558838	-0.0011855008698432995
23.804363145722306	-0.0011620263257804842
23.90232348788577	-0.0011390166083186644
24.000283830049238	-0.0011164625132656675
24.098244172212706	-0.0010943550186848195
24.196204514376173	-0.001072685281285288
24.294164856539638	-0.0010514446328860855
24.392125198703106	-0.0010306245769474648
24.49008554086657	-0.0010102167851729932
24.588045883030038	-0.0009902130941775915
24.686006225193502	-0.0009706055022219417
24.78396656735697	-0.0009513861660123304
24.881926909520434	-0.0009325473975625575
24.979887251683902	-0.0009140816611189801
25.077847593847366	-0.0008959815701459902
25.17580793601083	-0.0008782398843712244
25.2737682781743	-0.000860849506889802
25.371728620337763	-0.0008438034813244518
25.46968896250123	-0.0008270949890439389
25.567649304664698	-0.0008107173464350934
25.665609646828166	-0.0007946640022288597
25.76356998899163	-0.0007789285348805582
25.861530331155098	-0.0007635046500001118
25.959490673318562	-0.0007483861778355453
26.05745101548203	-0.0007335670708037324
26.155411357645495	-0.0007190414010717004
26.253371699808962	-0.0007048033581855802
26.351332041972427	-0.0006908472467462946
26.449292384135894	-0.0006771674841315129
26.54725272629936	-0.0006637585982618596
26.64521306846283	-0.0006506152254124638
26.74317341062629	-0.0006377321080678301
26.841133752789762	-0.0006251040928177981
26.939094094953223	-0.0006127261282967862
27.037054437116694	-0.0006005932631627562
27.13501477928016	-0.0005887006441172095
27.23297512144363	-0.0005770435139630949
27.330935463607094	-0.000565617209702608
27.428895805770562	-0.0005544171606708735
27.526856147934026	-0.0005434388867088253
27.624816490097487	-0.0005326779963701651
27.72277683226096	-0.0005221301851652728
27.82073717442442	-0.0005117912338391698
27.91869751658789	-0.0005016570066835237
28.016657858751355	-0.0004917234498826833
28.114618200914823	-0.0004819865898917317
28.212578543078287	-0.00047244253184744125
28.310538885241755	-0.00046308745801011474
28.40849922740522	-0.0004539176262360865
28.506459569568687	-0.000444929368481093
28.604419911732155	-0.00043611908933339566
28.702380253895623	-0.0004274832645750918
28.800340596059087	-0.0004190184397718274
28.898300938222555	-0.0004107212288924599
28.99626128038602	-0.0004025883129535534
29.094221622549487	-0.000394616438691366
29.19218196471295	-0.00038680241726176523
29.29014230687642	-0.0003791431229638463
29.388102649039883	-0.0003716354919892442
29.48606299120335	-0.0003642765211978011
29.584023333366815	-0.0003570632669149185
29.681983675530283	-0.00034999284375480857
29.779944017693747	-0.0003430624234663072
29.877904359857215	-0.00033626923380102264
29.975864702020683	-0.0003296105574053679
30.07382504418415	-0.0003230837307322537
30.17178538634762	-0.00031668614297665585
30.269745728511076	-0.00031041523503105633
30.367706070674547	-0.0003042684984614184
30.46566641283801	-0.0002982434745043597
30.563626755001483	-0.00029233775308285263
30.66158709716494	-0.00028654897184267076
30.75954743932841	-0.0002808748152075771
30.857507781491876	-0.00027531301345258617
30.955468123655347	-0.00026986134179618335
31.05342846581881	-0.0002645176195110556
31.151388807982276	-0.0002592797090502193
31.24934915014574	-0.0002541455151936529
31.34730949230921	-0.00024911298420920985
31.445269834472676	-0.0002441801030315879
31.543230176636143	-0.00023934489845624007
31.641190518799608	-0.00023460543635155776
31.73915086096308	-0.00022995982088332666
31.837111203126543	-0.000225406193758116
31.935071545290008	-0.0002209427334789356
32.03303188745347	-0.0002165676546164909
32.13099222961694	-0.0002122792070960329
32.22895257178041	-0.00020807567549580437
32.32691291394387	-0.0002039553783621876
32.42487325610734	-0.0001999166675362223
32.52283359827081	-0.00019595792749526716
32.620793940434275	-0.00019207757470558406
32.718754282597736	-0.00018827405698961801
32.816714624761204	-0.00018454585290486304
32.914674966924665	-0.00018089147113586635
33.01263530908814	-0.00017730944989670467
33.1105956512516	-0.00017379835634681855
33.20855599341507	-0.00017035678601776008
33.30651633557853	-0.00016698336225174116
33.404476677742004	-0.00016367673565020497
33.502437019905464	-0.0001604355835346393
33.60039736206893	-0.00015725860941741054
33.6983577042324	-0.0001541445424826174
33.79631804639587	-0.00015109213707873885
33.894278388559336	-0.0001481001722195234
33.992238730722796	-0.00014516745109556078
34.090199072886264	-0.00014229280059653514
34.18815941504973	-0.00013947507084060605
34.2861197572132	-0.0001367131347155795
34.38408009937666	-0.00013400588742698308
34.48204044154013	-0.00013135224605726343
34.580000783703596	-0.0001287511491321078
34.677961125867064	-0.0001262015561952222
34.775921468030525	-0.00012370244739311895
34.87388181019399	-0.00012125282306680479
34.97184215235746	-0.00011885170335170066
35.06980249452093	-0.00011649812778557102
35.167762836684396	-0.00011419115492512796
35.26572317884786	-0.00011192986196864478
35.363683521011325	-0.00010971334438679927
35.46164386317479	-0.00010754071556174605
35.55960420533826	-0.00010541110643108653
35.65756454750172	-0.00010332366514162144
35.75552488966519	-0.00010127755670777782
35.85348523182866	-9.927196267759712e-05
35.951445573992125	-9.730608080561766e-05
36.04940591615559	-9.537912473220668e-05
36.14736625831905	-9.349032366800966e-05
36.24532660048252	-9.163892208729117e-05
36.34328694264599	-8.982417942350531e-05
36.44124728480946	-8.804536977553337e-05
36.539207626972924	-8.630178161481825e-05
36.63716796913639	-8.459271750316533e-05
36.73512831129985	-8.291749381166137e-05
36.83308865346333	-8.127544044870496e-05
36.93104899562679	-7.966590059093094e-05
37.02900933779026	-7.808823042124716e-05
37.12696967995372	-7.654179887109696e-05
37.22493002211719	-7.502598736739098e-05
37.32289036428065	-7.35401895861067e-05
37.42085070644412	-7.208381120900249e-05
37.51881104860758	-7.065626968611056e-05
37.61677139077105	-6.925699400267654e-05
37.71473173293452	-6.788542445076707e-05
37.812692075097985	-6.654101240554561e-05
37.910652417261446	-6.522322010554988e-05
38.00861275942491	-6.393152043785909e-05
38.10657310158839	-6.266539672659623e-05
38.20453344375185	-6.142434252743013e-05
38.30249378591532	-6.020786142363578e-05
38.40045412807878	-5.9015466828598195e-05
38.49841447024225	-5.7846681790540414e-05
38.59637481240571	-5.670103880191826e-05
38.69433515456918	-5.5578079612815434e-05
38.79229549673264	-5.447735504678449e-05
38.89025583889612	-5.339842482179819e-05
38.98821618105958	-5.234085737431266e-05
39.086176523223045	-5.130422968555394e-05
39.184136865386506	-5.028812711402478e-05
39.282097207549974	-4.9292143227570166e-05
39.38005754971344	-4.831587964321704e-05
39.47801789187691	-4.735894586524029e-05
39.57597823404038	-4.6420959131002816e-05
39.67393857620384	-4.5501544256575894e-05
39.77189891836731	-4.460033348791299e-05
39.869859260530774	-4.371696635202575e-05
39.96781960269424	-4.285108951415734e-05
40.0657799448577	-4.200235663629011e-05
40.16374028702117	-4.117042823809765e-05
40.26170062918464	-4.0354971561229445e-05
40.359660971348106	-3.955566043692798e-05
40.45762131351157	-3.877217515409172e-05
40.555581655675034	-3.8004202333334864e-05
40.6535419978385	-3.725143479971655e-05
40.75150234000197	-3.6513571461466724e-05
40.84946268216544	-3.5790317188047394e-05
40.9474230243289	-3.5081382693766425e-05
41.04538336649237	-3.438648442050445e-05
41.143343708655834	-3.370534442510615e-05
41.2413040508193	-3.3037690267882934e-05
41.33926439298276	-3.23832549044475e-05
41.437224735146245	-3.1741776577549635e-05
41.535185077309706	-3.111299871313185e-05
41.633145419473166	-3.049666981794057e-05
41.73110576163663	-2.9892543378470455e-05
41.82906610380011	-2.930037776257438e-05
41.92702644596357	-2.8719936122406555e-05
42.02498678812703	-2.8150986300253183e-05
42.12294713029049	-2.759330073569626e-05
42.22090747245397	-2.7046656373444313e-05
42.318867814617434	-2.6510834576049018e-05
42.4168281567809	-2.5985621034624086e-05
42.51478849894436	-2.5470805684005895e-05
42.61274884110784	-2.496618261880295e-05
42.710709183271305	-2.4471550010334244e-05
42.808669525434766	-2.398671002734305e-05
42.906629867598234	-2.351146875449086e-05
43.00459020976169	-2.304563611751336e-05
43.10255055192517	-2.2589025805268272e-05
43.20051089408863	-2.2141455195336533e-05
43.2984712362521	-2.170274528251063e-05
43.39643157841555	-2.12727206050629e-05
43.494391920579034	-2.08512091765656e-05
43.592352262742494	-2.0438042415268814e-05
43.69031260490596	-2.0033055078141893e-05
43.78827294706942	-1.9636085194027068e-05
43.8862332892329	-1.9246973998791937e-05
43.984193631396366	-1.8865565872258736e-05
44.08215397355983	-1.8491708275578036e-05
44.180114315723294	-1.8125251690379235e-05
44.27807465788676	-1.776604955925367e-05
44.37603500005023	-1.741395822623802e-05
44.47399534221369	-1.7068836880406784e-05
44.57195568437716	-1.6730547498576793e-05
44.669916026540626	-1.6398954791342778e-05
44.767876368704094	-1.6073926147336834e-05
44.865836710867555	-1.575533158170704e-05
44.96379705303102	-1.5443043683042034e-05
45.06175739519449	-1.5136937563182464e-05
45.15971773735796	-1.4836890806366493e-05
45.25767807952142	-1.4542783421706289e-05
45.35563842168489	-1.4254497793222214e-05
45.453598763848355	-1.397191863476224e-05
45.55155910601182	-1.3694932942257039e-05
45.64951944817529	-1.3423429949972089e-05
45.74747979033875	-1.3157301084761575e-05
45.84544013250222	-1.2896439923875201e-05
45.94340047466569	-1.2640742151432905e-05
46.041360816829155	-1.2390105517564321e-05
46.139321158992615	-1.2144429796882232e-05
46.23728150115608	-1.1903616748288483e-05
46.33524184331955	-1.1667570076556418e-05
46.43320218548302	-1.1436195392803208e-05
46.53116252764648	-1.1209400177182812e-05
46.62912286980995	-1.0987093742023135e-05
46.727083211973415	-1.0769187194963338e-05
46.82504355413688	-1.0555593404533768e-05
46.92300389630035	-1.0346226963959642e-05
47.02096423846381	-1.014100415785144e-05
47.11892458062729	-9.939842928451322e-06
47.21688492279075	-9.742662842545789e-06
47.314845264954215	-9.54938506037685e-06
47.412805607117676	-9.359932302332846e-06
47.51076594928115	-9.174228819636166e-06
47.60872629144461	-8.99220036325471e-06
47.70668663360808	-8.813774154589799e-06
47.80464697577154	-8.638878855498036e-06
47.90260731793501	-8.467444541421866e-06
48.000567660098476	-8.299402671189547e-06
48.09852800226194	-8.134686061922257e-06
48.19648834442541	-7.973228860166457e-06
48.29444868658887	-7.81496651702318e-06
48.39240902875235	-7.659835761723053e-06
48.49036937091581	-7.507774575645474e-06
48.588329713079276	-7.3587221692244356e-06
48.686290055242736	-7.212618955523734e-06
48.78425039740621	-7.069406528475187e-06
48.88221073956967	-6.929027637786219e-06
48.98017108173314	-6.791426167178184e-06
49.0781314238966	-6.656547111514513e-06
49.176091766060075	-6.524336554372988e-06
49.274052108223536	-6.394741647616492e-06
49.372012450387004	-6.267710588965369e-06
49.469972792550465	-6.1431926022343935e-06
49.56793313471394	-6.021137916459542e-06
49.6658934768774	-5.9014977465791175e-06
49.76385381904087	-5.784224272782656e-06
49.861814161204336	-5.6692706227464355e-06
49.959774503367804	-5.556590852314725e-06
50.05773484553127	-5.446139926403095e-06
50.15569518769473	-5.337873702566314e-06
50.2536555298582	-5.231748911901729e-06
50.35161587202166	-5.127723141951075e-06
50.449576214185136	-5.025754820934603e-06
50.5475365563486	-4.925803199542718e-06
50.645496898512064	-4.8278283353922e-06
50.743457240675525	-4.731791077482439e-06
50.841417582839	-4.637653049319433e-06
50.93937792500246	-4.545376634926392e-06
51.03733826716593	-4.454924963078001e-06
51.135298609329396	-4.3662618919787965e-06
51.233258951492864	-4.279351996384065e-06
51.33121929365633	-4.19416055205621e-06
51.42917963581979	-4.110653522219551e-06
51.52713997798326	-4.028797544015145e-06
51.62510032014673	-3.948559915843789e-06
51.723060662310196	-3.8699085827106556e-06
51.82102100447366	-3.7928121249006047e-06
51.918981346637125	-3.7172397446551117e-06
52.01694168880059	-3.643161254403525e-06
52.11490203096406	-3.570547063662069e-06
52.21286237312752	-3.499368168153308e-06
52.31082271529099	-3.42959613825949e-06
52.408783057454464	-3.361203106809773e-06
52.506743399617925	-3.294161758643813e-06
52.60470374178139	-3.228445319287194e-06
52.70266408394485	-3.1640275445150444e-06
52.80062442610832	-3.1008827099156647e-06
52.89858476827179	-3.0389856004541654e-06
52.99654511043526	-2.978311500036118e-06
53.09450545259872	-2.918836182181435e-06
53.192465794762185	-2.8605359000321294e-06
53.29042613692566	-2.8033873770262165e-06
53.38838647908912	-2.747367797349577e-06
53.48634682125258	-2.69245479727601e-06
53.58430716341605	-2.638626455619116e-06
53.682267505579524	-2.585861285294407e-06
53.78022784774299	-2.534138224437342e-06
53.878188189906446	-2.4834366286315826e-06
53.976148532069914	-2.433736262027044e-06
54.07410887423339	-2.385017289790211e-06
54.17206921639686	-2.3372602690001523e-06
54.27002955856032	-2.2904461426531657e-06
54.36798990072378	-2.2445562303367595e-06
54.46595024288726	-2.1995722222343087e-06
54.56391058505072	-2.1554761702431346e-06
54.66187092721419	-2.112250482423264e-06
54.75983126937764	-2.069877914781652e-06
54.857791611541124	-2.0283415648327733e-06
54.955751953704585	-1.9876248644930746e-06
55.05371229586805	-1.9477115743077117e-06
55.15167263803151	-1.908585775678878e-06
55.249632980194974	-1.8702318657586798e-06
55.34759332235845	-1.8326345505656554e-06
55.44555366452192	-1.7957788387674317e-06
55.54351400668538	-1.7596500356854315e-06
55.64147434884884	-1.7242337379657154e-06
55.73943469101232	-1.6895158275836955e-06
55.83739503317578	-1.6554824654047607e-06
55.93535537533925	-1.6221200867433094e-06
56.03331571750271	-1.5894153955895161e-06
56.131276059666185	-1.5573553588360994e-06
56.229236401829645	-1.5259272020594084e-06
56.32719674399311	-1.495118402858018e-06
56.425157086156574	-1.4649166875219976e-06
56.52311742832005	-1.4353100250376471e-06
56.62107777048351	-1.4062866226465455e-06
56.71903811264698	-1.3778349211825599e-06
56.81699845481044	-1.3499435904088545e-06
56.91495879697391	-1.3226015241328583e-06
57.012919139137374	-1.295797836209413e-06
57.11087948130084	-1.2695218560998325e-06
57.20883982346431	-1.2437631244309673e-06
57.30680016562778	-1.2185113889983555e-06
57.404760507791245	-1.19375660076938e-06
57.502720849954706	-1.1694889094423338e-06
57.600681192118174	-1.1456986596716251e-06
57.698641534281634	-1.1223763872929798e-06
57.79660187644511	-1.099512815992738e-06
57.89456221860857	-1.0770988524228379e-06
57.99252256077204	-1.0551255837582917e-06
58.0904829029355	-1.0335842737003512e-06
58.18844324509897	-1.0124663584796741e-06
58.286403587262434	-9.917634444138045e-07
58.3843639294259	-9.71467303466253e-07
58.48232427158937	-9.515698708039765e-07
58.58028461375284	-9.320632414666871e-07
58.678244955916306	-9.129396665920656e-07
58.776205298079766	-8.941915511952923e-07
58.874165640243234	-8.758114501722218e-07
58.9721259824067	-8.577920660789137e-07
59.07008632457017	-8.401262460229878e-07
59.16804666673363	-8.228069785549785e-07
59.2660070088971	-8.058273912258247e-07
59.363967351060566	-7.891807477002712e-07
59.461927693224034	-7.728604444261808e-07
59.559888035387495	-7.568600097463399e-07
59.657848377550955	-7.411730987914138e-07
59.75580871971443	-7.257934932578878e-07
59.8537690618779	-7.107150976332925e-07
59.951729404041366	-6.95931936975743e-07
60.04968974620483	-6.814381551375684e-07
60.1476500883683	-6.67228011212583e-07
60.24561043053177	-6.532958784258522e-07
60.34357077269524	-6.396362410250529e-07
60.441531114858684	-6.262436931702404e-07
60.53949145702215	-6.131129353811222e-07
60.63745179918563	-6.002387732047785e-07
60.735412141349094	-5.876161152172515e-07
60.833372483512555	-5.752399705810426e-07
60.93133282567602	-5.631054474907917e-07
61.0292931678395	-5.512077509528207e-07
61.127253510002966	-5.395421807867233e-07
61.225213852166426	-5.281041300710435e-07
61.32317419432988	-5.168890827007771e-07
61.421134536493355	-5.058926122771396e-07
61.51909487865682	-4.951103801091581e-07
61.61705522082029	-4.845381329932162e-07
61.71501556298375	-4.74171702546915e-07
61.81297590514723	-4.64007002322484e-07
61.910936247310694	-4.54040027362687e-07
62.00889658947416	-4.4426685109219017e-07
62.10685693163762	-4.346836257616459e-07
62.20481727380109	-4.2528657889497215e-07
62.30277761596455	-4.1607201328934803e-07
62.40073795812802	-4.070363045727165e-07
62.49869830029148	-3.9817590053764626e-07
62.59665864245496	-3.894873186988351e-07
62.69461898461842	-3.8096714607106154e-07
62.79257932678189	-3.7261203694873304e-07
62.89053966894535	-3.644187117956593e-07
62.98850001110882	-3.563839563568693e-07
63.08646035327229	-3.485046194381606e-07
63.18442069543575	-3.407776129060965e-07
63.282381037599215	-3.331999092455103e-07
63.380341379762676	-3.2576854111541347e-07
63.47830172192616	-3.1848059979467914e-07
63.57626206408962	-3.113332340718162e-07
63.67422240625309	-3.04323649578832e-07
63.77218274841655	-2.974491067928277e-07
63.870143090580015	-2.9070692059190634e-07
63.968103432743476	-2.8409445892290213e-07
64.06606377490694	-2.776091421352438e-07
64.16402411707041	-2.712484416486847e-07
64.26198445923389	-2.650098781769426e-07
64.35994480139735	-2.5889102239383216e-07
64.45790514356082	-2.5288949271281554e-07
64.55586548572428	-2.470029548429115e-07
64.65382582788774	-2.412291202343806e-07
64.7517861700512	-2.3556574630076818e-07
64.84974651221468	-2.3001063419845575e-07
64.94770685437814	-2.2456162904870416e-07
65.04566719654161	-2.1921661860538375e-07
65.14362753870508	-2.1397353214474983e-07
65.24158788086855	-2.0883034024339604e-07
65.33954822303201	-2.0378505366803e-07
65.43750856519547	-1.9883572204320391e-07
65.53546890735893	-1.9398043407335764e-07
65.63342924952241	-1.892173162105497e-07
65.73138959168587	-1.8454453198832207e-07
65.82934993384933	-1.799602813555649e-07
65.9273102760128	-1.7546279934424764e-07
66.02527061817628	-1.7105035695759627e-07
66.12323096033974	-1.6672125850555687e-07
66.2211913025032	-1.6247384227092803e-07
66.31915164466668	-1.5830647917709247e-07
66.41711198683014	-1.5421757256597113e-07
66.5150723289936	-1.5020555753188857e-07
66.61303267115706	-1.4626889981134856e-07
66.71099301332055	-1.424060957830336e-07
66.80895335548401	-1.386156713575807e-07
66.90691369764747	-1.3489618175553606e-07
67.00487403981093	-1.3124621084122024e-07
67.1028343819744	-1.2766437023454913e-07
67.20079472413786	-1.2414929908898847e-07
67.29875506630133	-1.2069966409155324e-07
67.3967154084648	-1.1731415746440522e-07
67.49467575062828	-1.1399149763098643e-07
67.59263609279174	-1.1073042877192913e-07
67.6905964349552	-1.0752971927074293e-07
67.78855677711867	-1.0438816215790343e-07
67.88651711928213	-1.0130457444471784e-07
67.98447746144559	-9.827779667923517e-08
68.08243780360905	-9.530669183602272e-08
68.18039814577253	-9.239014598229932e-08
68.27835848793599	-8.952706672362264e-08
68.37631883009946	-8.671638364797793e-08
68.47427917226292	-8.395704721555448e-08
68.5722395144264	-8.124802898078986e-08
68.67019985658986	-7.858832048214641e-08
68.76816019875332	-7.597693346415546e-08
68.8661205409168	-7.341289943332779e-08
68.96408088308026	-7.089526854793012e-08
69.06204122524372	-6.842311006207403e-08
69.16000156740719	-6.59955114375372e-08
69.25796190957067	-6.361157856580766e-08
69.35592225173413	-6.12704344358158e-08
69.45388259389759	-5.89712202441572e-08
69.55184293606105	-5.6713093396690754e-08
69.64980327822452	-5.449522817467233e-08
69.74776362038799	-5.231681551270981e-08
69.84572396255145	-5.017706188853983e-08
69.94368430471492	-4.8075189767116695e-08
70.0416446468784	-4.601043693447844e-08
70.13960498904186	-4.398205605365723e-08
70.23756533120532	-4.1989315108768524e-08
70.33552567336879	-4.003149585069843e-08
70.43348601553225	-3.810789490732667e-08
70.53144635769571	-3.621782222921412e-08
70.62940669985917	-3.436060197778103e-08
70.72736704202265	-3.2535571193039166e-08
70.82532738418612	-3.0742080015636245e-08
70.92328772634959	-2.8979492130945135e-08
71.02124806851305	-2.724718299270663e-08
71.11920841067652	-2.5544540711207807e-08
71.21716875284	-2.3870965831237332e-08
71.31512909500344	-2.2225869999817625e-08
71.41308943716692	-2.0608677298472304e-08
71.51104977933038	-1.9018822688913928e-08
71.60901012149385	-1.745575267917762e-08
71.70697046365731	-1.5918923991353323e-08
71.80493080582079	-1.4407805115897897e-08
71.90289114798425	-1.2921874313233612e-08
72.00085149014772	-1.1460620279881798e-08
72.09881183231118	-1.0023541926418199e-08
72.19677217447465	-8.61014815542822e-09
72.2947325166381	-7.21995763946224e-09
72.39269285880158	-5.8524981549016515e-09
72.49065320096504	-4.50730702604814e-09
72.58861354312852	-3.183930903078783e-09
72.68657388529198	-1.881925317956954e-09
72.78453422745544	-6.008542403428522e-10
72.88249456961891	6.59709034228003e-10
72.98045491178239	1.900183660701752e-09
73.07841525394585	3.1209796901940456e-09
73.1763755961093	4.3224996243022994e-09
73.27433593827278	5.505137748971992e-09
73.37229628043625	6.669280800630479e-09
73.4702566225997	7.815307300053305e-09
73.56821696476317	8.94358910667645e-09
73.66617730692666	1.0054490086328833e-08
73.76413764909012	1.114836744349981e-08
73.86209799125358	1.2225570611116439e-08
73.96005833341704	1.3286442804855596e-08
74.05801867558051	1.4331320134965655e-08
74.15597901774397	1.5360532050355722e-08
74.25393935990743	1.6374401560640345e-08
74.3518997020709	1.7373245680228703e-08
74.44986004423438	1.8357374318101645e-08
74.54782038639785	1.9327091832123908e-08
74.6457807285613	2.0282696806999688e-08
74.74374107072478	2.1224481166094098e-08
74.84170141288824	2.215273172574557e-08
74.9396617550517	2.30677295291319e-08
75.03762209721516	2.3969749624225892e-08
75.13558243937864	2.4859062396062843e-08
75.2335427815421	2.5735932012428446e-08
75.33150312370557	2.6600617978171006e-08
75.42946346586903	2.7453374913156787e-08
75.52742380803251	2.82944516640918e-08
75.62538415019597	2.9124092636789294e-08
75.72334449235943	2.994253757412529e-08
75.82130483452289	3.0750020889904634e-08
75.91926517668637	3.154677322317343e-08
76.01722551884983	3.233301966186213e-08
76.1151858610133	3.310898196323163e-08
76.21314620317678	3.387487633342717e-08
76.31110654534024	3.4630915647924536e-08
76.4090668875037	3.537730811926229e-08
76.50702722966716	3.611425796317577e-08
76.60498757183063	3.6841965398596975e-08
76.7029479139941	3.756062686969921e-08
76.80090825615756	3.827043437976335e-08
76.89886859832103	3.8971576601400834e-08
76.9968289404845	3.966423865450902e-08
77.09478928264797	4.034860166218215e-08
77.19274962481143	4.102484297275571e-08
77.29070996697489	4.169313727002983e-08
77.38867030913836	4.2353654796912035e-08
77.48663065130182	4.300656313177445e-08
77.58459099346528	4.3652026078230574e-08
77.68255133562877	4.4290204997403054e-08
77.78051167779223	4.492125703156672e-08
77.8784720199557	4.5545336880505535e-08
77.97643236211916	4.616259591333419e-08
78.07439270428263	4.677318305667647e-08
78.17235304644609	4.737724368444228e-08
78.27031338860955	4.7974920283961435e-08
78.36827373077301	4.856635312211748e-08
78.46623407293649	4.9151679135124786e-08
78.56419441509995	4.9731033038751424e-08
78.66215475726341	5.030454644014083e-08
78.76011509942688	5.087234850394569e-08
78.85807544159036	5.1434566174372305e-08
78.95603578375382	5.1991323509047133e-08
79.05399612591728	5.254274212310572e-08
79.15195646808075	5.3088941633282116e-08
79.24991681024422	5.363003876973027e-08
79.34787715240768	5.4166148486247275e-08
79.44583749457114	5.469738307209471e-08
79.54379783673463	5.522385259608815e-08
79.64175817889809	5.574566557273056e-08
79.73971852106155	5.626292785198981e-08
79.83767886322501	5.677574306338744e-08
79.93563920538848	5.7284213060088104e-08
80.03359954755194	5.7788437918899515e-08
80.1315598897154	5.828851505209402e-08
80.22952023187888	5.8784540983765485e-08
80.32748057404234	5.927660935142779e-08
80.42544091620582	5.976481268237175e-08
80.52340125836928	6.024924106139733e-08
80.62136160053275	6.072998346308153e-08
80.71932194269621	6.120712641951052e-08
80.81728228485967	6.168075535254743e-08
80.91524262702313	6.21509536856539e-08
81.01320296918661	6.26178032879792e-08
81.11116331135007	6.308138447436031e-08
81.20912365351356	6.354177600532202e-08
81.307083995677	6.399905508707665e-08
81.40504433784048	6.445329714947971e-08
81.50300468000394	6.490457651216372e-08
81.6009650221674	6.535296594044878e-08
81.69892536433088	6.579853664534272e-08
81.79688570649434	6.624135828354117e-08
81.8948460486578	6.668149984560584e-08
81.99280639082129	6.711902832369703e-08
82.09076673298475	6.755400937770715e-08
82.18872707514821	6.7986508001395e-08
82.28668741731167	6.841658719011774e-08
82.38464775947513	6.884430905105421e-08
82.4826081016386	6.926973480320467e-08
82.58056844380206	6.969292366716794e-08
82.67852878596553	7.011393441945359e-08
82.77648912812899	7.053282428225898e-08
82.87444947029249	7.094964981164758e-08
82.97240981245595	7.136446578732595e-08
83.07037015461941	7.177732654491141e-08
83.16833049678287	7.218828486570916e-08
83.26629083894633	7.259739308693498e-08
83.3642511811098	7.300470199149252e-08
83.46221152327325	7.341026169615152e-08
83.56017186543673	7.38141209854141e-08
83.65813220760022	7.42163279776486e-08
83.75609254976368	7.46169299030447e-08
83.85405289192714	7.501597288156925e-08
83.95201323409061	7.541350236705524e-08
84.04997357625406	7.580956270311257e-08
84.14793391841752	7.620419734517266e-08
84.24589426058098	7.659744908253319e-08
84.34385460274446	7.698935981631335e-08
84.44181494490795	7.737997078149853e-08
84.53977528707141	7.776932188080643e-08
84.63773562923487	7.815745301695469e-08
84.73569597139834	7.854440276039348e-08
84.8336563135618	7.893020901543897e-08
84.93161665572525	7.931490902027361e-08
85.02957699788873	7.969853934694595e-08
85.12753734005219	8.008113590137075e-08
85.22549768221567	8.046273370128438e-08
85.32345802437914	8.084336709828921e-08
85.42141836654261	8.122307022194321e-08
85.51937870870607	8.160187586953662e-08
85.61733905086953	8.197981661631502e-08
85.71529939303299	8.235692437139023e-08
85.81325973519647	8.273323015569567e-08
85.91122007735991	8.310876499016459e-08
86.00918041952337	8.348355856346281e-08
86.10714076168686	8.385764078630063e-08
86.20510110385034	8.42310400150761e-08
86.3030614460138	8.460378505027646e-08
86.40102178817726	8.497590358216605e-08
86.49898213034074	8.53474226348752e-08
86.5969424725042	8.571836923253444e-08
86.69490281466766	8.608876951109566e-08
86.7928631568311	8.64586493844663e-08
86.8908234989946	8.682803365633073e-08
86.98878384115807	8.719694757446242e-08
87.08674418332153	8.756541505436735e-08
87.18470452548499	8.79334600115514e-08
87.28266486764846	8.830110591743129e-08
87.38062520981192	8.86683755772899e-08
87.47858555197539	8.90352915743655e-08
87.57654589413885	8.940187582576254e-08
87.67450623630234	8.976815002654089e-08
87.7724665784658	9.013413520562652e-08
87.87042692062926	9.049985261399006e-08
87.96838726279273	9.086532217033454e-08
88.06634760495619	9.123056423745208e-08
88.16430794711965	9.159559828995655e-08
88.26226828928311	9.196044380246161e-08
88.36022863144659	9.232511958344733e-08
88.45818897361005	9.268964399730438e-08
88.55614931577352	9.305403540842355e-08
88.65410965793698	9.34183117371063e-08
88.75207000010046	9.378249045956489e-08
88.85003034226392	9.414658860792254e-08
88.94799068442738	9.451062321430227e-08
89.04595102659084	9.4874610866738e-08
89.14391136875432	9.523856770917437e-08
89.24187171091778	9.560250966351146e-08
89.33983205308125	9.596645242960479e-08
89.43779239524473	9.633041104117586e-08
89.53575273740819	9.669440097603558e-08
89.63371307957165	9.70584368238164e-08
89.73167342173511	9.742253317415071e-08
89.82963376389858	9.778670395053714e-08
89.92759410606205	9.815096352056351e-08
90.0255544482255	9.85153253636392e-08
90.12351479038898	9.887980273712904e-08
90.22147513255246	9.924440912044238e-08
90.31943547471592	9.960915754889935e-08
90.41739581687938	9.997406016964176e-08
90.51535615904284	1.0033913024003441e-07
90.61331650120631	1.0070437924108518e-07
90.71127684336977	1.010698197640251e-07
90.80923718553323	1.0143546328986208e-07
90.90719752769671	1.0180132152164868e-07
91.00515786986018	1.0216740571834824e-07
91.10311821202365	1.0253372713892403e-07
91.2010785541871	1.029002965982502e-07
91.29903889635058	1.0326712513324549e-07
91.39699923851404	1.0363422289265018e-07
91.4949595806775	1.0400160046929379e-07
91.59291992284096	1.0436926823396124e-07
91.69088026500444	1.0473723566925898e-07
91.78884060716791	1.0510551292392742e-07
91.88680094933137	1.0547410970261749e-07
91.98476129149483	1.0584303526589113e-07
92.08272163365831	1.0621229887431022e-07
92.18068197582177	1.0658190978843667e-07
92.27864231798523	1.0695187682474312e-07
92.3766026601487	1.0732220879970223e-07
92.47456300231217	1.0769291430774205e-07
92.57252334447564	1.0806400194329075e-07
92.6704836866391	1.084354800787316e-07
92.76844402880258	1.0880735664235893e-07
92.86640437096604	1.0917964000655623e-07
92.9643647131295	1.0955233765552846e-07
93.06232505529296	1.099254575175699e-07
93.16028539745643	1.1029900752097479e-07
93.2582457396199	1.106729944838144e-07
93.35620608178336	1.1104742633438285e-07
93.45416642394683	1.1142231011279616e-07
93.5521267661103	1.1179765285916992e-07
93.65008710827377	1.1217346139157547e-07
93.74804745043723	1.1254974275012858e-07
93.8460077926007	1.1292650375290052e-07
93.94396813476416	1.1330375077387326e-07
94.04192847692762	1.1368149040907339e-07
94.13988881909108	1.1405972903248293e-07
94.23784916125457	1.1443847301808403e-07
94.33580950341803	1.1481772829576922e-07
94.4337698455815	1.1519750123952065e-07
94.53173018774496	1.1557779733514187e-07
94.62969052990843	1.159586229566149e-07
94.72765087207189	1.1633998336769871e-07
94.82561121423535	1.1672188472033068e-07
94.92357155639883	1.1710433227826983e-07
95.0215318985623	1.1748733152731977e-07
95.11949224072576	1.1787088773123939e-07
95.21745258288922	1.1825500637583226e-07
95.3154129250527	1.1863969272485743e-07
95.41337326721616	1.1902495159798464e-07
95.51133360937962	1.1941078825897287e-07
95.60929395154308	1.1979720752749187e-07
95.70725429370655	1.2018421422321141e-07
95.80521463587002	1.2057181316580126e-07
95.90317497803349	1.209600091749313e-07
96.00113532019695	1.2134880684822646e-07
96.09909566236043	1.2173821056126745e-07
96.19705600452389	1.2212822491167936e-07
96.29501634668735	1.225188542750428e-07
96.39297668885082	1.2291010302693828e-07
96.49093703101428	1.2330197532090186e-07
96.58889737317774	1.2369447553251394e-07
96.68685771534122	1.24087607593266e-07
96.7848180575047	1.244813758787385e-07
96.88277839966815	1.2487578387633358e-07
96.98073874183162	1.2527083596163184e-07
97.07869908399508	1.2566653584408e-07
97.17665942615855	1.260628872331248e-07
97.27461976832201	1.2645989406025757e-07
97.37258011048547	1.2685755981288044e-07
97.47054045264895	1.272558884224849e-07
97.56850079481242	1.2765488337647289e-07
97.66646113697588	1.2805454794020195e-07
97.76442147913934	1.284548860451635e-07
97.8623818213028	1.2885590073467046e-07
