0.0	-0.15095247249546612
0.0979428567843734	-0.15095247249374547
0.1958857135687468	-0.1070522695867718
0.29382857035312016	-0.09070859728697327
0.3917714271374936	-0.08073124395049955
0.489714283921867	-0.07355095753346037
0.5876571407062404	-0.06794426059440652
0.6855999974906137	-0.06334755562080313
0.7835428542749872	-0.059454746772634785
0.8814857110593605	-0.05608102932729697
0.9794285678437338	-0.05310624862969848
1.077371424628107	-0.05044787639247903
1.1753142814124804	-0.04804677551684536
1.2732571381968536	-0.04585911720230707
1.3711999949812272	-0.043851512659094635
1.4691428517656007	-0.041997937934428756
1.5670857085499743	-0.04027771351103342
1.6650285653343475	-0.03867413231895938
1.7629714221187212	-0.037173501460136024
1.8609142789030946	-0.03576445643471639
1.958857135687468	-0.034437459872959236
2.0567999924718414	-0.033184428240166174
2.154742849256215	-0.031998449211806536
2.2526857060405883	-0.030873564515641144
2.350628562824962	-0.029804600850068176
2.448571419609335	-0.028787036649743164
2.5465142763937085	-0.027816895951406084
2.644457133178082	-0.026890663005887026
2.742399989962456	-0.026005212955142822
2.8403428467468292	-0.025157755080896065
2.938285703531202	-0.024345785986772835
3.0362285603155756	-0.023567050699889017
3.1341714170999495	-0.022819510138672797
3.232114273884323	-0.022101313737839936
3.3300571306686964	-0.021410776281092427
3.4279999874530698	-0.020746358189926123
3.525942844237443	-0.02010664866899961
3.623885701021817	-0.019490351226404502
3.7218285578061905	-0.018896271179293277
3.819771414590564	-0.0183233048278353
3.9177142713749373	-0.01777043003795616
4.015657128159311	-0.01723669801918654
4.113599984943685	-0.01672122612077938
4.211542841728058	-0.01622319149900389
4.309485698512431	-0.015741825532688804
4.407428555296804	-0.01527640888381776
4.505371412081177	-0.0148262671161725
4.603314268865551	-0.01439076679837186
4.701257125649925	-0.01396931202871595
4.799199982434298	-0.013561341328447784
4.897142839218671	-0.013166324857733676
4.995085696003044	-0.012783761915113335
5.093028552787418	-0.012413178686601191
5.190971409571792	-0.012054126215209916
5.288914266356165	-0.011706178565559151
5.386857123140539	-0.011368931161544082
5.4847999799249125	-0.011041999277865651
5.5827428367092855	-0.010725016668644774
5.680685693493659	-0.010417634318422077
5.778628550278032	-0.010119519302635195
5.876571407062406	-0.009830353746212231
5.97451426384678	-0.009549833870259162
6.072457120631153	-0.009277669117981639
6.170399977415527	-0.009013581351993465
6.2683428341999	-0.008757304116046775
6.366285690984273	-0.00850858195499068
6.464228547768647	-0.008267169787441561
6.56217140455302	-0.00803283232624196
6.660114261337394	-0.00780534354230775
6.7580571181217675	-0.007584486167923914
6.85599997490614	-0.007370051235956395
6.953942831690514	-0.007161837651807579
7.051885688474887	-0.006959651795262391
7.149828545259261	-0.0067633071496555515
7.247771402043635	-0.006572623956042814
7.345714258828008	-0.00638742889028376
7.443657115612382	-0.006207554761144291
7.541599972396755	-0.006032840227706206
7.639542829181128	-0.005863129534531578
7.737485685965503	-0.005698272263173489
7.835428542749875	-0.005538123098753558
7.933371399534249	-0.0053825416104426715
8.031314256318622	-0.005231392044785539
8.129257113102996	-0.005084543130903634
8.22719996988737	-0.004941867896695751
8.325142826671744	-0.004803243495231844
8.423085683456115	-0.004668551040604933
8.52102854024049	-0.004537675452568349
8.618971397024863	-0.004410505309342183
8.716914253809238	-0.0042869327080241664
8.81485711059361	-0.0041668531320866896
8.912799967377984	-0.004050165325484051
9.010742824162357	-0.0039367711729323745
9.10868568094673	-0.0038265755859596814
9.206628537731104	-0.0037194863943554013
9.304571394515477	-0.0036154142426776644
9.402514251299852	-0.0035142724915031695
9.500457108084223	-0.0034159771231285986
9.598399964868598	-0.0033204466514546297
9.696342821652971	-0.00322760203580377
9.794285678437346	-0.003137366598441715
9.892228535221719	-0.0030496659455888286
9.990171392006092	-0.002964427891723856
10.088114248790465	-0.0028815823869961545
10.18605710557484	-0.002801061447575794
10.283999962359212	-0.0027227990887828267
10.381942819143587	-0.0026467312608480296
10.479885675927958	-0.002572795787167534
10.577828532712331	-0.0025009323049230685
10.675771389496706	-0.002431082207948093
10.773714246281079	-0.002363188591728014
10.871657103065454	-0.0022971962004299383
10.969599959849825	-0.002233051375864141
11.0675428166342	-0.002170702008285625
11.165485673418573	-0.002110097488949885
11.263428530202948	-0.0020511886643422715
11.36137138698732	-0.0019939277920052742
11.459314243771693	-0.0019382684978925572
11.557257100556066	-0.0018841657351828123
11.655199957340441	-0.001831575744490373
11.753142814124814	-0.0017804560154131644
11.851085670909189	-0.0017307652493619217
11.94902852769356	-0.001682463323617735
12.046971384477935	-0.001635511256567878
12.144914241262308	-0.0015898711740725917
12.24285709804668	-0.0015455062769180034
12.340799954831056	-0.0015023808093127197
12.438742811615429	-0.0014604600283878103
12.536685668399802	-0.0014197101746619624
12.634628525184175	-0.0013800984434354788
12.73257138196855	-0.0013415929570785973
12.830514238752922	-0.0013041627381812713
12.928457095537297	-0.0012677776835331262
13.026399952321668	-0.0012324085389037735
13.124342809106043	-0.001198026874595045
13.222285665890416	-0.0011646050617380064
13.32022852267479	-0.0011321162493088258
13.418171379459164	-0.0011005343418387197
13.516114236243537	-0.00106983397779428
13.61405709302791	-0.0010399905086054984
13.711999949812283	-0.001010979978319768
13.809942806596657	-0.0009827791038610454
13.90788566338103	-0.0009553652558742133
14.005828520165403	-0.0009287164401354908
14.103771376949776	-0.0009028112795105081
14.201714233734151	-0.000877628996442384
14.299657090518524	-0.0008531493959528346
14.397599947302899	-0.0008293528491399944
14.49554280408727	-0.0008062202771572469
14.593485660871645	-0.0007837331356579571
14.691428517656018	-0.0007618733996915533
14.789371374440393	-0.0007406235490369392
14.887314231224765	-0.000719966553959728
14.985257088009138	-0.0006998858613802701
15.083199944793513	-0.0006803653814399135
15.181142801577884	-0.0006613894744533689
15.27908565836226	-0.0006429429382354814
15.377028515146634	-0.0006250109957911062
15.474971371931005	-0.000607579283357175
15.572914228715378	-0.0005906338387864068
15.670857085499753	-0.0005741610902624707
15.768799942284128	-0.0005581478453367463
15.866742799068499	-0.0005425812802771515
15.964685655852874	-0.0005274489297198204
16.062628512637247	-0.0005127386766147118
16.16057136942162	-0.0004984387424565171
16.258514226205993	-0.00048453767779251016
16.356457082990367	-0.0004710243529992516
16.454399939774742	-0.00045788794932031114
16.552342796559117	-0.0004451179501574202
16.650285653343488	-0.00043270413260770255
16.748228510127863	-0.00042063655923985896
16.846171366912234	-0.00040890557010240364
16.94411422369661	-0.00039750177495725915
17.04205708048098	-0.0003864160457322236
17.139999937265355	-0.00037563950918602005
17.23794279404973	-0.0003651635397798294
17.3358856508341	-0.0003549797527493911
17.433828507618475	-0.0003450799973719341
17.53177136440285	-0.00033545635042237334
17.629714221187225	-0.0003261011098133706
17.727657077971596	-0.0003170067884140217
17.825599934755967	-0.0003081661080420852
17.923542791540342	-0.00029957199362481925
18.021485648324717	-0.00029121756752363695
18.119428505109088	-0.0002830961440179341
18.217371361893463	-0.00027520122394357477
18.315314218677837	-0.0002675264894816569
18.413257075462212	-0.00026006579909330343
18.511199932246583	-0.0002528131825963516
18.609142789030958	-0.00024576283637992984
18.707085645815333	-0.00023890911875303018
18.805028502599704	-0.00023224654542329423
18.902971359384075	-0.00022576978510234258
19.00091421616845	-0.0002194736552340802
19.098857072952825	-0.0002133531178425147
19.196799929737196	-0.00020740327549572377
19.29474278652157	-0.0002016193673827033
19.392685643305946	-0.0001959967654999217
19.49062850009032	-0.0001905309709444976
19.58857135687469	-0.00018521761031100404
19.686514213659063	-0.0001800524321889897
19.784457070443434	-0.000175031303758389
19.882399927227805	-0.00017015020748007432
19.980342784012176	-0.00016540523787888077
20.078285640796544	-0.00016079259841651056
20.176228497580915	-0.00015630859845179633
20.274171354365286	-0.000151949650285876
20.372114211149658	-0.00014771226628989845
20.47005706793403	-0.00014359305611294943
20.5679999247184	-0.00013958872396794978
20.665942781502775	-0.00013569606599334375
20.763885638287146	-0.00013191196768845494
20.861828495071517	-0.0001282334014204487
20.95977135185589	-0.00012465742400089656
21.05771420864026	-0.00012118117432999618
21.15565706542463	-0.00011780187110655354
21.253599922209002	-0.00011451681060188877
21.351542778993373	-0.00011132336449587774
21.449485635777744	-0.0001082189777733922
21.547428492562116	-0.00010520116667945001
21.645371349346487	-0.0001022675167314345
21.743314206130858	-9.941568078678779e-05
21.84125706291523	-9.66433771646281e-05
21.9391999196996	-9.394838781978401e-05
22.03714277648397	-9.132855656778145e-05
22.135085633268343	-8.878178735935998e-05
22.233028490052714	-8.630604260313463e-05
22.330971346837085	-8.389934153505881e-05
22.428914203621456	-8.155975863338106e-05
22.526857060405828	-7.928542207782515e-05
22.6247999171902	-7.707451225175867e-05
22.72274277397457	-7.492526028614987e-05
22.82068563075894	-7.283594664414574e-05
22.918628487543312	-7.080489974513756e-05
23.016571344327684	-6.883049462721136e-05
23.114514201112055	-6.691115164691175e-05
23.21245705789643	-6.504533521527768e-05
23.3103999146808	-6.32315525691376e-05
23.408342771465172	-6.146835257667998e-05
23.506285628249543	-5.975432457634241e-05
23.604228485033914	-5.8088097248089623e-05
23.702171341818286	-5.6468337516176366e-05
23.800114198602657	-5.4893749482516615e-05
23.898057055387024	-5.3363073389804925e-05
23.995999912171396	-5.187508461355986e-05
24.093942768955767	-5.042859268228232e-05
24.191885625740138	-4.9022440324944406e-05
24.28982848252451	-4.7655502545046156e-05
24.38777133930888	-4.632668572049894e-05
24.485714196093255	-4.503492672861493e-05
24.583657052877626	-4.377919209550215e-05
24.681599909661998	-4.2558477169184273e-05
24.77954276644637	-4.137180531578327e-05
24.87748562323074	-4.021822713812147e-05
24.97542848001511	-3.9096819716117595e-05
25.073371336799482	-3.800668586836884e-05
25.171314193583854	-3.694695343432795e-05
25.269257050368225	-3.591677457650071e-05
25.367199907152596	-3.491532510210556e-05
25.465142763936967	-3.394180380365218e-05
25.56308562072134	-3.299543181791153e-05
25.661028477505713	-3.2075452002764245e-05
25.75897133429008	-3.118112833142861e-05
25.856914191074452	-3.0311745303583486e-05
25.954857047858823	-2.94666073729148e-05
26.052799904643194	-2.864503839062761e-05
26.150742761427566	-2.7846381064478285e-05
26.248685618211937	-2.7069996432894052e-05
26.346628474996308	-2.631526335375898e-05
26.44457133178068	-2.5581578007457382e-05
26.54251418856505	-2.486835341377694e-05
26.64045704534942	-2.417501896228501e-05
26.738399902133793	-2.350101995580231e-05
26.836342758918164	-2.284581716660867e-05
26.93428561570254	-2.2208886405025767e-05
27.03222847248691	-2.1589718100031613e-05
27.13017132927128	-2.098781689157126e-05
27.228114186055652	-2.0402701234237437e-05
27.326057042840024	-1.983390301200411e-05
27.423999899624395	-1.928096716370456e-05
27.521942756408766	-1.8743451318954502e-05
27.619885613193137	-1.8220925444228698e-05
27.717828469977505	-1.7712971498808096e-05
27.815771326761876	-1.721918310032208e-05
27.913714183546247	-1.6739165199618284e-05
28.01165704033062	-1.6272533764699784e-05
28.10959989711499	-1.5818915473476828e-05
28.207542753899364	-1.5377947415087258e-05
28.305485610683736	-1.4949276799546615e-05
28.403428467468107	-1.4532560675495671e-05
28.501371324252478	-1.4127465655819516e-05
28.59931418103685	-1.3733667650918684e-05
28.69725703782122	-1.3350851609418923e-05
28.79519989460559	-1.2978711266112133e-05
28.893142751389963	-1.2616948896926783e-05
28.991085608174334	-1.2265275080731843e-05
29.089028464958705	-1.1923408467783532e-05
29.186971321743076	-1.1591075554629738e-05
29.284914178527448	-1.1268010465291936e-05
29.38285703531182	-1.0953954738549551e-05
29.480799892096194	-1.0648657121156616e-05
29.57874274888056	-1.035187336682521e-05
29.676685605664932	-1.006336604081492e-05
29.774628462449304	-9.782904329971934e-06
29.87257131923367	-9.51026385806579e-06
29.970514176018046	-9.245226506276077e-06
30.06845703280242	-8.987580238685398e-06
30.16639988958679	-8.737118932639032e-06
30.264342746371163	-8.493642213835557e-06
30.36228560315553	-8.256955296016466e-06
30.460228459939906	-8.026868825126566e-06
30.558171316724273	-7.80319872782043e-06
30.656114173508648	-7.585766064193736e-06
30.754057030293016	-7.374396884621641e-06
30.85199988707739	-7.168922090589664e-06
30.949942743861758	-6.969177299405741e-06
31.047885600646133	-6.775002712685182e-06
31.1458284574305	-6.586242988503361e-06
31.243771314214875	-6.402747117113796e-06
31.341714170999246	-6.224368300132226e-06
31.439657027783618	-6.050963833090014e-06
31.53759988456799	-5.882394991262909e-06
31.635542741352356	-5.718526918683814e-06
31.73348559813673	-5.5592285202507855e-06
31.8314284549211	-5.4043723568439256e-06
31.929371311705474	-5.253834543367262e-06
32.027314168489845	-5.107494649634043e-06
32.125257025274216	-4.96523560401615e-06
32.22319988205859	-4.826943599780535e-06
32.32114273884296	-4.692508004037758e-06
32.41908559562733	-4.561821269229772e-06
32.5170284524117	-4.4347788470861326e-06
32.61497130919607	-4.3112791049798114e-06
32.71291416598044	-4.191223244615677e-06
32.810857022764814	-4.0745152229865936e-06
32.908799879549186	-3.9610616755339e-06
33.00674273633356	-3.850771841450794e-06
33.10468559311793	-3.7435574910688554e-06
33.2026284499023	-3.639332855269619e-06
33.30057130668667	-3.5380145568647183e-06
33.39851416347104	-3.439521543889701e-06
33.49645702025541	-3.343775024758152e-06
33.594399877039784	-3.2506984052242373e-06
33.692342733824155	-3.1602172271032365e-06
33.790285590608526	-3.0722591087010423e-06
33.888228447392905	-2.986753686904964e-06
33.98617130417727	-2.903632560889498e-06
34.08411416096165	-2.822829237392043e-06
34.18205701774601	-2.744279077514756e-06
34.27999987453038	-2.6679192450100083e-06
34.377942731314754	-2.5936886560080534e-06
34.475885588099125	-2.5215279301466894e-06
34.573828444883496	-2.4513793430638244e-06
34.67177130166787	-2.3831867802149247e-06
34.76971415845224	-2.3168956919784035e-06
34.86765701523661	-2.2524530500130335e-06
34.96559987202098	-2.1898073048324636e-06
35.06354272880535	-2.1289083445628964e-06
35.16148558558973	-2.0697074548509352e-06
35.259428442374094	-2.01215727988952e-06
35.35737129915847	-1.9562117845307716e-06
35.45531415594284	-1.901826217455439e-06
35.553257012727215	-1.8489570753694695e-06
35.65119986951158	-1.7975620681990697e-06
35.74914272629596	-1.7476000852564094e-06
35.84708558308032	-1.699031162348891e-06
35.9450284398647	-1.6518164498056817e-06
36.042971296649064	-1.6059181813959192e-06
36.14091415343344	-1.5612996441137256e-06
36.23885701021781	-1.5179251488058598e-06
36.33679986700218	-1.4757600016185062e-06
36.434742723786556	-1.4347704762403537e-06
36.53268558057092	-1.3949237869197629e-06
36.6306284373553	-1.3561880622344288e-06
36.72857129413966	-1.3185323195925542e-06
36.82651415092404	-1.2819264404451384e-06
36.924457007708405	-1.2463411461895431e-06
37.02239986449278	-1.21174797474506e-06
37.12034272127715	-1.1781192577817403e-06
37.218285578061526	-1.1454280985842657e-06
37.31622843484589	-1.113648350533153e-06
37.41417129163027	-1.0827545961860756e-06
37.51211414841463	-1.0527221269425638e-06
37.61005700519901	-1.023526923275816e-06
37.70799986198338	-9.951456355158063e-07
37.80594271876775	-9.675555651683138e-07
37.903885575552124	-9.407346467549252e-07
38.001828432336495	-9.146614301594847e-07
38.099771289120866	-8.89315063466866e-07
38.19771414590523	-8.646752762803362e-07
38.29565700268961	-8.407223635041666e-07
38.39359985947397	-8.174371695785135e-07
38.49154271625835	-7.94801073153955e-07
38.589485573042715	-7.727959721934272e-07
38.687428429827094	-7.514042694896361e-07
38.78537128661146	-7.306088585863608e-07
38.883314143395836	-7.103931100923837e-07
38.98125700018021	-6.907408583770974e-07
39.07919985696458	-6.716363886371443e-07
39.17714271374895	-6.530644243237441e-07
39.27508557053333	-6.350101149206441e-07
39.37302842731769	-6.174590240629217e-07
39.47097128410207	-6.003971179871278e-07
39.568914140886434	-5.838107543035337e-07
39.66685699767081	-5.676866710814974e-07
39.764799854455184	-5.52011976239217e-07
39.86274271123955	-5.367741372293826e-07
39.960685568023926	-5.219609710124763e-07
40.05862842480829	-5.075606343096952e-07
40.15657128159267	-4.935616141277026e-07
40.25451413837703	-4.799527185476232e-07
40.35245699516141	-4.667230677709158e-07
40.450399851945775	-4.5386208541495843e-07
40.548342708730154	-4.413594900513834e-07
40.64628556551452	-4.292052869803897e-07
40.744228422298896	-4.173897602344546e-07
40.84217127908326	-4.0590346480504533e-07
40.94011413586764	-3.947372190861127e-07
41.03805699265201	-3.8388209752832023e-07
41.13599984943638	-3.733294234981319e-07
41.23394270622075	-3.630707623360464e-07
41.33188556300512	-3.530979146084235e-07
41.429828419789494	-3.4340290954750265e-07
41.527771276573866	-3.339779986743665e-07
41.62571413335824	-3.2481564959974857e-07
41.72365699014261	-3.15908539997723e-07
41.82159984692698	-3.072495517474554e-07
41.91954270371134	-2.988317652383305e-07
42.01748556049572	-2.9064845383389777e-07
42.115428417280086	-2.826930784902054e-07
42.213371274064464	-2.749592825242187e-07
42.311314130848835	-2.674408865281377e-07
42.409256987633206	-2.601318834255443e-07
42.50719984441758	-2.530264336654231e-07
42.60514270120195	-2.461188605502107e-07
42.70308555798632	-2.39403645694138e-07
42.80102841477069	-2.3287542460822884e-07
42.89897127155506	-2.265289824084245e-07
42.996914128339434	-2.2035924964340117e-07
43.094856985123805	-2.1436129823874147e-07
43.192799841908176	-2.0853033755421295e-07
43.29074269869255	-2.0286171055100196e-07
43.38868555547692	-1.9735089006583606e-07
43.48662841226129	-1.9199347518901436e-07
43.58457126904566	-1.8678518774344702e-07
43.68251412583003	-1.817218688618863e-07
43.7804569826144	-1.7679947565961285e-07
43.878399839398774	-1.7201407799991489e-07
43.976342696183146	-1.6736185534976986e-07
44.07428555296752	-1.6283909372321554e-07
44.17222840975189	-1.584421827099645e-07
44.27017126653626	-1.541676125868854e-07
44.36811412332063	-1.5001197151003865e-07
44.466056980105	-1.459719427850207e-07
44.56399983688937	-1.4204430221343275e-07
44.661942693673744	-1.382259155133516e-07
44.759885550458115	-1.3451373581173746e-07
44.85782840724249	-1.3090480120677418e-07
44.95577126402686	-1.2739623239819157e-07
45.053714120811236	-1.2398523038367228e-07
45.1516569775956	-1.2066907421950246e-07
45.24959983437998	-1.1744511884367223e-07
45.34754269116434	-1.1431079295968666e-07
45.44548554794872	-1.1126359697939169e-07
45.543428404733085	-1.0830110102317174e-07
45.641371261517456	-1.0542094297591725e-07
45.73931411830183	-1.0262082659720728e-07
45.8372569750862	-9.989851968419574e-08
45.93519983187057	-9.725185228573011e-08
46.03314268865494	-9.46787149662764e-08
46.13108554543932	-9.217705711825893e-08
46.22902840222368	-8.974488532146616e-08
46.32697125900806	-8.738026174820821e-08
46.424914115792426	-8.508130261295223e-08
46.522856972576804	-8.284617666519458e-08
46.62079982936117	-8.06731037243635e-08
46.718742686145546	-7.856035325558029e-08
46.81668554292991	-7.65062429851396e-08
46.91462839971429	-7.450913755460172e-08
47.01257125649865	-7.256744721241856e-08
47.11051411328303	-7.067962654204828e-08
47.208456970067395	-6.8844173225541e-08
47.306399826851774	-6.705962684160446e-08
47.404342683636145	-6.532456769718974e-08
47.50228554042051	-6.36376156916612e-08
47.60022839720489	-6.199742921264323e-08
47.69817125398925	-6.040270406265924e-08
47.79611411077363	-5.8852172415704314e-08
47.894056967557994	-5.7344601802917675e-08
47.99199982434237	-5.5878794126542726e-08
48.089942681126736	-5.4453584701384896e-08
48.187885537911114	-5.306784132300126e-08
48.28582839469548	-5.172046336187749e-08
48.38377125147986	-5.041038088286573e-08
48.48171410826422	-4.9136553789180264e-08
48.5796569650486	-4.789797099026507e-08
48.67759982183297	-4.669364959286706e-08
48.77554267861734	-4.5522634114669725e-08
48.87348553540171	-4.438399571985731e-08
48.971428392186084	-4.327683147599593e-08
49.069371248970455	-4.220026363164046e-08
49.167314105754826	-4.1153438914086867e-08
49.2652569625392	-4.013552784670833e-08
49.36319981932357	-3.9145724085330863e-08
49.46114267610794	-3.818324377311516e-08
49.559085532892304	-3.7247324913428684e-08
49.65702838967668	-3.633722676020897e-08
49.75497124646105	-3.5452229225326794e-08
49.852914103245425	-3.4591632302477614e-08
49.950856960029796	-3.3754755507140163e-08
50.04879981681417	-3.2940937332152555e-08
50.14674267359854	-3.21495347184713e-08
50.24468553038291	-3.1379922540689825e-08
50.34262838716728	-3.0631493106905444e-08
50.44057124395165	-2.9903655672532785e-08
50.53851410073602	-2.9195835967677603e-08
50.636456957520394	-2.8507475737690365e-08
50.734399814304766	-2.7838032296532627e-08
50.83234267108914	-2.7186978092599392e-08
50.93028552787351	-2.6553800286650236e-08
51.02822838465788	-2.593800034151108e-08
51.12617124144225	-2.5339093623217808e-08
51.22411409822662	-2.4756609013283097e-08
51.32205695501099	-2.4190088531776938e-08
51.419999811795364	-2.3639086970917556e-08
51.517942668579735	-2.3103171538882123e-08
51.61588552536411	-2.2581921513550677e-08
51.71382838214848	-2.207492790590654e-08
51.81177123893285	-2.1581793132822903e-08
51.90971409571722	-2.1102130698975517e-08
52.00765695250159	-2.0635564887625493e-08
52.10559980928596	-2.0181730460025693e-08
52.203542666070334	-1.974027236321121e-08
52.301485522854705	-1.9310845445937975e-08
52.399428379639076	-1.8893114182542905e-08
52.497371236423454	-1.8486752404506085e-08
52.59531409320782	-1.809144303949894e-08
52.6932569499922	-1.7706877857709336e-08
52.79119980677656	-1.7332757225240764e-08
52.88914266356094	-1.696878986439027e-08
52.9870855203453	-1.6614692620610642e-08
53.085028377129674	-1.627019023597119e-08
53.182971233914046	-1.5935015128937845e-08
53.28091409069842	-1.5608907180292655e-08
53.37885694748279	-1.5291613525025052e-08
53.47679980426716	-1.49828883500269e-08
53.57474266105153	-1.4682492697428658e-08
53.6726855178359	-1.43901942734198e-08
53.77062837462028	-1.4105767262402546e-08
53.868571231404644	-1.3828992146326899e-08
53.96651408818902	-1.3559655529064001e-08
54.06445694497339	-1.3297549965678288e-08
54.162399801757765	-1.3042473796460918e-08
54.26034265854213	-1.2794230985591211e-08
54.35828551532651	-1.2552630964297632e-08
54.45622837211087	-1.2317488478392303e-08
54.55417122889525	-1.2088623440058103e-08
54.652114085679614	-1.1865860783769187e-08
54.75005694246399	-1.1649030326229206e-08
54.847999799248356	-1.1437966630214964e-08
54.945942656032734	-1.1232508872218116e-08
55.043885512817106	-1.1032500713778084e-08
55.14182836960147	-1.083779017640285e-08
55.23977122638585	-1.0648229519978107e-08
55.33771408317021	-1.0463675124567705e-08
55.43565693995459	-1.0283987375509487e-08
55.533599796738955	-1.010903055171671e-08
55.63154265352333	-9.938672717093754e-09
55.7294855103077	-9.772785614980422e-09
55.827428367092075	-9.611244565539766e-09
55.92537122387644	-9.453928366007441e-09
56.02331408066082	-9.300719193723201e-09
56.12125693744519	-9.15150251186626e-09
56.21919979422956	-9.006166977819891e-09
56.31714265101393	-8.864604354091628e-09
56.4150855077983	-8.726709421717355e-09
56.513028364582674	-8.592379896079801e-09
56.610971221367045	-8.461516345076315e-09
56.708914078151416	-8.334022109568424e-09
56.80685693493579	-8.20980322604829e-09
56.90479979172016	-8.088768351463142e-09
57.00274264850452	-7.970828690136236e-09
57.1006855052889	-7.855897922725831e-09
57.198628362073265	-7.74389213716523e-09
57.29657121885764	-7.634729761528495e-09
57.394514075642014	-7.528331498768169e-09
57.492456932426386	-7.42462026327373e-09
57.59039978921076	-7.3235211191989095e-09
57.68834264599513	-7.224961220509188e-09
57.7862855027795	-7.128869752701253e-09
57.88422835956387	-7.03517787614714e-09
57.98217121634824	-6.943818671018882e-09
58.08011407313261	-6.854727083749443e-09
58.178056929916984	-6.767839874986418e-09
58.275999786701355	-6.6830955689974585e-09
58.37394264348573	-6.600434404486365e-09
58.4718855002701	-6.5197982867804544e-09
58.56982835705447	-6.441130741351765e-09
58.66777121383885	-6.364376868634436e-09
58.76571407062321	-6.289483300102354e-09
58.86365692740758	-6.216398155571312e-09
58.961599784191954	-6.145071001692366e-09
59.059542640976325	-6.075452811602349e-09
59.157485497760696	-6.007495925699664e-09
59.25542835454507	-5.941154013514474e-09
59.35337121132944	-5.876382036641793e-09
59.45131406811381	-5.813136212707744e-09
59.54925692489818	-5.751373980341896e-09
59.64719978168255	-5.6910539651259266e-09
59.74514263846692	-5.63213594649154e-09
59.84308549525129	-5.574580825542097e-09
59.94102835203567	-5.518350593771258e-09
60.03897120882004	-5.463408302654534e-09
60.13691406560441	-5.4097180340884915e-09
60.234856922388786	-5.357244871653875e-09
60.33279977917316	-5.305954872681038e-09
60.43074263595752	-5.255815041094228e-09
60.52868549274189	-5.206793301012648e-09
60.62662834952627	-5.158858471087595e-09
60.724571206310635	-5.1119802395560085e-09
60.82251406309501	-5.066129139990011e-09
60.92045691987938	-5.021276527721905e-09
61.018399776663756	-4.977394556926328e-09
61.11634263344812	-4.934456158342648e-09
61.21428549023249	-4.892435017618551e-09
61.31222834701687	-4.8513055542565495e-09
61.41017120380124	-4.811042901148208e-09
61.508114060585605	-4.771622884679331e-09
61.606056917369976	-4.733022005389662e-09
61.703999774154354	-4.695217419172083e-09
61.801942630938726	-4.658186918996369e-09
61.89988548772309	-4.6219089171419325e-09
61.99782834450746	-4.586362427927175e-09
62.09577120129184	-4.551527050919712e-09
62.19371405807621	-4.517382954614117e-09
62.291656914860575	-4.48391086056576e-09
62.389599771644946	-4.451092027967579e-09
62.487542628429324	-4.418908238656627e-09
62.585485485213695	-4.38734178253879e-09
62.68342834199806	-4.356375443418777e-09
62.78137119878244	-4.3259924852269474e-09
62.87931405556681	-4.2961766386293066e-09
62.97725691235117	-4.266912088011009e-09
63.075199769135544	-4.2381834588232115e-09
63.17314262591992	-4.209975805282964e-09
63.271085482704294	-4.182274598415505e-09
63.36902833948866	-4.155065714430158e-09
63.46697119627303	-4.128335423420856e-09
63.56491405305741	-4.102070378381318e-09
63.66285690984178	-4.0762576045264694e-09
63.76079976662614	-4.050884488912371e-09
63.85874262341053	-4.025938770345153e-09
63.95668548019489	-4.001408529571047e-09
64.05462833697926	-3.977282179740611e-09
64.15257119376363	-3.953548457138433e-09
64.250514050548	-3.930196412172211e-09
64.34845690733238	-3.9072154006119125e-09
64.44639976411675	-3.884595075073379e-09
64.54434262090112	-3.8623253767405344e-09
64.64228547768549	-3.840396527317582e-09
64.74022833446986	-3.81879902120623e-09
64.83817119125423	-3.7975236179005655e-09
64.93611404803859	-3.776561334593841e-09
65.03405690482298	-3.755903438991909e-09
65.13199976160735	-3.735541442326906e-09
65.22994261839172	-3.7154670925657135e-09
65.32788547517609	-3.695672367808045e-09
65.42582833196046	-3.6761494698684153e-09
65.52377118874483	-3.6568908180373946e-09
65.6217140455292	-3.6378890430163182e-09
65.71965690231357	-3.619136981021715e-09
65.81759975909794	-3.600627668053815e-09
65.91554261588232	-3.58235433432502e-09
66.01348547266669	-3.5643103988437415e-09
66.11142832945106	-3.5464894641490212e-09
66.20937118623543	-3.5288853111924824e-09
66.3073140430198	-3.511491894362452e-09
66.40525689980417	-3.494303336647475e-09
66.50319975658854	-3.47731392493434e-09
66.60114261337291	-3.4605181054370877e-09
66.69908547015729	-3.44391047925354e-09
66.79702832694166	-3.4274857980462052e-09
66.89497118372603	-3.4112389598431622e-09
66.9929140405104	-3.3951650049567045e-09
67.09085689729477	-3.3792591120148856e-09
67.18879975407914	-3.363516594104233e-09
67.28674261086351	-3.3479328950198976e-09
67.38468546764788	-3.332503585620569e-09
67.48262832443227	-3.3172243602848945e-09
67.58057118121663	-3.30209103346644e-09
67.678514038001	-3.2870995363452823e-09
67.77645689478537	-3.2722459135727808e-09
67.87439975156975	-3.257526320107434e-09
67.97234260835411	-3.2429370181381748e-09
68.07028546513848	-3.2284743740937747e-09
68.16822832192285	-3.214134855736529e-09
68.26617117870722	-3.1999150293356415e-09
68.3641140354916	-3.1858115569202078e-09
68.46205689227597	-3.1718211936090197e-09
68.55999974906034	-3.1579407850141332e-09
68.65794260584471	-3.144167264716959e-09
68.75588546262908	-3.130497651815146e-09
68.85382831941345	-3.116929048537869e-09
68.95177117619784	-3.1034586379275198e-09
69.0497140329822	-3.0900836815852974e-09
69.14765688976657	-3.0768015174810015e-09
69.24559974655094	-3.063609557823954e-09
69.34354260333532	-3.0505052869917136e-09
69.44148546011968	-3.0374862595177143e-09
69.53942831690405	-3.0245500981341166e-09
69.63737117368842	-3.0116944918702362e-09
69.73531403047281	-2.9989171942039775e-09
69.83325688725716	-2.9862160212645487e-09
69.93119974404154	-2.973588850084734e-09
70.02914260082592	-2.9610336169021454e-09
70.12708545761028	-2.9485483155085086e-09
70.22502831439465	-2.936130995645249e-09
70.32297117117902	-2.923779761442323e-09
70.4209140279634	-2.911492769902015e-09
70.51885688474776	-2.8992682294238723e-09
70.61679974153213	-2.8871043983711617e-09
70.7147425983165	-2.8749995836784675e-09
70.81268545510089	-2.862952139496788e-09
70.91062831188525	-2.8509604658765213e-09
71.00857116866962	-2.8390230074873793e-09
71.10651402545399	-2.8271382523737016e-09
71.20445688223838	-2.815304730744974e-09
71.30239973902273	-2.803521013801173e-09
71.4003425958071	-2.791785712588533e-09
71.49828545259149	-2.780097476888324e-09
71.59622830937586	-2.7684549941367137e-09
71.69417116616022	-2.756856988374395e-09
71.79211402294459	-2.745302219226053e-09
71.89005687972897	-2.7337894809080632e-09
71.98799973651334	-2.7223176012637345e-09
72.0859425932977	-2.71088544082554e-09
72.18388545008207	-2.6994918919033663e-09
72.28182830686646	-2.688135877698592e-09
72.37977116365082	-2.676816351442473e-09
72.47771402043519	-2.6655322955578663e-09
72.57565687721957	-2.6542827208460207e-09
72.67359973400394	-2.6430666656949918e-09
72.7715425907883	-2.6318831953098673e-09
72.86948544757267	-2.620731400965668e-09
72.96742830435706	-2.6096103992799564e-09
73.06537116114143	-2.598519331506112e-09
73.16331401792579	-2.5874573628462155e-09
73.26125687471016	-2.576423681783264e-09
73.35919973149454	-2.5654174994320363e-09
73.45714258827891	-2.5544380489073766e-09
73.55508544506327	-2.5434845847110324e-09
73.65302830184764	-2.532556382135335e-09
73.75097115863203	-2.5216527366832395e-09
73.8489140154164	-2.510772963504625e-09
73.94685687220075	-2.4999163968484806e-09
74.04479972898514	-2.4890823895302064e-09
74.14274258576951	-2.478270312413648e-09
74.24068544255387	-2.467479553908244e-09
74.33862829933824	-2.4567095194793814e-09
74.43657115612262	-2.445959631172429e-09
74.534514012907	-2.435229327150835e-09
74.63245686969135	-2.4245180612464684e-09
74.73039972647572	-2.4138253025231687e-09
74.82834258326011	-2.4031505348515785e-09
74.92628544004448	-2.392493256495845e-09
75.02422829682884	-2.381852979712753e-09
75.12217115361322	-2.3712292303609084e-09
75.2201140103976	-2.360621547521305e-09
75.31805686718197	-2.3500294831291777e-09
75.41599972396632	-2.3394526016154294e-09
75.51394258075071	-2.328890479558095e-09
75.61188543753508	-2.3183427053436688e-09
75.70982829431945	-2.307808878837702e-09
75.80777115110381	-2.2972886110645945e-09
75.9057140078882	-2.286781523896563e-09
76.00365686467256	-2.2762872497506515e-09
76.10159972145692	-2.2658054312952107e-09
76.19954257824129	-2.255335721163934e-09
76.29748543502568	-2.244877781677263e-09
76.39542829181005	-2.2344312845732633e-09
76.4933711485944	-2.2239959107451015e-09
76.59131400537879	-2.2135713499845498e-09
76.68925686216316	-2.203157300734197e-09
76.78719971894753	-2.192753469846737e-09
76.88514257573189	-2.1823595723500977e-09
76.98308543251628	-2.1719753312190713e-09
77.08102828930065	-2.161600477154121e-09
77.17897114608502	-2.1512347483659304e-09
77.27691400286938	-2.1408778903659766e-09
77.37485685965376	-2.130529655763326e-09
77.47279971643813	-2.120189804065634e-09
77.5707425732225	-2.1098581014876146e-09
77.66868543000687	-2.099534320763904e-09
77.76662828679125	-2.089218240966423e-09
77.86457114357562	-2.078909647328536e-09
77.96251400035999	-2.068608331073412e-09
78.06045685714436	-2.0583140892459326e-09
78.15839971392873	-2.048026724550528e-09
78.2563425707131	-2.037746045194275e-09
78.35428542749746	-2.02747186473277e-09
78.45222828428184	-2.0172040019210737e-09
78.55017114106622	-2.0069422805683847e-09
78.64811399785059	-1.9966865293979776e-09
78.74605685463494	-1.9864365819095304e-09
78.84399971141933	-1.9761922762454717e-09
78.9419425682037	-1.9659534550620166e-09
79.03988542498807	-1.955719965403164e-09
79.13782828177244	-1.94549165857872e-09
79.23577113855681	-1.9352683900452784e-09
79.33371399534118	-1.925050019289598e-09
79.43165685212556	-1.914836409716956e-09
79.52959970890993	-1.90462742854208e-09
79.6275425656943	-1.894422946682474e-09
79.72548542247867	-1.884222838655383e-09
79.82342827926304	-1.8740269824772394e-09
79.92137113604741	-1.8638352595660784e-09
80.01931399283178	-1.853647554646824e-09
80.11725684961615	-1.8434637556593474e-09
80.21519970640053	-1.8332837536687289e-09
80.3131425631849	-1.823107442777813e-09
80.41108541996927	-1.8129347200422507e-09
80.50902827675364	-1.8027654853885119e-09
80.60697113353801	-1.7925996415339012e-09
80.70491399032238	-1.7824370939083e-09
80.80285684710675	-1.77227775057849e-09
80.90079970389112	-1.7621215221750597e-09
80.9987425606755	-1.7519683218207472e-09
81.09668541745987	-1.7418180650607908e-09
81.19462827424424	-1.7316706697955757e-09
81.29257113102861	-1.7215260562146221e-09
81.39051398781298	-1.7113841467332487e-09
81.48845684459735	-1.701244865929909e-09
81.58639970138172	-1.6911081404859183e-09
81.6843425581661	-1.68097389912738e-09
81.78228541495046	-1.670842072567784e-09
81.88022827173484	-1.6607125934527078e-09
81.97817112851921	-1.650585396306049e-09
82.07611398530358	-1.6404604174770232e-09
82.17405684208795	-1.6303375950892668e-09
82.27199969887232	-1.6202168689920454e-09
82.36994255565669	-1.6100981807119382e-09
82.46788541244106	-1.5999814734057681e-09
82.56582826922543	-1.5898666918149668e-09
82.6637711260098	-1.5797537822216609e-09
82.76171398279419	-1.569642692406003e-09
82.85965683957855	-1.5595333716039801e-09
82.95759969636292	-1.5494257704669448e-09
83.05554255314729	-1.5393198410222936e-09
83.15348540993168	-1.5292155366345297e-09
83.25142826671603	-1.5191128119684285e-09
83.3493711235004	-1.5090116229527787e-09
83.44731398028478	-1.4989119267445044e-09
83.54525683706915	-1.4888136816950858e-09
83.64319969385352	-1.4787168473166907e-09
83.74114255063789	-1.4686213842501245e-09
83.83908540742227	-1.4585272542338324e-09
83.93702826420663	-1.4484344200727112e-09
84.034971120991	-1.4383428456079721e-09
84.13291397777537	-1.4282524956885354e-09
84.23085683455976	-1.4181633361433806e-09
84.32879969134412	-1.4080753337534198e-09
84.42674254812849	-1.3979884562254748e-09
84.52468540491286	-1.3879026721661584e-09
84.62262826169724	-1.3778179510570002e-09
84.7205711184816	-1.3677342632300503e-09
84.81851397526597	-1.3576515798441523e-09
84.91645683205034	-1.3475698728616e-09
85.01439968883473	-1.3374891150263246e-09
85.11234254561909	-1.32740927984141e-09
85.21028540240346	-1.3173303415478562e-09
85.30822825918784	-1.307252275104104e-09
85.4061711159722	-1.2971750561665185e-09
85.50411397275657	-1.2870986610697764e-09
85.60205682954094	-1.2770230668074441e-09
85.69999968632533	-1.2669482510137058e-09
85.79794254310968	-1.2568741919453756e-09
85.89588539989406	-1.2468008684644865e-09
85.99382825667843	-1.2367282600217385e-09
86.09177111346281	-1.226656346640044e-09
86.18971397024717	-1.216585108898453e-09
86.28765682703154	-1.2065145279160832e-09
86.38559968381593	-1.1964445853377663e-09
86.4835425406003	-1.1863752633192212e-09
86.58148539738465	-1.1763065445124147e-09
86.67942825416903	-1.1662384120519773e-09
86.77737111095341	-1.1561708495414253e-09
86.87531396773778	-1.1461038410406293e-09
86.97325682452214	-1.136037371052801e-09
87.07119968130651	-1.1259714245118665e-09
87.1691425380909	-1.1159059867706973e-09
87.26708539487525	-1.1058410435891518e-09
87.36502825165962	-1.0957765811229777e-09
87.462971108444	-1.0857125859122353e-09
87.56091396522838	-1.0756490448707736e-09
87.65885682201274	-1.065585945275707e-09
87.75679967879711	-1.055523274757082e-09
87.8547425355815	-1.0454610212885022e-09
87.95268539236586	-1.0353991731769859e-09
88.05062824915022	-1.0253377190540704e-09
88.1485711059346	-1.0152766478667217e-09
88.24651396271898	-1.0052159488682462e-09
88.34445681950335	-9.95155611609489e-10
88.4423996762877	-9.850956259305102e-10
88.54034253307208	-9.750359819524536e-10
88.63828538985646	-9.649766700704658e-10
88.73622824664083	-9.549176809454694e-10
88.83417110342519	-9.448590054963175e-10
88.93211396020958	-9.348006348927138e-10
89.03005681699395	-9.247425605483251e-10
89.12799967377832	-9.146847741137966e-10
89.22594253056268	-9.046272674700547e-10
89.32388538734706	-8.945700327219931e-10
89.42182824413143	-8.845130621918713e-10
89.51977110091579	-8.744563484135746e-10
89.61771395770016	-8.643998841263951e-10
89.71565681448455	-8.543436622692912e-10
89.81359967126892	-8.442876759750522e-10
89.91154252805327	-8.342319185647493e-10
90.00948538483765	-8.241763835422817e-10
90.10742824162203	-8.141210645897849e-10
90.2053710984064	-8.040659555623684e-10
90.30331395519076	-7.940110504827588e-10
90.40125681197514	-7.83956343536707e-10
90.49919966875952	-7.739018290686825e-10
90.59714252554389	-7.638475015774736e-10
90.69508538232824	-7.537933557113076e-10
90.79302823911263	-7.437393862635453e-10
90.890971095897	-7.336855881691417e-10
90.98891395268137	-7.236319565002447e-10
91.08685680946573	-7.135784864617945e-10
91.18479966625011	-7.035251733877923e-10
91.28274252303449	-6.934720127380471e-10
91.38068537981884	-6.834190000943496e-10
91.47862823660323	-6.733661311568359e-10
91.5765710933876	-6.633134017406397e-10
91.67451395017197	-6.532608077724474e-10
91.77245680695633	-6.432083452873416e-10
91.87039966374071	-6.331560104254522e-10
91.96834252052508	-6.231037994290862e-10
92.06628537730946	-6.130517086394751e-10
92.16422823409381	-6.02999734494192e-10
92.2621710908782	-5.92947873523898e-10
92.36011394766257	-5.828961223497598e-10
92.45805680444694	-5.728444776812488e-10
92.5559996612313	-5.62792936312793e-10
92.65394251801568	-5.527414951214804e-10
92.75188537480005	-5.426901510648589e-10
92.84982823158442	-5.326389011775878e-10
92.9477710883688	-5.225877425698109e-10
93.04571394515317	-5.125366724254354e-10
93.14365680193754	-5.02485687998591e-10
93.2415996587219	-4.924347866118127e-10
93.33954251550628	-4.823839656542231e-10
93.43748537229065	-4.723332225792355e-10
93.53542822907502	-4.622825549024507e-10
93.63337108585938	-4.522319602002201e-10
93.73131394264377	-4.4218143610715943e-10
93.82925679942814	-4.321309803144264e-10
93.92719965621251	-4.220805905678071e-10
94.02514251299688	-4.120302646656114e-10
94.12308536978125	-4.0198000045733326e-10
94.22102822656562	-3.9192979584192906e-10
94.31897108335	-3.8187964876571254e-10
94.41691394013436	-3.718295572211111e-10
94.51485679691874	-3.617795192449439e-10
94.6127996537031	-3.517295329168908e-10
94.71074251048748	-3.4167959635796184e-10
94.80868536727185	-3.3162970772925353e-10
94.90662822405622	-3.215798652303223e-10
95.00457108084059	-3.1153006709784515e-10
95.10251393762496	-3.0148031160370625e-10
95.20045679440933	-2.9143059705337036e-10
95.2983996511937	-2.813809217852135e-10
95.39634250797808	-2.713312841689919e-10
95.49428536476245	-2.612816826049808e-10
95.59222822154682	-2.512321155224443e-10
95.69017107833119	-2.4118258137839093e-10
95.78811393511556	-2.3113307865604345e-10
95.88605679189993	-2.2108360586302073e-10
95.9839996486843	-2.1103416153095533e-10
96.08194250546867	-2.0098474421453657e-10
96.17988536225305	-1.909353524901713e-10
96.27782821903742	-1.808859849551227e-10
96.37577107582179	-1.708366402256926e-10
96.47371393260616	-1.607873169361692e-10
96.57165678939053	-1.5073801373796574e-10
96.6695996461749	-1.4068872929866412e-10
96.76754250295927	-1.3063946230105793e-10
96.86548535974364	-1.2059021144171746e-10
96.96342821652802	-1.1054097542984172e-10
97.06137107331239	-1.0049175298668426e-10
97.15931393009676	-9.044254284459657e-11
97.25725678688113	-8.0393343745306e-11
97.3551996436655	-7.034415443962861e-11
97.45314250044987	-6.02949736865126e-11
97.55108535723424	-5.024580025169888e-11
97.64902821401861	-4.019663290657291e-11
97.74697107080299	-3.014747042739946e-11
97.84491392758736	-2.0098311594174463e-11
97.94285678437173	-1.0049155189955349e-11
97.94285678437338	0.0
