0.0	-0.14983355663999753
3.097225079822949	-0.1498335566399017
6.194450159645898	-0.14470004798153838
9.291675239468848	-0.14041860635689074
12.388900319291796	-0.13674633112537904
15.486125399114746	-0.13353130304413066
18.583350478937696	-0.13067216762975695
21.680575558760644	-0.12809792576031373
24.777800638583592	-0.12575690700851128
27.87502571840654	-0.12361033461047935
30.972250798229492	-0.12162836347320292
34.06947587805244	-0.11978753185625629
37.166700957875385	-0.1180690616135106
40.26392603769833	-0.11645768902127147
43.36115111752128	-0.11494083908262487
46.458376197344236	-0.11350802891864721
49.555601277167185	-0.11215042797175626
52.65282635699013	-0.11086052802381172
55.75005143681309	-0.10963189168498082
58.847276516636036	-0.10845895797421971
61.944501596459	-0.10733689011335742
65.04172667628195	-0.10626145499239131
68.13895175610489	-0.10522892671284496
71.23617683592785	-0.10423600865850884
74.3334019157508	-0.1032797699806448
77.43062699557375	-0.10235759341203006
80.5278520753967	-0.1014671320683443
83.62507715521964	-0.10060627344125647
86.7223022350426	-0.09977310919266852
89.81952731486555	-0.09896590966348065
92.9167523946885	-0.0981831022405348
96.01397747451145	-0.0974232529015423
99.11120255433441	-0.09668505039372104
102.20842763415736	-0.09596729260760538
105.30565271398031	-0.09526887479038801
108.40287779380327	-0.09458877930860839
111.5001028736262	-0.0939260667220437
114.59732795344917	-0.09327986797229837
117.69455303327211	-0.09264937752310935
120.79177811309508	-0.09203384731652699
123.88900319291801	-0.09143258143122561
126.98622827274096	-0.0908449313472807
130.08345335256394	-0.09027029173661757
133.18067843238688	-0.08970809671062274
136.27790351220983	-0.08915781646660387
139.37512859203278	-0.08861895428328254
142.47235367185573	-0.08809104382261496
145.5695787516787	-0.08757364670120972
148.66680383150162	-0.08706635029965018
151.76402891132457	-0.08656876578229133
154.86125399114752	-0.08608052630372216
157.95847907097047	-0.08560128538116803
161.05570415079345	-0.08513071541474383
164.15292923061637	-0.0846685063397282
167.2501543104393	-0.08421436439697168
170.3473793902623	-0.08376801100922682
173.44460447008524	-0.08332918175263583
176.54182954990816	-0.08289762541386662
179.63905462973113	-0.08247310312447856
182.73627970955408	-0.08205538756504893
185.83350478937706	-0.08164426223242095
188.9307298692	-0.08123952076415918
192.02795494902293	-0.08084096631493523
195.1251800288459	-0.080448410980126
198.22240510866885	-0.08006167526239885
201.3196301884918	-0.07968058757749322
204.41685526831475	-0.07930498379579246
207.5140803481377	-0.07893470681661999
210.61130542796064	-0.078569606172496
213.70853050778362	-0.07820953766085938
216.80575558760657	-0.07785436300099897
219.9029806674295	-0.07750394951415128
223.00020574725247	-0.07715816982491218
226.0974308270754	-0.07681690158228133
229.19465590689836	-0.07648002719880986
232.2918809867213	-0.07614743360645992
235.38910606654426	-0.07581901202790735
238.48633114636723	-0.07549465776212982
241.58355622619015	-0.07517426998322312
244.68078130601313	-0.07485775155147778
247.77800638583608	-0.07454500883583065
250.875231465659	-0.07423595154687897
253.97245654548198	-0.073930492579712
257.06968162530495	-0.07362854786587554
260.1669067051279	-0.07333003623383974
263.26413178495085	-0.07303487927739079
266.36135686477377	-0.07274300123141263
269.45858194459674	-0.07245432885456603
272.55580702441966	-0.0721687913184108
275.65303210424264	-0.07188632010255086
278.7502571840656	-0.07160684889541392
281.84748226388854	-0.0713303135003063
284.9447073437115	-0.07105665174640978
288.0419324235345	-0.0707858034044119
291.1391575033574	-0.07051771010648304
294.23638258318033	-0.07025231527033451
297.3336076630033	-0.06998956402711017
300.4308327428262	-0.06972940315288186
303.5280578226492	-0.06947178100353464
306.6252829024722	-0.06921664745284249
309.7225079822951	-0.06896395383354852
312.8197330621181	-0.0687136528812768
315.91695814194105	-0.06846569868111381
319.014183221764	-0.06822004661670845
322.1114083015869	-0.0679766533217497
325.20863338140987	-0.06773547663368945
328.3058584612328	-0.06749647554958751
331.40308354105576	-0.06725961018396265
334.50030862087874	-0.06702484172854144
337.59753370070166	-0.06679213241380334
340.69475878052464	-0.06656144547222663
343.7919838603476	-0.06633274510314559
346.88920894017053	-0.06610599643913515
349.98643401999345	-0.06588116551384376
353.08365909981643	-0.06565821923120056
356.18088417963935	-0.06543712533592654
359.2781092594623	-0.06521785238528445
362.3753343392853	-0.06500036972200535
365.4725594191082	-0.06478464744833327
368.5697844989312	-0.06457065640113341
371.6670095787542	-0.06435836812801167
374.7642346585771	-0.06414775486439678
377.8614597384	-0.06393878951153889
380.958684818223	-0.06373144561538076
384.05590989804597	-0.06352569734626055
387.1531349778689	-0.06332151947940723
390.25036005769186	-0.06311888737619159
393.34758513751484	-0.06291777696609821
396.44481021733776	-0.0627181647293852
399.54203529716074	-0.06252002768040058
402.6392603769837	-0.0623233433515256
405.7364854568066	-0.062128089777717055
408.83371053662955	-0.06193424548162177
411.93093561645253	-0.06174178945923832
415.02816069627545	-0.06155070116610172
418.1253857760984	-0.061360960503968595
421.2226108559214	-0.061172547807981065
424.3198359357443	-0.060985443834289
427.4170610155673	-0.060799629748110935
430.5142860953903	-0.06061508711221535
433.61151117521314	-0.06043179787580448
436.7087362550361	-0.06024974436378401
439.8059613348591	-0.060068909266402716
442.903186414682	-0.05988927562924667
446.000411494505	-0.05971082684357377
449.09763657432796	-0.0595335466369747
452.1948616541509	-0.05935741906434711
455.29208673397386	-0.05918242849917064
458.38931181379684	-0.05900855962507068
461.4865368936197	-0.05883579742765962
464.5837619734427	-0.05866412718664463
467.68098705326565	-0.05849353446819155
470.7782121330886	-0.058324005117535105
473.87543721291155	-0.058155525251825844
476.97266229273447	-0.05798808125320486
480.0698873725575	-0.0578216597620975
483.1671124523804	-0.05765624767071807
486.26433753220334	-0.057491832116777275
489.3615626120263	-0.05732840047738517
492.45878769184924	-0.057165940363142126
495.55601277167216	-0.05700443961241111
498.6532378514952	-0.05684388628576439
501.7504629313181	-0.056684268660598655
504.84768801114103	-0.056525575225912124
507.94491309096406	-0.056367794677238084
511.042138170787	-0.05621091591172913
514.1393632506099	-0.05605492802338682
517.2365883304329	-0.055899820298431546
520.3338134102559	-0.05574558221080786
523.4310384900788	-0.05559220341782028
526.5282635699018	-0.05543967375589532
529.6254886497246	-0.05528798323646518
532.7227137295475	-0.05513712204196907
535.8199388093706	-0.05498708052196806
538.9171638891935	-0.05483784918936969
542.0143889690164	-0.054689418716758566
545.1116140488394	-0.05454177993282942
548.2088391286624	-0.054394923818919326
551.3060642084854	-0.05424884150563551
554.4032892883083	-0.05410352426957591
557.5005143681312	-0.05395896353013931
560.5977394479543	-0.05381515084642207
563.6949645277772	-0.05367207791419874
566.7921896076001	-0.053529736562983835
569.8894146874231	-0.053388118753172106
572.9866397672461	-0.05324721657325492
576.083864847069	-0.05310702223711017
579.181089926892	-0.05296752808136357
582.2783150067149	-0.052828726562818965
585.3755400865377	-0.05269061025595557
588.4727651663608	-0.05255317185048995
591.5699902461837	-0.052416404149000964
594.6672153260066	-0.05228030006461547
597.7644404058296	-0.05214485261875308
600.8616654856526	-0.05201005493892821
603.9588905654755	-0.051875900256607516
607.0561156452985	-0.05174238190512123
610.1533407251214	-0.05160949331762667
613.2505658049444	-0.051477228025122376
616.3477908847674	-0.05134557965451145
619.4450159645902	-0.051214541926712515
622.5422410444131	-0.05108410865481703
625.639466124236	-0.050954273742291466
628.7366912040588	-0.05082503118122317
631.8339162838818	-0.05069637505060856
634.9311413637047	-0.05056829951468249
638.0283664435275	-0.05044079882128749
641.1255915233504	-0.050313867300281964
644.2228166031733	-0.05018749936198596
647.3200416829961	-0.05006168949566367
650.417266762819	-0.049936432268041515
653.514491842642	-0.04981172232186088
656.6117169224649	-0.049687554374464434
659.7089420022877	-0.049563923216415236
662.8061670821106	-0.04944082371014761
665.9033921619335	-0.04931825078864896
669.0006172417563	-0.04919619945417171
672.0978423215793	-0.04907466477697446
675.1950674014022	-0.04895364189409165
678.292292481225	-0.04883312600813089
681.3895175610479	-0.04871311238609734
684.4867426408708	-0.04859359635824421
687.5839677206936	-0.04847457331694889
690.6811928005166	-0.048356038715613864
693.7784178803395	-0.04823798806759191
696.8756429601623	-0.04812041694513479
699.9728680399852	-0.04800332097836493
703.0700931198081	-0.047886695854269475
706.167318199631	-0.04777053731571601
709.2645432794538	-0.04765484116048962
712.3617683592768	-0.047539603240350545
715.4589934390997	-0.04742481946011193
718.5562185189225	-0.04731048577673727
721.6534435987454	-0.047196598198456945
724.7506686785682	-0.047083152783903334
727.8478937583911	-0.0469701456412642
730.9451188382141	-0.04685757292745369
734.0423439180369	-0.04674543084730066
737.1395689978598	-0.04663371565275378
740.2367940776826	-0.04652242364210315
743.3340191575055	-0.04641155115921782
746.4312442373284	-0.04630109459279903
749.5284693171512	-0.04619105037564861
752.6256943969742	-0.046081414983952275
755.7229194767971	-0.04597218493657747
758.8201445566199	-0.04586335679438528
761.9173696364428	-0.045754927159556244
765.0145947162657	-0.04564689267492957
768.1118197960885	-0.04553925002335558
771.2090448759114	-0.04543199592706096
774.3062699557344	-0.045325127147026543
777.4034950355572	-0.04521864048237739
780.5007201153801	-0.045112532769784795
783.597945195203	-0.045006800882879915
786.6951702750258	-0.04490144173167892
789.7923953548487	-0.044796452262019185
792.8896204346717	-0.04469182945500642
795.9868455144946	-0.04458757032647238
799.0840705943174	-0.04448367192644303
802.1812956741403	-0.044380131338616784
805.2785207539632	-0.044276945679852714
808.375745833786	-0.04417411209966842
811.472970913609	-0.0440716277797474
814.5701959934319	-0.04396948993345566
817.6674210732547	-0.04386769580536737
820.7646461530776	-0.043766242670799364
823.8618712329005	-0.04366512783535433
826.9590963127233	-0.043564348634472436
830.0563213925462	-0.043463902432991156
833.1535464723692	-0.04336378662471333
836.250771552192	-0.04326399863198303
839.3479966320149	-0.04316453590526916
842.4452217118378	-0.04306539592275668
845.5424467916607	-0.042966576189945226
848.6396718714835	-0.042868074239254914
851.7368969513064	-0.042769887629639285
854.8341220311294	-0.04267201394620523
857.9313471109522	-0.042574450799839555
861.0285721907751	-0.04247719582684237
864.125797270598	-0.04238024668856682
867.2230223504208	-0.04228360107106527
870.3202474302437	-0.04218725668474172
873.4174725100667	-0.04209121126401026
876.5146975898895	-0.04199546256695954
879.6119226697124	-0.04190000837502307
882.7091477495353	-0.04180484649265524
885.8063728293581	-0.04170997474701297
888.903597909181	-0.041615390987642796
892.000822989004	-0.04152109308617338
895.0980480688269	-0.04142707893601328
898.1952731486497	-0.041333346452053825
901.2924982284726	-0.041239893570377106
904.3897233082955	-0.0411467182479689
907.4869483881183	-0.041053818462436394
910.5841734679412	-0.040961192211730744
913.6813985477642	-0.040868837513874205
916.778623627587	-0.040776752406691895
919.8758487074099	-0.04068493494754795
922.9730737872328	-0.04059338321308614
926.0702988670556	-0.04050209529897475
929.1675239468785	-0.04041106931965562
932.2647490267015	-0.040320303408097405
935.3619741065244	-0.0402297957155528
938.4591991863472	-0.040139544411319776
941.5564242661701	-0.040049547682506674
944.653649345993	-0.03995980373380115
947.7508744258158	-0.03987031078724279
950.8480995056387	-0.03978106708199951
953.9453245854615	-0.0396920708741474
957.0425496652845	-0.039603320436454224
960.1397747451074	-0.039514814058166293
963.2369998249303	-0.03942655004479879
966.3342249047532	-0.03933852671792938
969.4314499845761	-0.0392507424149951
972.5286750643988	-0.03916319548909247
975.6259001442218	-0.039075884308780715
978.7231252240447	-0.038988807257888086
981.8203503038676	-0.03890196273532121
984.9175753836905	-0.03881534915487741
988.0148004635134	-0.03872896494505991
991.1120255433361	-0.038642808548895964
994.209250623159	-0.03855687842375771
997.306475702982	-0.03847117304118585
1000.4037007828049	-0.038385690886715985
1003.5009258626277	-0.038300430459707616
1006.5981509424506	-0.03821539027317579
1009.6953760222735	-0.03813056885362526
1012.7926011020963	-0.038045964740887145
1015.8898261819191	-0.037961576487958115
1018.9870512617421	-0.037877402660841955
1022.084276341565	-0.03779344183839349
1025.181501421388	-0.037709692612164905
1028.278726501211	-0.03762615358625433
1031.3759515810336	-0.037542823377156635
1034.4731766608566	-0.03745970061361651
1037.5704017406795	-0.037376783936483665
1040.6676268205024	-0.0372940719985702
1043.7648519003253	-0.037211563464510045
1046.8620769801482	-0.03712925701062047
1049.959302059971	-0.03704715132476564
1053.0565271397938	-0.0369652451062221
1056.1537522196168	-0.036883537065546305
1059.2509772994397	-0.03680202592444397
1062.3482023792626	-0.0367207104156414
1065.4454274590855	-0.03663958928275859
1068.5426525389084	-0.03655866128018421
1071.6398776187311	-0.03647792517295235
1074.737102698554	-0.03639737973662103
1077.834327778377	-0.03631702375715247
1080.9315528582	-0.03623685603079499
1084.0287779380228	-0.036156875363966647
1087.1260030178457	-0.03607708057314051
1090.2232280976684	-0.035997470484731495
1093.3204531774913	-0.035918043934984864
1096.4176782573143	-0.035838799769866245
1099.5149033371372	-0.035759736844953156
1102.61212841696	-0.035680854025328126
1105.709353496783	-0.0356021501854732
1108.806578576606	-0.035523624209166
1111.9038036564286	-0.035445274989377135
1115.0010287362516	-0.035367101428169095
1118.0982538160745	-0.03528910243659647
1121.1954788958974	-0.0352112769346076
1124.2927039757203	-0.0351336238509475
1127.389929055543	-0.03505614212306219
1130.487154135366	-0.034978830697004214
1133.5843792151888	-0.03490168852733956
1136.6816042950118	-0.03482471457705574
1139.7788293748345	-0.03474790781747117
1142.8760544546574	-0.03467126722814572
1145.9732795344803	-0.03459479179679253
1149.0705046143032	-0.0345184805191909
1152.1677296941261	-0.03444233239910046
1155.2649547739488	-0.0343663464481764
1158.3621798537717	-0.03429052168588584
1161.4594049335947	-0.034214857139425306
1164.5566300134176	-0.03413935184363935
1167.6538550932405	-0.03406400484094014
1170.7510801730632	-0.033988815181228156
1173.8483052528861	-0.03391378192181397
1176.945530332709	-0.03383890412734096
1180.042755412532	-0.03376418086970909
1183.1399804923549	-0.033689611227999634
1186.2372055721778	-0.03361519428840095
1189.3344306520005	-0.033540929144135104
1192.4316557318234	-0.033466814895385534
1195.5288808116463	-0.033392850649225606
1198.6261058914693	-0.033319035519548075
1201.7233309712922	-0.03324536862699548
1204.820556051115	-0.03317184909889137
1207.917781130938	-0.03309847606917247
1211.0150062107607	-0.03302524867832166
1214.1122312905836	-0.032952166073301856
1217.2094563704065	-0.03287922740749063
1220.3066814502295	-0.03280643184061576
1223.4039065300524	-0.03273377853869152
1226.5011316098753	-0.0326612666739558
1229.598356689698	-0.03258889542480799
1232.695581769521	-0.03251666397574764
1235.7928068493438	-0.032444571517313926
1238.8900319291668	-0.03237261724602579
1241.9872570089897	-0.03230080036432289
1245.0844820888126	-0.03222912008050725
1248.1817071686355	-0.032157575608685596
1251.2789322484584	-0.03208616616871249
1254.3761573282814	-0.03201489098613403
1257.4733824081043	-0.031943749292132395
1260.5706074879272	-0.03187274032347089
1263.6678325677499	-0.031801863322439845
1266.7650576475728	-0.03173111753680299
1269.8622827273957	-0.03166050221974462
1272.9595078072186	-0.031590016629817315
1276.0567328870416	-0.031519660030890344
1279.1539579668645	-0.03144943169209862
1282.2511830466872	-0.03137933088779235
1285.34840812651	-0.03130935689748721
1288.445633206333	-0.03123950900581519
1291.542858286156	-0.031169786502475916
1294.6400833659789	-0.031100188682188674
1297.7373084458018	-0.031030714844644938
1300.8345335256247	-0.030961364294461433
1303.9317586054474	-0.030892136341133816
1307.0289836852703	-0.030823030298990833
1310.1262087650932	-0.030754045487149093
1313.2234338449161	-0.030685181229468277
1316.320658924739	-0.030616436854506962
1319.417884004562	-0.030547811695478887
1322.5151090843847	-0.030479305090209775
1325.6123341642076	-0.030410916381094624
1328.7095592440305	-0.03034264491505552
1331.8067843238534	-0.0302744900434999
1334.9040094036764	-0.03020645112227933
1338.0012344834993	-0.03013852751164876
1341.098459563322	-0.030070718576226185
1344.195684643145	-0.03000302368495286
1347.2929097229678	-0.029935442211053875
1350.3901348027907	-0.02986797353199926
1353.4873598826136	-0.02980061702946548
1356.5845849624366	-0.029733372089297366
1359.6818100422595	-0.029666238101470507
1362.7790351220822	-0.029599214460054053
1365.876260201905	-0.029532300563173925
1368.973485281728	-0.029465495812976448
1372.070710361551	-0.029398799615592386
1375.1679354413739	-0.02933221138110138
1378.2651605211968	-0.02926573052349679
1381.3623856010195	-0.029199356460650933
1384.4596106808424	-0.029133088614280662
1387.5568357606653	-0.0290669264099134
1390.6540608404882	-0.02900086927685348
1393.7512859203111	-0.02893491664814889
1396.848511000134	-0.028869067960558402
1399.945736079957	-0.028803322654518997
1403.0429611597797	-0.02873768017411373
1406.1401862396026	-0.028672139967039875
1409.2374113194255	-0.028606701484577467
1412.3346363992484	-0.028541364181558147
1415.4318614790714	-0.028476127516334365
1418.5290865588943	-0.028410990950748942
1421.626311638717	-0.0283459539501049
1424.72353671854	-0.028281015983135666
1427.8207617983628	-0.028216176521975587
1430.9179868781857	-0.028151435042130735
1434.0152119580086	-0.028086791022450083
1437.1124370378316	-0.028022243945096913
1440.2096621176545	-0.02795779329552059
1443.3068871974772	-0.0278934385624286
1446.4041122773	-0.027829179237758923
1449.501337357123	-0.02776501481665265
1452.598562436946	-0.027700944797426925
1455.6957875167689	-0.027636968681548166
1458.7930125965918	-0.027573085973605548
1461.8902376764145	-0.027509296181284795
1464.9874627562374	-0.02744559881534223
1468.0846878360603	-0.027381993389579095
1471.1819129158832	-0.02731847942081614
1474.2791379957062	-0.02725505642886848
1477.376363075529	-0.027191723936520716
1480.4735881553518	-0.027128481469502315
1483.5708132351747	-0.027065328556463226
1486.6680383149976	-0.027002264728949777
1489.7652633948205	-0.026939289521380794
1492.8624884746434	-0.026876402471023984
1495.9597135544664	-0.026813603117972543
1499.0569386342893	-0.026750891005122034
1502.154163714112	-0.026688265678147464
1505.251388793935	-0.02662572668548062
1508.3486138737578	-0.02656327357828762
1511.4458389535807	-0.02650090591044671
1514.5430640334037	-0.026438623238526263
1517.6402891132266	-0.026376425121763036
1520.7375141930493	-0.026314311122040593
1523.8347392728722	-0.026252280803868006
1526.931964352695	-0.026190333734358716
1530.029189432518	-0.026128469483209644
1533.126414512341	-0.026066687622680496
1536.2236395921639	-0.026004987727573273
1539.3208646719868	-0.025943369375211987
1542.4180897518095	-0.02588183214542259
1545.5153148316324	-0.025820375620513075
1548.6125399114553	-0.025758999385253813
1551.7097649912782	-0.025697703026858046
1554.8069900711012	-0.0256364861349626
1557.904215150924	-0.025575348301608767
1561.0014402307468	-0.025514289121223395
1564.0986653105697	-0.02545330819060016
1567.1958903903926	-0.025392405108880994
1570.2931154702155	-0.02533157947753774
1573.3903405500384	-0.02527083090035393
1576.4875656298614	-0.025210158983406818
1579.584790709684	-0.02514956333504949
1582.682015789507	-0.02508904356589325
1585.77924086933	-0.025028599288790084
1588.8764659491528	-0.024968230118815347
1591.9736910289757	-0.02490793567325061
1595.0709161087987	-0.024847715571566675
1598.1681411886216	-0.024787569435406713
1601.2653662684443	-0.02472749688856963
1604.3625913482672	-0.02466749755699353
1607.45981642809	-0.02460757106873938
1610.557041507913	-0.024547717053974804
1613.654266587736	-0.02448793514495803
1616.7514916675589	-0.024428224976022032
1619.8487167473816	-0.024368586183558753
1622.9459418272045	-0.02430901840600353
1626.0431669070274	-0.024249521283819648
1629.1403919868503	-0.024190094459483037
1632.2376170666732	-0.024130737577467126
1635.3348421464962	-0.024071450284227806
1638.432067226319	-0.024012232228188584
1641.5292923061418	-0.02395308305972583
1644.6265173859647	-0.02389400243115418
1647.7237424657876	-0.023834989996712092
1650.8209675456105	-0.0237760454125475
1653.9181926254332	-0.023717168336703613
1657.0154177052561	-0.023658358429104884
1660.112642785079	-0.023599615351543042
1663.209867864902	-0.023540938767663305
1666.307092944725	-0.02348232834295069
1669.4043180245476	-0.02342378374471647
1672.5015431043705	-0.023365304642084746
1675.5987681841934	-0.02330689070597913
1678.6959932640164	-0.023248541609109566
1681.793218343839	-0.02319025702595927
1684.890443423662	-0.02313203663277177
1687.9876685034849	-0.0230738801075381
1691.0848935833078	-0.02301578712998406
1694.1821186631307	-0.022957757381557642
1697.2793437429536	-0.022899790545416524
1700.3765688227763	-0.02284188630641572
1703.4737939025993	-0.022784044351095312
1706.5710189824222	-0.02272626436766828
1709.668244062245	-0.022668546046008493
1712.765469142068	-0.022610889077638745
1715.862694221891	-0.022553293155718947
1718.9599193017136	-0.0224957579750344
1722.0571443815365	-0.022438283231984168
1725.1543694613595	-0.022380868624569564
1728.2515945411824	-0.022323513852382754
1731.3488196210053	-0.022266218616595414
1734.4460447008282	-0.022208982619947543
1737.5432697806511	-0.022151805566736335
1740.6404948604738	-0.02209468716280516
1743.7377199402968	-0.022037627115532657
1746.8349450201197	-0.021980625133821898
1749.9321700999426	-0.02192368092808966
1753.0293951797655	-0.02186679421025579
1756.1266202595884	-0.021809964693732656
1759.2238453394111	-0.021753192093414704
1762.321070419234	-0.02169647612566809
1765.418295499057	-0.0216398165083204
1768.51552057888	-0.021583212960650477
1771.6127456587028	-0.021526665203378332
1774.7099707385257	-0.021470172958655113
1777.8071958183486	-0.0214137359500532
1780.9044208981713	-0.021357353902556355
1784.0016459779943	-0.021301026542549985
1787.0988710578172	-0.02124475359781145
1790.19609613764	-0.021188534797500495
1793.293321217463	-0.021132369872149726
1796.390546297286	-0.021076258553655202
1799.4877713771086	-0.021020200575267073
1802.5849964569315	-0.020964195671580317
1805.6822215367545	-0.020908243578525568
1808.7794466165774	-0.02085234403335998
1811.8766716964003	-0.020796496774658207
1814.9738967762232	-0.02074070154230345
1818.071121856046	-0.020684958077478548
1821.1683469358688	-0.02062926612265721
1824.2655720156918	-0.020573625421595243
1827.3627970955147	-0.020518035719321905
1830.4600221753376	-0.020462496762131313
1833.5572472551605	-0.020407008297573928
1836.6544723349834	-0.020351570074448096
1839.7516974148061	-0.020296181842791687
1842.848922494629	-0.02024084335387376
1845.946147574452	-0.020185554360186354
1849.043372654275	-0.020130314615436292
1852.1405977340978	-0.020075123874537075
1855.2378228139207	-0.020019981893600863
1858.3350478937434	-0.01996488842993048
1861.4322729735663	-0.019909843242011525
1864.5294980533893	-0.019854846089504503
1867.6267231332122	-0.01979989673323708
1870.723948213035	-0.019744994935196325
1873.821173292858	-0.0196901404585211
1876.918398372681	-0.01963533306749444
1880.0156234525036	-0.01958057252753602
1883.1128485323266	-0.019525858605194707
1886.2100736121495	-0.019471191068141137
1889.3072986919724	-0.019416569685160368
1892.4045237717953	-0.019361994226144572
1895.5017488516182	-0.019307464462085838
1898.598973931441	-0.019252980165068972
1901.6961990112638	-0.019198541108264376
1904.7934240910868	-0.019144147065921012
1907.8906491709095	-0.01908979781335937
1910.9878742507326	-0.019035493126964544
1914.0850993305553	-0.018981232784179316
1917.1823244103784	-0.01892701656349733
1920.2795494902011	-0.018872844244456302
1923.3767745700243	-0.018818715607631296
1926.473999649847	-0.018764630434628036
1929.5712247296697	-0.018710588508076286
1932.6684498094928	-0.018656589611623264
1935.7656748893155	-0.01860263352992714
1938.8628999691387	-0.018548720048650547
1941.9601250489613	-0.018494848954454163
1945.0573501287845	-0.018441020034990353
1948.1545752086072	-0.01838723307889682
1951.2518002884299	-0.01833348787579036
1954.349025368253	-0.018279784216260624
1957.4462504480757	-0.018226121891863938
1960.5434755278989	-0.018172500695117187
1963.6407006077216	-0.018118920419491733
1966.7379256875447	-0.018065380859407357
1969.8351507673674	-0.018011881810226307
1972.93237584719	-0.01795842306824733
1976.0296009270132	-0.017905004430699777
1979.126826006836	-0.017851625695737762
1982.224051086659	-0.017798286662434357
1985.3212761664818	-0.017744987130775807
1988.4185012463045	-0.017691726901655838
1991.5157263261276	-0.017638505776869956
1994.6129514059503	-0.017585323559109835
1997.7101764857734	-0.017532180051957714
2000.8074015655961	-0.01747907505988085
2003.9046266454193	-0.01742600838822602
2007.001851725242	-0.01737297984321404
2010.0990768050647	-0.017319989231934358
2013.1963018848878	-0.017267036362339654
2016.2935269647105	-0.017214121043240514
2019.3907520445337	-0.017161243084300105
2022.4879771243563	-0.01710840229602894
2025.5852022041795	-0.017055598489779618
2028.6824272840022	-0.017002831477741658
2031.7796523638249	-0.01695010107293636
2034.876877443648	-0.016897407089211676
2037.9741025234707	-0.016844749341237142
2041.0713276032939	-0.01679212764449885
2044.1685526831166	-0.016739541815294447
2047.2657777629393	-0.016686991670728173
2050.3630028427624	-0.01663447702870593
2053.460227922585	-0.016581997707930417
2056.5574530024082	-0.016529553527896236
2059.654678082231	-0.01647714430888511
2062.751903162054	-0.016424769871961096
2065.8491282418768	-0.016372430038965814
2068.9463533216995	-0.01632012463251375
2072.0435784015226	-0.01626785347598759
2075.1408034813453	-0.01621561639353353
2078.2380285611684	-0.016163413210056723
2081.335253640991	-0.016111243751216645
2084.4324787208143	-0.016059107843422585
2087.529703800637	-0.016007005313829113
2090.6269288804597	-0.01595493599033161
2093.724153960283	-0.015902899701561807
2096.8213790401055	-0.015850896276883374
2099.9186041199287	-0.015798925546387538
2103.0158291997514	-0.015746987340888717
2106.1130542795745	-0.015695081491920206
2109.210279359397	-0.015643207831729868
2112.30750443922	-0.015591366193275892
2115.404729519043	-0.015539556410222545
2118.5019545988657	-0.015487778316935964
2121.599179678689	-0.015436031748480005
2124.6964047585116	-0.01538431654061207
2127.7936298383343	-0.01533263252977901
2130.8908549181574	-0.015280979553113028
2133.98807999798	-0.015229357448427629
2137.0853050778032	-0.015177766054213584
2140.182530157626	-0.015126205209634924
2143.279755237449	-0.015074674754524977
2146.376980317272	-0.015023174529382408
2149.4742053970945	-0.014971704375367307
2152.5714304769176	-0.014920264134297295
2155.6686555567403	-0.014868853648643656
2158.7658806365635	-0.014817472761527497
2161.863105716386	-0.01476612131671594
2164.9603307962093	-0.01471479915861833
2168.057555876032	-0.014663506132282473
2171.1547809558547	-0.014612242083390903
2174.252006035678	-0.014561006858257175
2177.3492311155005	-0.014509800303822167
2180.4464561953237	-0.01445862226765044
2183.5436812751464	-0.014407472597926584
2186.640906354969	-0.01435635114345162
2189.738131434792	-0.014305257753639406
2192.835356514615	-0.014254192278513078
2195.932581594438	-0.014203154568701512
2199.0298066742607	-0.014152144475435807
2202.127031754084	-0.014101161850545798
2205.2242568339066	-0.014050206546456582
2208.3214819137293	-0.013999278416185082
2211.4187069935524	-0.013948377313336615
2214.515932073375	-0.013897503092101504
2217.6131571531982	-0.013846655607251686
2220.710382233021	-0.013795834714137378
2223.807607312844	-0.013745040268683728
2226.904832392667	-0.013694272127387516
2230.0020574724895	-0.013643530147313855
2233.0992825523126	-0.013592814186092927
2236.1965076321353	-0.013542124101916755
2239.2937327119585	-0.013491459753535948
2242.390957791781	-0.013440821000256524
2245.488182871604	-0.013390207701936715
2248.585407951427	-0.013339619718983805
2251.6826330312497	-0.013289056912350999
2254.779858111073	-0.01323851914353429
2257.8770831908955	-0.013188006274569364
2260.9743082707187	-0.01313751816802852
2264.0715333505414	-0.01308705468701761
2267.168758430364	-0.013036615695172992
2270.265983510187	-0.012986201056658512
2273.36320859001	-0.012935810636162509
2276.460433669833	-0.012885444298894816
2279.5576587496557	-0.01283510191058381
2282.654883829479	-0.012784783337473456
2285.7521089093016	-0.01273448844632039
2288.8493339891243	-0.012684217104391009
2291.9465590689474	-0.01263396917945857
2295.04378414877	-0.012583744539800334
2298.1410092285932	-0.012533543054194702
2301.238234308416	-0.012483364591918386
2304.335459388239	-0.012433209022743585
2307.432684468062	-0.012383076216935194
2310.5299095478845	-0.01233296604524801
2313.6271346277076	-0.012282878378923973
2316.7243597075303	-0.012232813089689418
2319.8215847873535	-0.012182770049752345
2322.918809867176	-0.012132749131799703
2326.016034946999	-0.012082750208994688
2329.113260026822	-0.012032773154974072
2332.2104851066447	-0.01198281784384553
2335.307710186468	-0.011932884150184996
2338.4049352662905	-0.011882971949034035
2341.5021603461137	-0.01183308111589722
2344.5993854259364	-0.011783211526739536
2347.696610505759	-0.011733363057983795
2350.793835585582	-0.01168353558650807
2353.891060665405	-0.011633728989643145
2356.988285745228	-0.011583943145169967
2360.0855108250507	-0.01153417793131714
2363.182735904874	-0.011484433226758399
2366.2799609846966	-0.011434708910610141
2369.3771860645193	-0.01138500486242893
2372.4744111443424	-0.011335320962209045
2375.571636224165	-0.011285657090380027
2378.6688613039883	-0.011236013127804255
2381.766086383811	-0.011186388955774515
2384.8633114636336	-0.01113678445601161
2387.960536543457	-0.011087199510661965
2391.0577616232795	-0.011037634002295245
2394.1549867031026	-0.010988087813902009
2397.2522117829253	-0.010938560828891344
2400.3494368627485	-0.010889052931088548
2403.446661942571	-0.0108395640047328
2406.543887022394	-0.010790093934474856
2409.641112102217	-0.010740642605374759
2412.7383371820397	-0.010691209902899554
2415.835562261863	-0.010641795712921027
2418.9327873416855	-0.01059239992171345
2422.0300124215087	-0.010543022415951332
2425.1272375013314	-0.010493663082707208
2428.224462581154	-0.010444321809449415
2431.321687660977	-0.010394998484039887
2434.4189127408	-0.010345692994731972
2437.516137820623	-0.010296405230168254
2440.6133629004457	-0.010247135079378385
2443.710587980269	-0.010197882431776936
2446.8078130600916	-0.010148647177161258
2449.9050381399143	-0.010099429205709354
2453.0022632197374	-0.010050228407977759
2456.09948829956	-0.010001044674899439
2459.196713379383	-0.009951877897781701
2462.293938459206	-0.009902727968304114
2465.3911635390286	-0.009853594778516429
2468.488388618852	-0.009804478220836537
2471.5856136986745	-0.00975537818804841
2474.682838778497	-0.009706294573300082
2477.7800638583203	-0.009657227270101605
2480.877288938143	-0.00960817617232306
2483.9745140179657	-0.009559141174192537
2487.071739097789	-0.009510122170294157
2490.1689641776115	-0.009461119055566087
2493.2661892574347	-0.009412131725298575
2496.3634143372574	-0.009363160075131991
2499.46063941708	-0.00931420400105488
2502.557864496903	-0.009265263399402028
2505.655089576726	-0.009216338166852533
2508.752314656549	-0.009167428200427893
2511.8495397363718	-0.009118533397490096
2514.9467648161944	-0.009069653655739732
2518.0439898960176	-0.009020788873214105
2521.1412149758403	-0.008971938948285354
2524.238440055663	-0.008923103779658596
2527.335665135486	-0.008874283266370067
2530.432890215309	-0.008825477307785278
2533.530115295132	-0.00877668580359718
2536.6273403749547	-0.008727908653824336
2539.724565454778	-0.008679145758809114
2542.8217905346005	-0.008630397019215865
2545.919015614423	-0.008581662336029142
2549.0162406942463	-0.008532941610551905
2552.113465774069	-0.00848423474440374
2555.210690853892	-0.008435541639519099
2558.307915933715	-0.008386862198145526
2561.405141013538	-0.008338196322841928
2564.5023660933607	-0.008289543916476806
2567.5995911731834	-0.008240904882226546
2570.6968162530065	-0.00819227912357368
2573.7940413328292	-0.00814366654430518
2576.8912664126524	-0.008095067048510743
2579.988491492475	-0.008046480540581104
2583.085716572298	-0.007997906925206336
2586.182941652121	-0.007949346107374175
2589.2801667319436	-0.007900797992368345
2592.3773918117668	-0.0078522624857669
2595.4746168915894	-0.007803739493440558
2598.5718419714126	-0.007755228921551066
2601.6690670512353	-0.007706730676549553
2604.766292131058	-0.007658244665174897
2607.863517210881	-0.007609770794452111
2610.960742290704	-0.007561308971690719
2614.057967370527	-0.007512859104483154
2617.1551924503497	-0.007464421100703159
2620.252417530173	-0.0074159948685041934
2623.3496426099955	-0.007367580316317848
2626.446867689818	-0.007319177352852273
2629.5440927696413	-0.007270785887090609
2632.641317849464	-0.007222405828289424
2635.738542929287	-0.007174037085977161
2638.83576800911	-0.0071256795699525905
2641.932993088933	-0.0070773331902832795
2645.0302181687557	-0.007028997857304051
2648.1274432485784	-0.0069806734816154625
2651.2246683284015	-0.006932359974082294
2654.3218934082242	-0.006884057245832033
2657.4191184880474	-0.006835765208253377
2660.51634356787	-0.006787483772994732
2663.613568647693	-0.00673921285196273
2666.710793727516	-0.0066909523573207424
2669.8080188073386	-0.00664270220148741
2672.9052438871618	-0.006594462297135173
2676.0024689669845	-0.006546232557188809
2679.0996940468076	-0.00649801289482398
2682.1969191266303	-0.0064498032234657846
2685.294144206453	-0.006401603456787315
2688.391369286276	-0.006353413508708225
2691.488594366099	-0.006305233293393303
2694.585819445922	-0.006257062725251044
2697.6830445257447	-0.006208901718932242
2700.780269605568	-0.006160750189328575
2703.8774946853905	-0.006112608051571206
2706.974719765213	-0.006064475221029386
2710.0719448450363	-0.006016351613309062
2713.169169924859	-0.005968237144251496
2716.266395004682	-0.005920131729931882
2719.363620084505	-0.005872035286657979
2722.460845164328	-0.005823947730968743
2725.5580702441507	-0.005775868979632968
2728.6552953239734	-0.005727798949647927
2731.7525204037966	-0.005679737558238032
2734.8497454836192	-0.005631684722853483
2737.9469705634424	-0.0055836403611689385
2741.044195643265	-0.005535604391082178
2744.141420723088	-0.005487576730712782
2747.238645802911	-0.005439557298400806
2750.3358708827336	-0.0053915460127054735
2753.4330959625568	-0.005343542792403863
2756.5303210423795	-0.005295547556489601
2759.6275461222026	-0.005247560224171575
2762.7247712020253	-0.0051995807148726295
2765.821996281848	-0.005151608948228284
2768.919221361671	-0.005103644844085454
2772.016446441494	-0.005055688322501168
2775.113671521317	-0.0050077393037413
2778.2108966011397	-0.0049597977082793026
2781.308121680963	-0.0049118634567949454
2784.4053467607855	-0.00486393647017306
2787.502571840608	-0.004816016669502287
2790.5997969204313	-0.004768103976073833
2793.697022000254	-0.004720198311380225
2796.794247080077	-0.004672299597114077
2799.8914721599	-0.004624407755166863
2802.9886972397226	-0.00457652270762768
2806.0859223195457	-0.004528644376782035
2809.1831473993684	-0.004480772685110627
2812.2803724791916	-0.00443290755528813
2815.3775975590142	-0.004385048910181991
2818.4748226388374	-0.0043371966728512215
2821.57204771866	-0.004289350766545205
2824.669272798483	-0.004241511114702498
2827.766497878306	-0.004193677640949646
2830.8637229581286	-0.00414585026909999
2833.9609480379518	-0.004098028923152499
2837.0581731177745	-0.004050213527290582
2840.1553981975976	-0.004002404005880921
2843.2526232774203	-0.003954600283472304
2846.349848357243	-0.003906802284794463
2849.447073437066	-0.0038590099347569125
2852.544298516889	-0.0038112231584477956
2855.641523596712	-0.0037634418811327347
2858.7387486765347	-0.003715666028253684
2861.8359737563574	-0.0036678955254277872
2864.9331988361805	-0.0036201302984462417
2868.030423916003	-0.003572370273273161
2871.1276489958263	-0.003524615376044447
2874.224874075649	-0.0034768655330666615
2877.322099155472	-0.0034291206708159075
2880.419324235295	-0.0033813807159367073
2883.5165493151176	-0.0033336455952408892
2886.6137743949407	-0.003285915235706479
2889.7109994747634	-0.0032381895644765877
2892.8082245545866	-0.0031904685088583137
2895.9054496344093	-0.0031427519963216407
2899.0026747142324	-0.0030950399544983427
2902.099899794055	-0.0030473323111808908
2905.197124873878	-0.0029996289943213655
2908.294349953701	-0.0029519299320303724
2911.3915750335236	-0.0029042350525759586
2914.4888001133468	-0.0028565442843825374
2917.5860251931695	-0.0028088575560298117
2920.6832502729926	-0.0027611747962517047
2923.7804753528153	-0.0027134959339352904
2926.877700432638	-0.002665820898119732
2929.974925512461	-0.002618149617995218
2933.072150592284	-0.0025704820229019076
2936.169375672107	-0.002522818042328875
2939.2666007519297	-0.002475157605913057
2942.3638258317524	-0.00242750064343821
2945.4610509115755	-0.0023798470848338587
2948.558275991398	-0.002332196860174262
2951.6555010712214	-0.002284549899677368
2954.752726151044	-0.002236906133703783
2957.849951230867	-0.0021892654927557396
2960.94717631069	-0.0021416279074760645
2964.0444013905126	-0.0020939933086471553
2967.1416264703357	-0.0020463616271899567
2970.2388515501584	-0.0019987327941629407
2973.3360766299816	-0.001951106740761088
2976.4333017098043	-0.0019034833983148753
2979.5305267896274	-0.0018558626982892637
2982.62775186945	-0.0018082445722826892
2985.724976949273	-0.001760628952026058
2988.822202029096	-0.0017130157693817426
2991.9194271089186	-0.0016654049563425827
2995.016652188742	-0.0016177964450308864
2998.1138772685645	-0.0015701901676974366
3001.211102348387	-0.0015225860567204977
3004.3083274282103	-0.001474984044604827
3007.405552508033	-0.0014273840639806871
3010.502777587856	-0.0013797860476028622
3013.600002667679	-0.0013321899283496757
3016.697227747502	-0.0012845956392220118
3019.7944528273247	-0.0012370031133423372
3022.8916779071474	-0.001189412283953729
3025.9889029869705	-0.0011418230844189002
3029.086128066793	-0.001094235448219233
3032.1833531466164	-0.0010466493089538102
3035.280578226439	-0.00099906460033845
3038.377803306262	-0.000951481256204745
3041.475028386085	-0.0009038992104991017
3044.5722534659076	-0.000856318397281782
3047.6694785457307	-0.0008087387507259492
3050.7667036255534	-0.000761160205116713
3053.8639287053766	-0.0007135826948501794
3056.9611537851993	-0.0006660061544325017
3060.0583788650224	-0.0006184305184789342
3063.155603944845	-0.0005708557217128858
3066.252829024668	-0.0005232816989649801
3069.350054104491	-0.0004757083851721126
3072.4472791843136	-0.0004281357153765136
3075.544504264137	-0.00038056362472481154
3078.6417293439595	-0.0003329920484670982
3081.738954423782	-0.000285420921955997
3084.8361795036053	-0.00023785018064573183
3087.933404583428	-0.0001902797600911989
3091.030629663251	-0.00014270959594703993
3094.127854743074	-9.513962396671746e-05
3097.225079822897	-4.756978000159179e-05
3097.225079822949	0.0
