0.0	-0.1499999999923534
0.09796034216346627	-0.14702709791717417
0.19592068432693255	-0.14411322082701097
0.2938810264903988	-0.1412571907563826
0.3918413686538651	-0.13845785360191473
0.4898017108173314	-0.13571407861843288
0.5877620529807976	-0.1330247579268771
0.685722395144264	-0.13038880603369246
0.7836827373077302	-0.1278051593613698
0.8816430794711965	-0.12527277578981771
0.9796034216346629	-0.12279063420826043
1.077563763798129	-0.12035773407737096
1.1755241059615953	-0.11797309500135168
1.2734844481250616	-0.11563575630969704
1.371444790288528	-0.11334477664836862
1.4694051324519941	-0.1110992335801354
1.5673654746154604	-0.10889822319383188
1.6653258167789269	-0.1067408597222984
1.763286158942393	-0.1046262751687792
1.8612465011058592	-0.10255361894155353
1.9592068432693257	-0.10052205749659346
2.0571671854327915	-0.0985307739880379
2.155127527596258	-0.09657896792628799
2.2530878697597245	-0.09466585484353024
2.3510482119231906	-0.09279066596650294
2.4490085540866566	-0.09095264789632536
2.546968896250123	-0.08915106229521572
2.6449292384135896	-0.08738518557992858
2.742889580577056	-0.085654308621752
2.840849922740522	-0.08395773645289996
2.9388102649039882	-0.08229478797915306
3.0367706070674547	-0.08066479569859313
3.1347309492309208	-0.07906710542629157
3.2326912913943873	-0.07750107602480771
3.3306516335578538	-0.07596607914036325
3.4286119757213203	-0.074461498944561
3.526572317884786	-0.07298673188151636
3.6245326600482524	-0.07154118642028072
3.7224930022117184	-0.07012428281243237
3.8204533443751854	-0.06873545285471962
3.9184136865386514	-0.06737413965663835
4.016374028702118	-0.06603979741283646
4.114334370865583	-0.0647318911802311
4.21229471302905	-0.06344989665974061
4.310255055192516	-0.062193299982520454
4.408215397355982	-0.060961597500609616
4.506175739519449	-0.05975429558188439
4.604136081682916	-0.05857091040922916
4.702096423846381	-0.05741096778383076
4.800056766009847	-0.05627400293250157
4.898017108173313	-0.0551595603189516
4.99597745033678	-0.05406719345891655
5.093937792500246	-0.05299646473906329
5.191898134663713	-0.051946945239586526
5.289858476827179	-0.050918214560423954
5.387818818990646	-0.0499098606510052
5.485779161154112	-0.04892147964346327
5.583739503317578	-0.0479526756892337
5.681699845481044	-0.047003060798969744
5.77966018764451	-0.04607225468570118
5.8776205298079764	-0.04515988461117188
5.9755808719714425	-0.04426558523528491
6.073541214134909	-0.04338899846859318
6.1715015562983755	-0.04252977332776933
6.2694618984618415	-0.04168756579399385
6.367422240625308	-0.040862038674199366
6.4653825827887745	-0.04005286146511253
6.563342924952241	-0.0392597102200341
6.6613032671157075	-0.03848226741830075
6.759263609279174	-0.03772022183737423
6.8572239514426405	-0.03697326842750022
6.955184293606105	-0.03624110818888737
7.053144635769572	-0.03552344805135277
7.151104977933039	-0.03482000075638148
7.249065320096505	-0.03413048474155454
7.347025662259971	-0.033454624027292185
7.444986004423437	-0.03279214810586773
7.542946346586905	-0.032142791832644596
7.640906688750371	-0.03150629531949083
7.738867030913837	-0.030882403830327244
7.836827373077303	-0.030270867678765224
7.93478771524077	-0.029671442127790215
8.032748057404236	-0.02908388729145282
8.130708399567702	-0.028507968038522093
8.228668741731166	-0.027943453898065403
8.326629083894632	-0.027390118966911795
8.4245894260581	-0.02684774181896401
8.522549768221566	-0.026316105416320804
8.620510110385032	-0.02579499702216922
8.718470452548498	-0.02528420811541844
8.816430794711964	-0.024783534307032454
8.91439113687543	-0.024292775258032133
9.012351479038898	-0.02381173459913023
9.110311821202364	-0.023340219851968703
9.208272163365832	-0.022878042351923932
9.306232505529298	-0.022425017172449904
9.404192847692762	-0.021980963050926436
9.502153189856228	-0.02154570231598487
9.600113532019694	-0.02111906081627986
9.69807387418316	-0.020700867850676298
9.796034216346627	-0.020290956099828464
9.893994558510094	-0.019889161559117144
9.99195490067356	-0.01949532347292222
10.089915242837026	-0.019109284270201
10.187875585000493	-0.018730889501347475
10.285835927163959	-0.018359987776307485
10.383796269327426	-0.017996430703922706
10.481756611490892	-0.017640072832479443
10.579716953654358	-0.01729077159144101
10.677677295817826	-0.01694838723433533
10.775637637981292	-0.016612782782776822
10.873597980144758	-0.01628382397160267
10.971558322308224	-0.01596137919509575
11.06951866447169	-0.015645319454276177
11.167479006635157	-0.015335518305240813
11.265439348798623	-0.015031851808525754
11.363399690962089	-0.014734198479476605
11.461360033125555	-0.01444243923960162
11.55932037528902	-0.014156457368891547
11.657280717452487	-0.013876138459085465
11.755241059615953	-0.013601370367863373
11.853201401779419	-0.013332043173949036
11.951161743942885	-0.013068049133101127
12.049122086106353	-0.01280928263498038
12.147082428269819	-0.012555640160870211
12.245042770433285	-0.012307020242236642
12.343003112596751	-0.012063323420109818
12.440963454760217	-0.011824452205272723
12.538923796923683	-0.011590311039236363
12.63688413908715	-0.01136080625599173
12.734844481250615	-0.011135846044518713
12.832804823414083	-0.010915340412038727
12.930765165577549	-0.010699201147995182
13.028725507741015	-0.010487341788750569
13.126685849904481	-0.010279677582979528
13.224646192067947	-0.010076125457751304
13.322606534231415	-0.009876603985283335
13.420566876394881	-0.00968103335035324
13.518527218558347	-0.00948933531835799
13.616487560721815	-0.009301433204005184
13.714447902885281	-0.009117251840625078
13.812408245048744	-0.008936717550091483
13.91036858721221	-0.008759758113338002
14.008328929375677	-0.008586302741458707
14.106289271539143	-0.008416282047381742
14.20424961370261	-0.008249628018104313
14.302209955866077	-0.008086273987477398
14.400170298029543	-0.007926154609530374
14.49813064019301	-0.007769205832323944
14.596090982356476	-0.007615364872321105
14.694051324519942	-0.007464570189265163
14.792011666683408	-0.007316761461557457
14.889972008846874	-0.007171879562121071
14.987932351010341	-0.007029866534743609
15.08589269317381	-0.0068906655708877215
15.183853035337274	-0.006754220986963307
15.281813377500741	-0.006620478202046884
15.379773719664206	-0.006489383716044685
15.477734061827674	-0.00636088508828801
15.575694403991138	-0.006234930916551073
15.673654746154606	-0.006111470816486502
15.771615088318072	-0.005990455401467486
15.86957543048154	-0.00587183626282768
15.967535772645004	-0.005755565950495736
16.06549611480847	-0.005641597954010378
16.163456456971936	-0.005529886683913437
16.261416799135404	-0.005420387453510217
16.359377141298868	-0.005313056460992055
16.457337483462332	-0.0052078507719125295
16.5552978256258	-0.005104728302011416
16.653258167789264	-0.0050036478003774735
16.751218509952732	-0.004904568832945833
16.8491788521162	-0.004807451766322468
16.947139194279668	-0.0047122577519280616
17.045099536443132	-0.004618948710456051
17.1430598786066	-0.004527487316640136
17.241020220770064	-0.004437836984320548
17.338980562933532	-0.004349961851809108
17.436940905096996	-0.0042638267675422035
17.534901247260464	-0.004179397276018252
17.63286158942393	-0.004096639604014163
17.730821931587396	-0.004015520647074526
17.82878227375086	-0.003936007956268566
17.92674261591433	-0.003858069725208639
18.024702958077796	-0.0037816747773266953
18.12266330024126	-0.0037067925534023127
18.22062364240473	-0.003633393099338127
18.318583984568196	-0.003561447054176063
18.416544326731664	-0.0034909256383531526
18.51450466889513	-0.0034218006421879318
18.612465011058596	-0.003354044414595135
18.71042535322206	-0.003287629852025287
18.808385695385525	-0.003222530387621819
18.906346037548992	-0.003158719980593261
19.004306379712457	-0.0030961731057967145
19.102266721875925	-0.0030348647435264114
19.20022706403939	-0.0029747703695049456
19.298187406202857	-0.002915865945073454
19.39614774836632	-0.0028581279075752465
19.49410809052979	-0.0028015331609294214
19.592068432693253	-0.002746059066392776
19.69002877485672	-0.002691683433502789
19.78798911702019	-0.002638384511201354
19.885949459183657	-0.0025861409791338406
19.98390980134712	-0.0025349319391200736
20.081870143510585	-0.002484736906794502
20.179830485674053	-0.0024355358034121675
20.277790827837517	-0.0023873089478168813
20.375751170000985	-0.0023400370485677927
20.47371151216445	-0.0022937011962225534
20.571671854327917	-0.0022482828557732894
20.66963219649138	-0.0022037638592318173
20.767592538654853	-0.002160126398362339
20.865552880818313	-0.002117353017558065
20.963513222981785	-0.0020754266068575803
21.061473565145246	-0.002034330395101412
21.159433907308717	-0.0019940479432228476
21.25739424947218	-0.0019545631376717107
21.355354591635653	-0.0019158601839693748
21.453314933799117	-0.0018779236003899523
21.551275275962585	-0.0018407382117675106
21.64923561812605	-0.0018042891434258304
21.747195960289517	-0.001768561815227889
21.84515630245298	-0.0017335419357438243
21.94311664461645	-0.0016992154965343557
22.041076986779913	-0.0016655687665464197
22.13903732894338	-0.0016325882866211215
22.236997671106845	-0.0016002608641092174
22.334958013270313	-0.0015685735675949016
22.432918355433777	-0.0015375137217217912
22.530878697597245	-0.0015070689021229996
22.62883903976071	-0.0014772269304514248
22.726799381924177	-0.001447975869507929
22.824759724087645	-0.0014193040184664308
22.92272006625111	-0.0013911999081933756
23.020680408414577	-0.0013636522966590514
23.11864075057804	-0.0013366501644424484
23.21660109274151	-0.001310182710321138
23.314561434904974	-0.0012842393469523158
23.41252177706844	-0.0012588096966369366
23.510482119231906	-0.001233883587167983
23.608442461395374	-0.001209451047762799
23.706402803558838	-0.0011855023050732025
23.804363145722306	-0.0011620277792768693
23.90232348788577	-0.0011390180802445945
24.000283830049238	-0.001116464003784935
24.098244172212706	-0.0010943565279619453
24.196204514376173	-0.0010726868094855224
24.294164856539638	-0.0010514461801754077
24.392125198703106	-0.001030626143492583
24.49008554086657	-0.0010102183711413444
24.588045883030038	-0.0009902146997373417
24.686006225193502	-0.000970607127541986
24.78396656735697	-0.0009513878112622928
24.881926909520434	-0.0009325490629127909
24.979887251683902	-0.0009140833467405664
25.077847593847366	-0.0008959832762107403
25.17580793601083	-0.000878241611051678
25.2737682781743	-0.0008608512543592277
25.371728620337763	-0.0008438052497568475
25.46968896250123	-0.0008270967786140309
25.567649304664698	-0.0008107191573183373
25.665609646828166	-0.00079466583460144
25.76356998899163	-0.0007789303889193881
25.861530331155098	-0.0007635065258828336
25.959490673318562	-0.0007483880757405303
26.05745101548203	-0.0007335689909100805
26.155411357645495	-0.0007190433435592405
26.253371699808962	-0.0007048053232348703
26.351332041972427	-0.0006908492345386212
26.449292384135894	-0.0006771694948488917
26.54725272629936	-0.0006637606320870354
26.64521306846283	-0.0006506172825289097
26.74317341062629	-0.0006377341886597486
26.841133752789762	-0.0006251061970701202
26.939094094953223	-0.0006127282563951721
27.037054437116694	-0.0006005954152935948
27.13501477928016	-0.0005887028204676185
27.23297512144363	-0.0005770457147209211
27.330935463607094	-0.0005656194350564268
27.428895805770562	-0.0005544194108099893
27.526856147934026	-0.0005434411618232716
27.624816490097487	-0.0005326802966507038
27.72277683226096	-0.0005221325108033949
27.82073717442442	-0.0005117935850270952
27.91869751658789	-0.0005016593836142012
28.016657858751355	-0.0004917258527497903
28.114618200914823	-0.0004819890188896747
28.212578543078287	-0.00047244498717135543
28.310538885241755	-0.0004630899398558643
28.40849922740522	-0.0004539201348002643
28.506459569568687	-0.00044493190396102086
28.604419911732155	-0.0004361216519271242
28.702380253895623	-0.00042748585448140053
28.800340596059087	-0.00041902105719022467
28.898300938222555	-0.00041072387402318287
28.99626128038602	-0.000402590985997568
29.094221622549487	-0.0003946191398503671
29.19218196471295	-0.00038680514673817656
29.29014230687642	-0.0003791458809608203
29.388102649039883	-0.0003716382787106622
29.48606299120335	-0.00036427933684827335
29.584023333366815	-0.00035706611169978404
29.681983675530283	-0.00034999571788013514
29.779944017693747	-0.00034306532713889153
29.877904359857215	-0.0003362721672283902
29.975864702020683	-0.00032961352079577297
30.07382504418415	-0.00032308672429467945
30.17178538634762	-0.0003166891669208143
30.269745728511076	-0.00031041828956738826
30.367706070674547	-0.00030427158380109346
30.46566641283801	-0.0002982465908592763
30.563626755001483	-0.00029234090066563803
30.66158709716494	-0.00028655215086668105
30.75954743932841	-0.00028087802588689726
30.857507781491876	-0.0002753162560020299
30.955468123655347	-0.00026986461643129325
31.05342846581881	-0.00026452092644810293
31.151388807982276	-0.0002592830485062044
31.24934915014574	-0.0002541488873863047
31.34730949230921	-0.00024911638935698623
31.445269834472676	-0.0002441835413536755
31.543230176636143	-0.00023934837017255432
31.641190518799608	-0.00023460894168274296
31.73915086096308	-0.00022996336005075594
31.837111203126543	-0.00022540976698389126
31.935071545290008	-0.00022094634098588755
32.03303188745347	-0.00021657129662817912
32.13099222961694	-0.00021228288383674576
32.22895257178041	-0.00020807938719055906
32.32691291394387	-0.0002039591252367301
32.42487325610734	-0.0001999204498170274
32.52283359827081	-0.0001959617454095385
32.620793940434275	-0.0001920814284812541
32.718754282597736	-0.00018827794685534794
32.816714624761204	-0.00018454977909004297
32.914674966924665	-0.00018089543387061512
33.01263530908814	-0.00017731344941186998
33.1105956512516	-0.00017380239287397692
33.20855599341507	-0.0001703608597892168
33.30651633557853	-0.00016698747350053035
33.404476677742004	-0.00016368088461008958
33.502437019905464	-0.00016043977044011105
33.60039736206893	-0.00015726283450369005
33.6983577042324	-0.00015414880598565398
33.79631804639587	-0.0001510964392352107
33.894278388559336	-0.00014810451326683756
33.992238730722796	-0.000145171831271853
34.090199072886264	-0.00014229722014067007
34.18815941504973	-0.00013947952999217707
34.2861197572132	-0.00013671763371490888
34.38408009937666	-0.00013401042651512186
34.48204044154013	-0.00013135682547599147
34.580000783703596	-0.0001287557691239338
34.677961125867064	-0.00012620621700338362
34.775921468030525	-0.0001237071492615821
34.87388181019399	-0.00012125756624026474
34.97184215235746	-0.00011885648807558134
35.06980249452093	-0.00011650295430602517
35.167762836684396	-0.00011419602348903709
35.26572317884786	-0.00011193477282361926
35.363683521011325	-0.00010971829778117824
35.46164386317479	-0.00010754571174459748
35.55960420533826	-0.00010541614565220721
35.65756454750172	-0.00010332874765153695
35.75552488966519	-0.00010128268275774255
35.85348523182866	-9.92771325195943e-05
35.951445573992125	-9.73112946923593e-05
36.04940591615559	-9.538438291713362e-05
36.14736625831905	-9.349562640529155e-05
36.24532660048252	-9.164426963182646e-05
36.34328694264599	-8.982957203092126e-05
36.44124728480946	-8.805080770218607e-05
36.539207626972924	-8.630726511779259e-05
36.63716796913639	-8.459824684027499e-05
36.73512831129985	-8.292306924144887e-05
36.83308865346333	-8.128106223044162e-05
36.93104899562679	-7.96715689846169e-05
37.02900933779026	-7.809394568761136e-05
37.12696967995372	-7.654756127159716e-05
37.22493002211719	-7.503179716421376e-05
37.32289036428065	-7.354604704216743e-05
37.42085070644412	-7.208971658794535e-05
37.51881104860758	-7.066222325230858e-05
37.61677139077105	-6.926299602123152e-05
37.71473173293452	-6.789147518750964e-05
37.812692075097985	-6.654711212703521e-05
37.910652417261446	-6.522936907907477e-05
38.00861275942491	-6.393771893143631e-05
38.10657310158839	-6.267164500897169e-05
38.20453344375185	-6.14306408680785e-05
38.30249378591532	-6.0214210092760554e-05
38.40045412807878	-5.90218660971317e-05
38.49841447024225	-5.785313193014378e-05
38.59637481240571	-5.670754008498143e-05
38.69433515456918	-5.558463231245716e-05
38.79229549673264	-5.448395943685233e-05
38.89025583889612	-5.340508117686854e-05
38.98821618105958	-5.2347565969690715e-05
39.086176523223045	-5.131099079727369e-05
39.184136865386506	-5.0294941018849055e-05
39.282097207549974	-4.92990102029906e-05
39.38005754971344	-4.832279996745408e-05
39.47801789187691	-4.73659198172432e-05
39.57597823404038	-4.642798699044967e-05
39.67393857620384	-4.5508626303873576e-05
39.77189891836731	-4.460747000419721e-05
39.869859260530774	-4.3724157619161026e-05
39.96781960269424	-4.285833581473701e-05
40.0657799448577	-4.2009658253636315e-05
40.16374028702117	-4.1177785456261354e-05
40.26170062918464	-4.0362384664990416e-05
40.359660971348106	-3.956312971179483e-05
40.45762131351157	-3.877970088630183e-05
40.555581655675034	-3.8011784809854466e-05
40.6535419978385	-3.7259074308240676e-05
40.75150234000197	-3.652126829041923e-05
40.84946268216544	-3.579807162658095e-05
40.9474230243289	-3.5089195031762505e-05
41.04538336649237	-3.439435494857336e-05
41.143343708655834	-3.371327343458699e-05
41.2413040508193	-3.304567805084364e-05
41.33926439298276	-3.239130175368482e-05
41.437224735146245	-3.174988278658912e-05
41.535185077309706	-3.1121164576227885e-05
41.633145419473166	-3.0504895630076347e-05
41.73110576163663	-2.990082943535798e-05
41.82906610380011	-2.9308724360654478e-05
41.92702644596357	-2.8728343558848867e-05
42.02498678812703	-2.8159454872956168e-05
42.12294713029049	-2.760183074328719e-05
42.22090747245397	-2.7055248115279283e-05
42.318867814617434	-2.6519488352212935e-05
42.4168281567809	-2.5994337145930672e-05
42.51478849894436	-2.5479584431997698e-05
42.61274884110784	-2.4975024305751324e-05
42.710709183271305	-2.4480454939239366e-05
42.808669525434766	-2.3995678501933914e-05
42.906629867598234	-2.3520501079225277e-05
43.00459020976169	-2.305473259757796e-05
43.10255055192517	-2.2598186746578497e-05
43.20051089408863	-2.215068090453665e-05
43.2984712362521	-2.1712036066973716e-05
43.39643157841555	-2.1282076772890858e-05
43.494391920579034	-2.0860631036589146e-05
43.592352262742494	-2.044753027704748e-05
43.69031260490596	-2.0042609251964036e-05
43.78827294706942	-1.9645705990909856e-05
43.8862332892329	-1.925666173048136e-05
43.984193631396366	-1.8875320851229606e-05
44.08215397355983	-1.8501530815033975e-05
44.180114315723294	-1.813514210425269e-05
44.27807465788676	-1.77760081622059e-05
44.37603500005023	-1.7423985333659112e-05
44.47399534221369	-1.707893280841564e-05
44.57195568437716	-1.674071256402113e-05
44.669916026540626	-1.6409189311799135e-05
44.767876368704094	-1.6084230441110564e-05
44.865836710867555	-1.576570596783232e-05
44.96379705303102	-1.545348848128187e-05
45.06175739519449	-1.5147453094028662e-05
45.15971773735796	-1.4847477391039689e-05
45.25767807952142	-1.4553441382155937e-05
45.35563842168489	-1.4265227452126588e-05
45.453598763848355	-1.3982720315528432e-05
45.55155910601182	-1.370580696902096e-05
45.64951944817529	-1.3434376647598471e-05
45.74747979033875	-1.3168320778843971e-05
45.84544013250222	-1.2907532940735981e-05
45.94340047466569	-1.2651908818123264e-05
46.041360816829155	-1.2401346161864268e-05
46.139321158992615	-1.2155744747300598e-05
46.23728150115608	-1.191500633406292e-05
46.33524184331955	-1.1679034627653397e-05
46.43320218548302	-1.1447735239918021e-05
46.53116252764648	-1.1221015651739572e-05
46.62912286980995	-1.0998785176174773e-05
46.727083211973415	-1.0780954921591608e-05
46.82504355413688	-1.0567437757249243e-05
46.92300389630035	-1.0358148277101716e-05
47.02096423846381	-1.0153002766488326e-05
47.11892458062729	-9.951919168380057e-06
47.21688492279075	-9.754817050292229e-06
47.314845264954215	-9.561617573195672e-06
47.412805607117676	-9.372243458207547e-06
47.51076594928115	-9.186618957279063e-06
47.60872629144461	-9.004669822106943e-06
47.70668663360808	-8.826323274821332e-06
47.80464697577154	-8.651507978007649e-06
47.90260731793501	-8.480154007837159e-06
48.000567660098476	-8.312192823866946e-06
48.09852800226194	-8.147557243947005e-06
48.19648834442541	-7.986181415352622e-06
48.29444868658887	-7.828000789913648e-06
48.39240902875235	-7.672952097589537e-06
48.49036937091581	-7.520973320488501e-06
48.588329713079276	-7.372003669773359e-06
48.686290055242736	-7.225983559236727e-06
48.78425039740621	-7.0828545835392446e-06
48.88221073956967	-6.942559493117159e-06
48.98017108173314	-6.805042172420644e-06
49.0781314238966	-6.670247617041954e-06
49.176091766060075	-6.538121911287693e-06
49.274052108223536	-6.408612207749562e-06
49.372012450387004	-6.2816667048767315e-06
49.469972792550465	-6.157234627212797e-06
49.56793313471394	-6.035266204522555e-06
49.6658934768774	-5.915712652473132e-06
49.76385381904087	-5.798526151982886e-06
49.861814161204336	-5.683659831456917e-06
49.959774503367804	-5.571067747468315e-06
50.05773484553127	-5.4607048656614745e-06
50.15569518769473	-5.3525270443199864e-06
50.2536555298582	-5.246491015270017e-06
50.35161587202166	-5.142554366782128e-06
50.449576214185136	-5.040675527805388e-06
50.5475365563486	-4.940813749759028e-06
50.645496898512064	-4.8429290909886485e-06
50.743457240675525	-4.7469824012224635e-06
50.841417582839	-4.652935304695292e-06
50.93937792500246	-4.560750186159168e-06
51.03733826716593	-4.470390175117597e-06
51.135298609329396	-4.38181913050394e-06
51.233258951492864	-4.295001627802306e-06
51.33121929365633	-4.20990294350392e-06
51.42917963581979	-4.126489041561926e-06
51.52713997798326	-4.044726559846201e-06
51.62510032014673	-3.9645827974863675e-06
51.723060662310196	-3.88602570021642e-06
51.82102100447366	-3.8090238490500405e-06
51.918981346637125	-3.733546446957529e-06
52.01694168880059	-3.659563307097055e-06
52.11490203096406	-3.587044839713666e-06
52.21286237312752	-3.5159620412587505e-06
52.31082271529099	-3.4462864828433787e-06
52.408783057454464	-3.3779902980255315e-06
52.506743399617925	-3.3110461723736884e-06
52.60470374178139	-3.2454273321422566e-06
52.70266408394485	-3.1811075338351872e-06
52.80062442610832	-3.118061053769604e-06
52.89858476827179	-3.0562626776394407e-06
52.99654511043526	-2.995687690079092e-06
53.09450545259872	-2.9363118653372935e-06
53.192465794762185	-2.8781114572848817e-06
53.29042613692566	-2.8210631900886954e-06
53.38838647908912	-2.7651442486634377e-06
53.48634682125258	-2.710332270011732e-06
53.58430716341605	-2.6566053336760016e-06
53.682267505579524	-2.6039419533005826e-06
53.78022784774299	-2.552321067749756e-06
53.878188189906446	-2.5017220333360085e-06
53.976148532069914	-2.4521246149380775e-06
54.07410887423339	-2.4035089784512717e-06
54.17206921639686	-2.355855681683484e-06
54.27002955856032	-2.3091456683598345e-06
54.36798990072378	-2.263360258796656e-06
54.46595024288726	-2.2184811439061464e-06
54.56391058505072	-2.174490376314451e-06
54.66187092721419	-2.1313703648104205e-06
54.75983126937764	-2.0891038661298335e-06
54.857791611541124	-2.0476739785159872e-06
54.955751953704585	-2.0070641346141535e-06
55.05371229586805	-1.9672580956983117e-06
55.15167263803151	-1.9282399438994776e-06
55.249632980194974	-1.889994077098583e-06
55.34759332235845	-1.8525052020429887e-06
55.44555366452192	-1.8157583281291461e-06
55.54351400668538	-1.7797387614073013e-06
55.64147434884884	-1.744432099252339e-06
55.73943469101232	-1.709824224368495e-06
55.83739503317578	-1.6759012983499821e-06
55.93535537533925	-1.6426497572400228e-06
56.03331571750271	-1.6100563057576151e-06
56.131276059666185	-1.5781079115243015e-06
56.229236401829645	-1.5467918008452555e-06
56.32719674399311	-1.5160954520478754e-06
56.425157086156574	-1.4860065921510548e-06
56.52311742832005	-1.4565131908699176e-06
56.62107777048351	-1.4276034561748665e-06
56.71903811264698	-1.3992658296285932e-06
56.81699845481044	-1.3714889817230852e-06
56.91495879697391	-1.344261806994596e-06
57.012919139137374	-1.3175734200267913e-06
57.11087948130084	-1.2914131510098088e-06
57.20883982346431	-1.2657705412993234e-06
57.30680016562778	-1.2406353394196972e-06
57.404760507791245	-1.2159974970671367e-06
57.502720849954706	-1.1918471646687598e-06
57.600681192118174	-1.1681746876077983e-06
57.698641534281634	-1.1449706024488027e-06
57.79660187644511	-1.122225633606937e-06
57.89456221860857	-1.099930688462963e-06
57.99252256077204	-1.0780768549207178e-06
58.0904829029355	-1.0566553974102774e-06
58.18844324509897	-1.0356577528911235e-06
58.286403587262434	-1.0150755284096245e-06
58.3843639294259	-9.949004966581148e-07
58.48232427158937	-9.751245935323762e-07
58.58028461375284	-9.557399148009448e-07
58.678244955916306	-9.367387123303255e-07
58.776205298079766	-9.18113391864523e-07
58.874165640243234	-8.998565090282162e-07
58.9721259824067	-8.81960767106289e-07
59.07008632457017	-8.644190139351855e-07
59.16804666673363	-8.472242387942644e-07
59.2660070088971	-8.303695699632889e-07
59.363967351060566	-8.138482718358282e-07
59.461927693224034	-7.976537415885694e-07
59.559888035387495	-7.817795082931232e-07
59.657848377550955	-7.662192278089795e-07
59.75580871971443	-7.509666825614478e-07
59.8537690618779	-7.36015777766883e-07
59.951729404041366	-7.213605392122247e-07
60.04968974620483	-7.069951114786266e-07
60.1476500883683	-6.929137543887272e-07
60.24561043053177	-6.791108418964162e-07
60.34357077269524	-6.655808589781952e-07
60.441531114858684	-6.523184005229438e-07
60.53949145702215	-6.39318167779194e-07
60.63745179918563	-6.265749670228504e-07
60.735412141349094	-6.140837075587796e-07
60.833372483512555	-6.018393992783078e-07
60.93133282567602	-5.898371511048989e-07
61.0292931678395	-5.780721687736998e-07
61.127253510002966	-5.665397528331284e-07
61.225213852166426	-5.55235297090553e-07
61.32317419432988	-5.441542861697943e-07
61.421134536493355	-5.332922944008923e-07
61.51909487865682	-5.226449838216982e-07
61.61705522082029	-5.122081019574207e-07
61.71501556298375	-5.01977481154485e-07
61.81297590514723	-4.919490356939454e-07
61.910936247310694	-4.821187613473902e-07
62.00889658947416	-4.724827322683101e-07
62.10685693163762	-4.6303710143618196e-07
62.20481727380109	-4.537780971037486e-07
62.30277761596455	-4.4470202279701336e-07
62.40073795812802	-4.3580525487274397e-07
62.49869830029148	-4.2708424185233364e-07
62.59665864245496	-4.185355019793049e-07
62.69461898461842	-4.1015562299726077e-07
62.79257932678189	-4.019412599294333e-07
62.89053966894535	-3.938891339684569e-07
62.98850001110882	-3.85996031588185e-07
63.08646035327229	-3.7825880232324005e-07
63.18442069543575	-3.706743587690097e-07
63.282381037599215	-3.6323967413915205e-07
63.380341379762676	-3.5595178182150317e-07
63.47830172192616	-3.4880777382376086e-07
63.57626206408962	-3.418047996632586e-07
63.67422240625309	-3.349400657008285e-07
63.77218274841655	-3.2821083314239625e-07
63.870143090580015	-3.216144175948896e-07
63.968103432743476	-3.1514818773396755e-07
64.06606377490694	-3.088095646378834e-07
64.16402411707041	-3.025960204552151e-07
64.26198445923389	-2.965050766285053e-07
64.35994480139735	-2.905343045603932e-07
64.45790514356082	-2.8468132339316566e-07
64.55586548572428	-2.7894379956466625e-07
64.65382582788774	-2.7331944525398014e-07
64.7517861700512	-2.678060186034774e-07
64.84974651221468	-2.624013214983642e-07
64.94770685437814	-2.5710319978872617e-07
65.04566719654161	-2.519095419572584e-07
65.14362753870508	-2.4681827800904084e-07
65.24158788086855	-2.4182737924949187e-07
65.33954822303201	-2.369348571741439e-07
65.43750856519547	-2.3213876213637378e-07
65.53546890735893	-2.2743718356944617e-07
65.63342924952241	-2.2282824865424432e-07
65.73138959168587	-2.1831012165313492e-07
65.82934993384933	-2.1388100324383288e-07
65.9273102760128	-2.0953912918713242e-07
66.02527061817628	-2.0528277121508429e-07
66.12323096033974	-2.0111023436645926e-07
66.2211913025032	-1.9701985765288075e-07
66.31915164466668	-1.9301001272655622e-07
66.41711198683014	-1.8907910365823137e-07
66.5150723289936	-1.852255662710555e-07
66.61303267115706	-1.8144786703035723e-07
66.71099301332055	-1.7774450304364377e-07
66.80895335548401	-1.7411400095037697e-07
66.90691369764747	-1.7055491669992772e-07
67.00487403981093	-1.6706583488544145e-07
67.1028343819744	-1.636453678556588e-07
67.20079472413786	-1.602921554928703e-07
67.29875506630133	-1.5700486521291574e-07
67.3967154084648	-1.5378218996678167e-07
67.49467575062828	-1.5062284890673492e-07
67.59263609279174	-1.4752558694223257e-07
67.6905964349552	-1.44489173185609e-07
67.78855677711867	-1.4151240139616462e-07
67.88651711928213	-1.3859408931403147e-07
67.98447746144559	-1.3573307821608338e-07
68.08243780360905	-1.329282318057124e-07
68.18039814577253	-1.3017843687896226e-07
68.27835848793599	-1.2748260177021538e-07
68.37631883009946	-1.2483965679628188e-07
68.47427917226292	-1.2224855314617583e-07
68.5722395144264	-1.1970826310315962e-07
68.67019985658986	-1.1721777893452044e-07
68.76816019875332	-1.1477611311361446e-07
68.8661205409168	-1.1238229787577726e-07
68.96408088308026	-1.100353841081004e-07
69.06204122524372	-1.0773444179352032e-07
69.16000156740719	-1.0547855912263951e-07
69.25796190957067	-1.0326684271577082e-07
69.35592225173413	-1.0109841629066952e-07
69.45388259389759	-9.8972421772756e-08
69.55184293606105	-9.688801729671404e-08
69.64980327822452	-9.48443778726243e-08
69.74776362038799	-9.284069516391953e-08
69.84572396255145	-9.087617637716122e-08
69.94368430471492	-8.895004470612854e-08
70.0416446468784	-8.706153866568434e-08
70.13960498904186	-8.520991164768566e-08
70.23756533120532	-8.33944323650728e-08
70.33552567336879	-8.161438329755675e-08
70.43348601553225	-7.98690618018421e-08
70.53144635769571	-7.815777855731453e-08
70.62940669985917	-7.647985845421919e-08
70.72736704202265	-7.483463926139271e-08
70.82532738418612	-7.322147184830767e-08
70.92328772634959	-7.163972062916178e-08
71.02124806851305	-7.008876178652072e-08
71.11920841067652	-6.856798415949644e-08
71.21716875284	-6.707678902170248e-08
71.31512909500344	-6.561458874898611e-08
71.41308943716692	-6.418080815169583e-08
71.51104977933038	-6.277488292036907e-08
71.60901012149385	-6.139626029186584e-08
71.70697046365731	-6.004439771710094e-08
71.80493080582079	-5.871876441535612e-08
71.90289114798425	-5.7418839375878525e-08
72.00085149014772	-5.614411202401438e-08
72.09881183231118	-5.48940819991643e-08
72.19677217447465	-5.3668258932738544e-08
72.2947325166381	-5.24661622261124e-08
72.39269285880158	-5.1287320384492174e-08
72.49065320096504	-5.0131271461004376e-08
72.58861354312852	-4.899756283465101e-08
72.68657388529198	-4.7885750766220316e-08
72.78453422745544	-4.67953999541974e-08
72.88249456961891	-4.5726084422942664e-08
72.98045491178239	-4.467738574633485e-08
73.07841525394585	-4.3648894602083204e-08
73.1763755961093	-4.264020921741521e-08
73.27433593827278	-4.165093603521029e-08
73.37229628043625	-4.068068904786596e-08
73.4702566225997	-3.972909046343157e-08
73.56821696476317	-3.879576915129605e-08
73.66617730692666	-3.788036197445539e-08
73.76413764909012	-3.6982512457245085e-08
73.86209799125358	-3.610187189556302e-08
73.96005833341704	-3.523809780255721e-08
74.05801867558051	-3.4390854796804184e-08
74.15597901774397	-3.3559814158219704e-08
74.25393935990743	-3.274465360601417e-08
74.3518997020709	-3.194505685460327e-08
74.44986004423438	-3.1160714723831084e-08
74.54782038639785	-3.039132358465775e-08
74.6457807285613	-2.9636585581204e-08
74.74374107072478	-2.8896209518929623e-08
74.84170141288824	-2.816990931032111e-08
74.9396617550517	-2.745740464102553e-08
75.03762209721516	-2.6758421191895015e-08
75.13558243937864	-2.607268930671916e-08
75.2335427815421	-2.53999455465372e-08
75.33150312370557	-2.4739931135325755e-08
75.42946346586903	-2.4092392182043412e-08
75.52742380803251	-2.3457080568809116e-08
75.62538415019597	-2.2833752618634515e-08
75.72334449235943	-2.2222169317468534e-08
75.82130483452289	-2.162209698033119e-08
75.91926517668637	-2.1033305697001312e-08
76.01722551884983	-2.045557110837336e-08
76.1151858610133	-1.988867218601137e-08
76.21314620317678	-1.933239345259499e-08
76.31110654534024	-1.8786522761473373e-08
76.4090668875037	-1.8250852628932834e-08
76.50702722966716	-1.7725179568062996e-08
76.60498757183063	-1.720930408875677e-08
76.7029479139941	-1.670303047566574e-08
76.80090825615756	-1.6206167454333977e-08
76.89886859832103	-1.5718527080974965e-08
76.9968289404845	-1.5239924964516227e-08
77.09478928264797	-1.4770180710688498e-08
77.19274962481143	-1.4309117699981126e-08
77.29070996697489	-1.3856561977419012e-08
77.38867030913836	-1.3412344028919463e-08
77.48663065130182	-1.2976297004935319e-08
77.58459099346528	-1.2548257830677975e-08
77.68255133562877	-1.212806587384974e-08
77.78051167779223	-1.1715564721000684e-08
77.8784720199557	-1.131060040117175e-08
77.97643236211916	-1.0913022274073207e-08
78.07439270428263	-1.0522682141906178e-08
78.17235304644609	-1.0139435359585691e-08
78.27031338860955	-9.763140168606852e-09
78.36827373077301	-9.393657030911003e-09
78.46623407293649	-9.030849739108749e-09
78.56419441509995	-8.674584306256928e-09
78.66215475726341	-8.324729854037021e-09
78.76011509942688	-7.981157946621332e-09
78.85807544159036	-7.643742368628386e-09
78.95603578375382	-7.312359791256713e-09
79.05399612591728	-6.986889328195653e-09
79.15195646808075	-6.667212091536128e-09
79.24991681024422	-6.353212079949073e-09
79.34787715240768	-6.044775068462381e-09
79.44583749457114	-5.741789496639341e-09
79.54379783673463	-5.444146024489404e-09
79.64175817889809	-5.15173686633439e-09
79.73971852106155	-4.8644569010314725e-09
79.83767886322501	-4.582203227883993e-09
79.93563920538848	-4.304874722552235e-09
80.03359954755194	-4.032372037053412e-09
80.1315598897154	-3.764598487940112e-09
80.22952023187888	-3.501458279943413e-09
80.32748057404234	-3.2428585043743603e-09
80.42544091620582	-2.9887073627670973e-09
80.52340125836928	-2.738915499146525e-09
80.62136160053275	-2.4933946677606237e-09
80.71932194269621	-2.252059065348122e-09
80.81728228485967	-2.0148239988708326e-09
80.91524262702313	-1.7816067736920792e-09
81.01320296918661	-1.5523262494875056e-09
81.11116331135007	-1.326902840245038e-09
81.20912365351356	-1.105258514264902e-09
81.307083995677	-8.873167941596235e-10
81.40504433784048	-6.73002978898624e-10
81.50300468000394	-4.6224347767439457e-10
81.6009650221674	-2.549662539917218e-10
81.69892536433088	-5.110082566767973e-11
81.79688570649434	1.4942173516837847e-10
81.8948460486578	3.466696902532435e-10
81.99280639082129	5.407093029222137e-10
82.09076673298475	7.316055042429e-10
82.18872707514821	9.194225591490788e-10
82.28668741731167	1.1042227341730274e-09
82.38464775947513	1.2860674076685738e-09
82.4826081016386	1.4650170698110889e-09
82.58056844380206	1.641130212374458e-09
82.67852878596553	1.8144648830433242e-09
82.77648912812899	1.9850775751900724e-09
82.87444947029249	2.153024116053233e-09
82.97240981245595	2.3183585565144607e-09
83.07037015461941	2.4811345033661816e-09
83.16833049678287	2.641404009088562e-09
83.26629083894633	2.7992186820725206e-09
83.3642511811098	2.9546285763967277e-09
83.46221152327325	3.107683080006005e-09
83.56017186543673	3.258430248577524e-09
83.65813220760022	3.406917471654626e-09
83.75609254976368	3.553191250602192e-09
83.85405289192714	3.697296976562075e-09
83.95201323409061	3.839279374542286e-09
84.04997357625406	3.9791820593277995e-09
84.14793391841752	4.1170477575251376e-09
84.24589426058098	4.2529185296069975e-09
84.34385460274446	4.386835547867647e-09
84.44181494490795	4.5188393184675134e-09
84.53977528707141	4.6489690152993755e-09
84.63773562923487	4.7772638122559986e-09
84.73569597139834	4.903761550962516e-09
84.8336563135618	5.028499406910217e-09
84.93161665572525	5.151513889456573e-09
85.02957699788873	5.27284084182522e-09
85.12753734005219	5.392515441105974e-09
85.22549768221567	5.510571976210215e-09
85.32345802437914	5.627044069915488e-09
85.42141836654261	5.7419651229547375e-09
85.51937870870607	5.855367203793265e-09
85.61733905086953	5.967282158851748e-09
85.71529939303299	6.077741168417043e-09
85.81325973519647	6.186774524597589e-09
85.91122007735991	6.2944125195017945e-09
86.00918041952337	6.400684112970448e-09
86.10714076168686	6.505618486888929e-09
86.20510110385034	6.609243268830368e-09
86.3030614460138	6.711586530457101e-09
86.40102178817726	6.81267523320844e-09
86.49898213034074	6.912535672389862e-09
86.5969424725042	7.011194143306857e-09
86.69490281466766	7.108676053086461e-09
86.7928631568311	7.205006586811124e-09
86.8908234989946	7.300209819340256e-09
86.98878384115807	7.394310269622457e-09
87.08674418332153	7.487331124338713e-09
87.18470452548499	7.579295570169996e-09
87.28266486764846	7.670226349708062e-09
87.38062520981192	7.760145539410851e-09
87.47858555197539	7.84907499369169e-09
87.57654589413885	7.937035900830086e-09
87.67450623630234	8.024049227060944e-09
87.7724665784658	8.110135272485337e-09
87.87042692062926	8.195314559248946e-09
87.96838726279273	8.279606277229824e-09
88.06634760495619	8.363030060395216e-09
88.16430794711965	8.445604654533963e-09
88.26226828928311	8.527348805434882e-09
88.36022863144659	8.608280592752988e-09
88.45818897361005	8.68841765205408e-09
88.55614931577352	8.767777618903947e-09
88.65410965793698	8.846377684779165e-09
88.75207000010046	8.9242345970671e-09
88.85003034226392	9.001364659065913e-09
88.94799068442738	9.077784174073755e-09
89.04595102659084	9.153509001299563e-09
89.14391136875432	9.228554555863063e-09
89.24187171091778	9.302936030839381e-09
89.33983205308125	9.376668397259032e-09
89.43779239524473	9.449765960018702e-09
89.53575273740819	9.522243468104293e-09
89.63371307957165	9.594114782323299e-09
89.73167342173511	9.66539376348319e-09
89.82963376389858	9.736093606257637e-09
89.92759410606205	9.80622794940951e-09
90.0255544482255	9.875809543523258e-09
90.12351479038898	9.944850917138728e-09
90.22147513255246	1.0013364820840364e-08
90.31943547471592	1.0081363561123399e-08
90.41739581687938	1.014885855630465e-08
90.51535615904284	1.0215862334923959e-08
90.61331650120631	1.0282385649164313e-08
90.71127684336977	1.0348440361431745e-08
90.80923718553323	1.0414037223909242e-08
90.90719752769671	1.0479187210824405e-08
91.00515786986018	1.0543900852315627e-08
91.10311821202365	1.0608188678521283e-08
91.2010785541871	1.0672060775490553e-08
91.29903889635058	1.0735527451317219e-08
91.39699923851404	1.0798598125916638e-08
91.4949595806775	1.0861282663293375e-08
91.59291992284096	1.0923590705407398e-08
91.69088026500444	1.0985531006040241e-08
91.78884060716791	1.1047112985107274e-08
91.88680094933137	1.1108345618434622e-08
91.98476129149483	1.1169237437759227e-08
92.08272163365831	1.1229796974818023e-08
92.18068197582177	1.1290032761347945e-08
92.27864231798523	1.1349952884996714e-08
92.3766026601487	1.140956543341205e-08
92.47456300231217	1.1468878272197068e-08
92.57252334447564	1.1527899266954892e-08
92.6704836866391	1.1586636061244017e-08
92.76844402880258	1.164509585453375e-08
92.86640437096604	1.1703286290382599e-08
92.9643647131295	1.1761214124170653e-08
93.06232505529296	1.181888655536721e-08
93.16028539745643	1.1876310783441564e-08
93.2582457396199	1.1933492897639999e-08
93.35620608178336	1.1990440097431796e-08
93.45416642394683	1.2047158694107851e-08
93.5521267661103	1.210365499895902e-08
93.65008710827377	1.2159935101231578e-08
93.74804745043723	1.2216005312216406e-08
93.8460077926007	1.2271871721159773e-08
93.94396813476416	1.2327539973218734e-08
94.04192847692762	1.2383015935594957e-08
94.13988881909108	1.2438305253445503e-08
94.23784916125457	1.2493413571927441e-08
94.33580950341803	1.2548346092108595e-08
94.4337698455815	1.260310845914604e-08
94.53173018774496	1.2657705430018405e-08
94.62969052990843	1.2712142649882759e-08
94.72765087207189	1.2766424653673126e-08
94.82561121423535	1.2820556864501961e-08
94.92357155639883	1.2874543817303298e-08
95.0215318985623	1.292839026905578e-08
95.11949224072576	1.2982100754693428e-08
95.21745258288922	1.3035680031194879e-08
95.3154129250527	1.308913263349417e-08
95.41337326721616	1.3142462652436125e-08
95.51133360937962	1.319567462295477e-08
95.60929395154308	1.3248772635894926e-08
95.70725429370655	1.3301760782101417e-08
95.80521463587002	1.335464315241906e-08
95.90317497803349	1.340742383769269e-08
96.00113532019695	1.34601067067225e-08
96.09909566236043	1.3512695406264118e-08
96.19705600452389	1.3565193805117747e-08
96.29501634668735	1.3617605550039006e-08
96.39297668885082	1.3669934287783502e-08
96.49093703101428	1.3722183443062246e-08
96.58889737317774	1.377435666263084e-08
96.68685771534122	1.3826457149155694e-08
96.7848180575047	1.3878488549392409e-08
96.88277839966815	1.393045362191817e-08
96.98073874183162	1.39823560134886e-08
97.07869908399508	1.4034198704725485e-08
97.17665942615855	1.408598467625062e-08
97.27461976832201	1.413771713073041e-08
97.37258011048547	1.418939882674204e-08
97.47054045264895	1.4241032966951922e-08
97.56850079481242	1.4292622309937223e-08
97.66646113697588	1.434416939223054e-08
97.76442147913934	1.4395677416498266e-08
97.8623818213028	1.444714869722839e-08
