0.0	-0.1499999963156799
3.0915948264069852	-0.14703296886116984
6.1831896528139705	-0.14412473335827955
9.274784479220957	-0.14127411880951404
12.366379305627941	-0.13847997789155064
15.457974132034927	-0.13574118645628241
18.549568958441913	-0.13305664304354362
21.6411637848489	-0.13042526840517693
24.732758611255882	-0.12784600504012303
27.824353437662868	-0.12531781674021256
30.915948264069854	-0.12283968814636609
34.00754309047684	-0.12041062431490988
37.09913791688383	-0.11802965029372618
40.19073274329081	-0.11569581070797538
43.2823275696978	-0.11340816935512385
46.37392239610478	-0.11116580880903461
49.465517222511764	-0.10896783003287307
52.557112048918746	-0.10681335200060217
55.648706875325736	-0.10470151132683597
58.740301701732726	-0.10263146190484006
61.83189652813971	-0.10060237455246583
64.92349135454668	-0.09861343666581725
68.01508618095367	-0.09666385188045572
71.10668100736066	-0.09475283973994997
74.19827583376765	-0.09287963537159204
77.28987066017463	-0.09104348916909771
80.38146548658162	-0.08924366648212416
83.47306031298861	-0.08747944731243248
86.5646551393956	-0.08575012601653982
89.65624996580257	-0.08405501101470068
92.74784479220956	-0.08239342450606714
95.83943961861654	-0.08076470218988147
98.93103444502353	-0.07916819299255642
102.0226292714305	-0.07760325880050763
105.11422409783749	-0.07606927419860124
108.20581892424448	-0.07456562621408667
111.29741375065147	-0.07309171406588898
114.38900857705845	-0.07164694891913508
117.48060340346545	-0.07023075364479649
120.57219822987244	-0.0688425625843317
123.66379305627942	-0.06748182131921077
126.75538788268639	-0.06614798644522059
129.84698270909337	-0.06484052535143325
132.93857753550037	-0.06355891600374128
136.03017236190735	-0.06230264673285406
139.12176718831435	-0.06107121602665769
142.21336201472133	-0.05986413232684148
145.30495684112833	-0.05868091382969821
148.3965516675353	-0.05752108829100479
151.48814649394228	-0.05638419283489707
154.57974132034926	-0.0552697737666489
157.67133614675626	-0.05417738638927261
160.76293097316324	-0.05310659482385832
163.85452579957024	-0.05205697183357126
166.94612062597722	-0.05102809865122728
170.0377154523842	-0.0500195648103723
173.1293102787912	-0.049030967979789127
176.22090510519817	-0.04806191380136013
179.31249993160515	-0.047112015731211716
182.40409475801212	-0.04618089488407576
185.49568958441913	-0.045268179880795435
188.5872844108261	-0.044373506698911075
191.67887923723308	-0.04349651852626315
194.77047406364005	-0.04263686561754567
197.86206889004706	-0.04179420515374992
200.95366371645406	-0.04096820110443997
204.045258542861	-0.04015852409279671
207.136853369268	-0.039364851263377944
210.22844819567499	-0.03858686615253226
213.320043022082	-0.03782425856141857
216.41163784848897	-0.03707672443157102
219.50323267489594	-0.03634396572296136
222.59482750130294	-0.035625690294503506
225.68642232770995	-0.03492161178695442
228.7780171541169	-0.034231449508157465
231.8696119805239	-0.03355492832058319
234.9612068069309	-0.03289177853112035
238.05280163333788	-0.03224173578306809
241.14439645974488	-0.03160454095029027
244.23599128615186	-0.030979940033479543
247.32758611255883	-0.030367684058497487
250.4191809389658	-0.029767528976739618
253.51077576537278	-0.029179235567491538
256.6023705917798	-0.02860256934223046
259.69396541818674	-0.028037300450835412
262.78556024459374	-0.027483203589667292
265.87715507100074	-0.026940057911478674
268.9687498974077	-0.026407646937120544
272.0603447238147	-0.025885758469003765
275.1519395502217	-0.02537418450628678
278.2435343766287	-0.024872721161747383
281.33512920303565	-0.024381168580312317
284.42672402944265	-0.023899330859202907
287.5183188558496	-0.02342701596967247
290.60991368225666	-0.022964035680297486
293.70150850866355	-0.022510205481793197
296.7931033350706	-0.02206534451332397
299.88469816147756	-0.021629275490277836
302.97629298788456	-0.021201824633475138
306.06788781429157	-0.020782821599781977
309.1594826406985	-0.02037209941410387
312.2510774671055	-0.019969494402726596
315.3426722935125	-0.019574846127982323
318.4342671199195	-0.01918799732421066
321.5258619463265	-0.018808793834990845
324.6174567727334	-0.018437084551619916
327.7090515991405	-0.018072721352809837
330.8006464255474	-0.01771555904558148
333.89224125195443	-0.01736545530733021
336.98383607836143	-0.017022270629040513
340.0754309047684	-0.016685868259625748
343.16702573117533	-0.016356114151372142
346.2586205575824	-0.0160328769064625
349.35021538398934	-0.01571602772456204
352.44181021039634	-0.015405440351440274
355.5334050368033	-0.015100991028612561
358.6249998632103	-0.014802558443978531
361.7165946896173	-0.014510023683438877
364.80818951602424	-0.014223270183469968
367.8997843424313	-0.013942183684637855
370.99137916883825	-0.013666652186033345
374.0829739952452	-0.013396565900608563
377.1745688216522	-0.013131817211398682
380.2661636480592	-0.012872300628609811
383.35775847446615	-0.012617912747556878
386.4493533008732	-0.012368552207433919
389.5409481272801	-0.012124119650900728
392.6325429536871	-0.011884517684469468
395.7241377800941	-0.011649650839674312
398.8157326065011	-0.011419425535011813
401.9073274329081	-0.011193750038631932
404.99892225931507	-0.010972534431769198
408.090517085722	-0.010755690572896852
411.1821119121291	-0.010543132062589779
414.273706738536	-0.01033477420908374
417.3653015649431	-0.010130533994515543
420.45689639134997	-0.009930330041830445
423.548491217757	-0.009734082582344882
426.640086044164	-0.009541713423951418
429.731680870571	-0.009353145919951627
432.82327569697793	-0.0091683049385061
435.914870523385	-0.008987116832688317
439.0064653497919	-0.008809509411131363
442.0980601761989	-0.008635411909254966
445.1896550026059	-0.008464754961061211
448.2812498290129	-0.008297470571488913
451.3728446554199	-0.008133492089314086
454.46443948182684	-0.007972754180586773
457.5560343082338	-0.007815192802592325
460.64762913464085	-0.007660745178328716
463.7392239610478	-0.007509349771487794
466.8308187874548	-0.007360946261932406
469.9224136138618	-0.007215475521655984
473.01400844026875	-0.007072879591220729
476.10560326667576	-0.006933101656658448
479.19719809308276	-0.006796086026831273
482.28879291948977	-0.006661778111237144
485.3803877458967	-0.006530124398256115
488.4719825723037	-0.006401072433826056
491.56357739871066	-0.0062745708005390935
494.65517222511767	-0.0061505690971534925
497.7467670515246	-0.0060290179185082254
500.8383618779316	-0.005909868835836414
503.92995670433857	-0.0057930743774665715
507.02155153074557	-0.00567858800990682
510.1131463571525	-0.005566364119301144
513.2047411835596	-0.005456357993254976
516.2963360099666	-0.005348525803016582
519.3879308363735	-0.005242824586014347
522.4795256627806	-0.005139212228736303
525.5711204891875	-0.005037647449949618
528.6627153155945	-0.0049380897842516225
531.7543101420015	-0.004840499565945298
534.8459049684085	-0.0047448379132348575
537.9374997948154	-0.004651066712732444
541.0290946212224	-0.0045591486042709855
544.1206894476294	-0.004469046966018757
547.2122842740365	-0.004380725899886536
550.3038791004434	-0.0042941502172247365
553.3954739268503	-0.004209285424801263
556.4870687532574	-0.004126097711057993
559.5786635796644	-0.004044553932639788
562.6702584060713	-0.003964621601186416
565.7618532324783	-0.003886268870389854
568.8534480588853	-0.003809464523303579
571.9450428852923	-0.0037341779599057053
575.0366377116992	-0.0036603791849051004
578.1282325381062	-0.0035880387957916934
581.2198273645133	-0.0035171279711199432
584.3114221909202	-0.003447618459025832
587.4030170173271	-0.003379482565970184
590.4946118437342	-0.003312693145704253
593.5862066701412	-0.003247223588453767
596.6778014965481	-0.0031830478103167426
599.7693963229551	-0.003120140242870848
602.8609911493621	-0.003058475822985215
605.9525859757691	-0.0029980299828356273
609.044180802176	-0.002938778640115136
612.1357756285831	-0.002880698188438605
615.2273704549901	-0.00282376548793816
618.318965281397	-0.0027679578560425256
621.410560107804	-0.0027132530584399067
624.502154934211	-0.002659629300220101
627.593749760618	-0.0026070652171886317
630.685344587025	-0.002555539867357055
633.7769394134319	-0.0025050327225973738
636.868534239839	-0.002455523660463616
639.960129066246	-0.002406992956174755
643.051723892653	-0.0023594212747551674
646.1433187190598	-0.0023127896633319328
649.2349135454668	-0.002267079543582524
652.3265083718738	-0.0022222727043337658
655.418103198281	-0.002178351294304745
658.5096980246879	-0.0021352978149961196
661.6012928510949	-0.002093095113716522
664.6928876775019	-0.002051726376749638
667.7844825039089	-0.0020111751226553347
670.8760773303159	-0.001971425195701773
673.9676721567229	-0.0019324607594303274
677.0592669831298	-0.0018942662903444875
680.1508618095368	-0.0018568265717256957
683.2424566359437	-0.0018201266875708542
686.3340514623507	-0.0017841520166489177
689.4256462887578	-0.001748888226675757
692.5172411151648	-0.001714321268603836
695.6088359415717	-0.0016804373710247878
698.7004307679787	-0.0016472230346825463
701.7920255943858	-0.0016146650270949165
704.8836204207927	-0.0015827503772819103
707.9752152471997	-0.001551466370597184
711.0668100736066	-0.0015208005436629182
714.1584049000136	-0.0014907406794031455
717.2499997264206	-0.0014612748021781005
720.3415945528276	-0.001432391173010607
723.4331893792346	-0.0014040782849108558
726.5247842056416	-0.0013763248582908227
729.6163790320485	-0.0013491198364706883
732.7079738584555	-0.0013224523812733998
735.7995686848626	-0.0012963118687073
738.8911635112696	-0.0012706878847318628
741.9827583376765	-0.001245570221109793
745.0743531640834	-0.0012209488713396499
748.1659479904904	-0.0011968140266689293
751.2575428168974	-0.0011731560721859795
754.3491376433044	-0.0011499655829895902
757.4407324697114	-0.0011272333204335203
760.5323272961184	-0.0011049502284459175
763.6239221225254	-0.001083107429921345
766.7155169489323	-0.001061696223184042
769.8071117753394	-0.0010407080785205798
772.8987066017464	-0.0010201346347820984
775.9903014281533	-0.0009999676960522927
779.0818962545602	-0.0009801992283828876
782.1734910809672	-0.0009608213565925588
785.2650859073742	-0.0009418263611285912
788.3566807337813	-0.0009232066749927932
791.4482755601882	-0.0009049548807249638
794.5398703865952	-0.0008870637074492084
797.6314652130022	-0.0008695260279757375
800.7230600394092	-0.000852334855962337
803.8146548658162	-0.0008354833431308115
806.9062496922232	-0.0008189647765379274
809.9978445186301	-0.0008027725759012699
813.0894393450371	-0.0007869002909775406
816.181034171444	-0.0007713415989926062
819.2726289978511	-0.0007560903021228228
822.3642238242581	-0.000741140325024949
825.455818650665	-0.0007264857124166206
828.547413477072	-0.0007121206267024793
831.639008303479	-0.0006980393456499271
834.7306031298862	-0.0006842362601080494
837.822197956293	-0.0006707058717732343
840.9137927826999	-0.0006574427909988071
844.005387609107	-0.0006444417346477701
847.096982435514	-0.0006316975239872981
850.1885772619208	-0.0006192050826260817
853.280172088328	-0.0006069594344918377
856.371766914735	-0.0005949557018487453
859.463361741142	-0.0005831891033534637
862.5549565675489	-0.0005716549521510454
865.6465513939559	-0.00056034865400718
868.738146220363	-0.0005492657054780849
871.82974104677	-0.000538401692116032
874.9213358731768	-0.0005277522867107191
878.0129306995838	-0.0005173132475649209
881.1045255259908	-0.0005070804168055142
884.1961203523978	-0.0004970497187256515
887.2877151788048	-0.00048721715816162135
890.3793100052118	-0.000477578818901943
893.4709048316188	-0.0004681308621251342
896.5624996580258	-0.0004588695248721354
899.6540944844328	-0.0004497911185462766
902.7456893108398	-0.0004408920274438864
905.8372841372468	-0.0004321687073135356
908.9288789636537	-0.0004236176839445745
912.0204737900606	-0.00041523555178206705
915.1120686164676	-0.0004070189725707809
918.2036634428747	-0.0003989646740248942
921.2952582692817	-0.0003910694485245226
924.3868530956886	-0.0003833301518372824
927.4784479220956	-0.0003757437018659951
930.5700427485026	-0.00036830707742052703
933.6616375749096	-0.0003610173170148693
936.7532324013166	-0.00035387151768612163
939.8448272277236	-0.00034686683383848105
942.9364220541305	-0.0003400004761097917
946.0280168805375	-0.0003332697102597574
949.1196117069444	-0.0003266718560811486
952.2112065333515	-0.00032020428633155367
955.3028013597585	-0.0003138644256867817
958.3943961861655	-0.000307649749714801
961.4859910125724	-0.00030155778387043236
964.5775858389795	-0.00029558610250879347
967.6691806653864	-0.0002897323279194901
970.7607754917934	-0.00028399412937843996
973.8523703182003	-0.000278369222221103
976.9439651446074	-0.00027285536693000625
980.0355599710143	-0.0002674503682443341
983.1271547974213	-0.00026215207428447325
986.2187496238282	-0.00025695837569461957
989.3103444502353	-0.0002518672048027765
992.4019392766425	-0.000246876534797033
995.4935341030492	-0.0002419843789178953
998.5851289294563	-0.00023718878966622615
1001.6767237558632	-0.00023248785802878807
1004.7683185822704	-0.0002278797127162799
1007.8599134086771	-0.00022336251941830622
1010.9515082350842	-0.0002189344800728345
1014.0431030614911	-0.00021459383214969384
1017.1346978878983	-0.0002103388479485574
1020.226292714305	-0.00020616783390985178
1023.3178875407121	-0.00020207912994103477
1026.4094823671192	-0.0001980711087546861
1029.501077193526	-0.00019414217522063028
1032.5926720199332	-0.0001902907657296473
1035.68426684634	-0.0001865153475712121
1038.775861672747	-0.0001828144183232628
1041.867456499154	-0.00017918650525199756
1044.9590513255612	-0.00017563016472747227
1048.050646151968	-0.00017214398164589332
1051.142240978375	-0.00016872656886859688
1054.2338358047818	-0.000165376566666832
1057.325430631189	-0.0001620926421816736
1060.417025457596	-0.000158873488893068
1063.508620284003	-0.00015571782609801
1066.60021511041	-0.00015262439840184753
1069.691809936817	-0.00014959197521693973
1072.7834047632239	-0.00014661935027332953
1075.8749995896308	-0.00014370534113743413
1078.9665944160379	-0.00014084878874186038
1082.0581892424448	-0.00013804855692256939
1085.149784068852	-0.0001353035319671647
1088.2413788952588	-0.00013261262217030594
1091.332973721666	-0.00012997475740002213
1094.424568548073	-0.00012738888867026103
1097.5161633744797	-0.00012485398772344835
1100.6077582008868	-0.00012236904662061378
1103.6993530272937	-0.00011993307734063745
1106.7909478537006	-0.00011754511138572955
1109.8825426801077	-0.00011520419939536285
1112.9741375065148	-0.00011290941076976812
1116.0657323329217	-0.000110659833296996
1119.1573271593288	-0.00010845457279109513
1122.2489219857355	-0.00010629275273540995
1125.3405168121426	-0.0001041735139332188
1128.4321116385497	-0.00010209601416548933
1131.5237064649566	-0.00010005942785552893
1134.6153012913637	-9.806294574030765e-05
1137.7068961177706	-9.610577454734285e-05
1140.7984909441775	-9.418713667936577e-05
1143.8900857705846	-9.23062699043269e-05
1146.9816805969915	-9.046242705185033e-05
1150.0732754233984	-8.865487571480401e-05
1153.1648702498055	-8.68828979593167e-05
1156.2564650762124	-8.514579003657942e-05
1159.3480599026195	-8.344286210420318e-05
1162.4396547290266	-8.177343795047077e-05
1165.5312495554335	-8.013685472547973e-05
1168.6228443818404	-7.853246267695504e-05
1171.7144392082473	-7.695962489095405e-05
1174.8060340346542	-7.5417717038795e-05
1177.8976288610613	-7.390612712776683e-05
1180.9892236874684	-7.242425525828433e-05
1184.0808185138753	-7.097151338371368e-05
1187.1724133402824	-6.954732507686507e-05
1190.2640081666896	-6.815112530026531e-05
1193.3556029930962	-6.67823601806547e-05
1196.4471978195033	-6.544048678926201e-05
1199.5387926459102	-6.412497292452665e-05
1202.6303874723174	-6.283529690082083e-05
1205.7219822987242	-6.15709473398405e-05
1208.8135771251314	-6.033142296799609e-05
1211.9051719515383	-5.911623241602735e-05
1214.9967667779454	-5.792489402284134e-05
1218.088361604352	-5.6756935645127284e-05
1221.1799564307591	-5.561189446741897e-05
1224.2715512571663	-5.448931681948838e-05
1227.3631460835732	-5.3388757993964536e-05
1230.4547409099803	-5.230978207061698e-05
1233.5463357363872	-5.125196174219667e-05
1236.637930562794	-5.021487814383257e-05
1239.7295253892012	-4.91981206866499e-05
1242.821120215608	-4.8201286894055775e-05
1245.9127150420152	-4.72239822415801e-05
1249.004309868422	-4.626581999916151e-05
1252.0959046948292	-4.532642107832081e-05
1255.187499521236	-4.4405413879558744e-05
1258.279094347643	-4.350243414575118e-05
1261.37068917405	-4.2617124816434744e-05
1264.462284000457	-4.174913588498101e-05
1267.5538788268639	-4.089812426065778e-05
1270.6454736532708	-4.006375363069215e-05
1273.737068479678	-3.924569432699849e-05
1276.828663306085	-3.844362319424035e-05
1279.920258132492	-3.7657223461890995e-05
1283.011852958899	-3.6886184617405665e-05
1286.103447785306	-3.6130202283170304e-05
1289.1950426117128	-3.5388978094561894e-05
1292.2866374381197	-3.46622195817851e-05
1295.3782322645268	-3.394964005282048e-05
1298.4698270909337	-3.3250958479482674e-05
1301.5614219173408	-3.256589938570034e-05
1304.6530167437477	-3.18941927373516e-05
1307.744611570155	-3.123557383520938e-05
1310.836206396562	-3.058978320899802e-05
1313.9278012229688	-2.9956566514337614e-05
1317.0193960493757	-2.9335674431909882e-05
1320.1109908757826	-2.8726862567069053e-05
1323.2025857021897	-2.8129891353228577e-05
1326.2941805285966	-2.7544525956580988e-05
1329.3857753550037	-2.697053618215094e-05
1332.4773701814106	-2.6407696382513666e-05
1335.5689650078177	-2.58557853674024e-05
1338.6605598342244	-2.5314586315981194e-05
1341.7521546606317	-2.478388669045071e-05
1344.8437494870386	-2.4263478151653208e-05
1347.9353443134457	-2.3753156475788392e-05
1351.0269391398526	-2.3252721472684337e-05
1354.1185339662595	-2.2761976907177614e-05
1357.2101287926666	-2.2280730419827947e-05
1360.3017236190735	-2.180879345096417e-05
1363.3933184454804	-2.1345981165618868e-05
1366.4849132718873	-2.0892112379573877e-05
1369.5765080982947	-2.0447009487404656e-05
1372.6681029247013	-2.001049839163545e-05
1375.7596977511087	-1.958240843389332e-05
1378.8512925775156	-1.9162572325840593e-05
1381.9428874039227	-1.87508260841046e-05
1385.0344822303296	-1.8347008963875573e-05
1388.1260770567362	-1.7950963394947445e-05
1391.2176718831433	-1.7562534919313375e-05
1394.3092667095502	-1.7181572129649846e-05
1397.4008615359573	-1.6807926609133386e-05
1400.4924563623642	-1.6441452871923824e-05
1403.5840511887716	-1.608200830542418e-05
1406.6756460151785	-1.5729453113651158e-05
1409.7672408415854	-1.5383650261494158e-05
1412.8588356679923	-1.5044465420084746e-05
1415.9504304943994	-1.4711766913720789e-05
1419.0420253208063	-1.4385425666124712e-05
1422.1336201472132	-1.4065315151142936e-05
1425.2252149736203	-1.3751311340558977e-05
1428.3168098000272	-1.3443292655459528e-05
1431.4084046264343	-1.3141139918044856e-05
1434.4999994528412	-1.2844736303661492e-05
1437.5915942792483	-1.2553967294389433e-05
1440.6831891056552	-1.2268720634405944e-05
1443.7747839320623	-1.1988886283573173e-05
1446.8663787584692	-1.1714356374800758e-05
1449.9579735848763	-1.1445025170964506e-05
1453.0495684112832	-1.1180789023157545e-05
1456.14116323769	-1.0921546328053444e-05
1459.232758064097	-1.066719748904429e-05
1462.3243528905039	-1.0417644876046642e-05
1465.415947716911	-1.0172792785751726e-05
1468.5075425433179	-9.932547405428516e-06
1471.5991373697252	-9.696816773396252e-06
1474.690732196132	-9.46551074438212e-06
1477.7823270225392	-9.238540952214486e-06
1480.873921848946	-9.015820775624923e-06
1483.965516675353	-8.797265302718055e-06
1487.05711150176	-8.582791298328128e-06
1490.1487063281668	-8.372317170265462e-06
1493.240301154574	-8.165762937117302e-06
1496.3318959809808	-7.963050196048816e-06
1499.423490807388	-7.764102091492326e-06
1502.5150856337948	-7.5688432856130245e-06
1505.606680460202	-7.377199926998418e-06
1508.6982752866088	-7.189099622012385e-06
1511.789870113016	-7.004471406149328e-06
1514.8814649394228	-6.823245715388407e-06
1517.9730597658297	-6.645354358213987e-06
1521.0646545922368	-6.470730489190463e-06
1524.1562494186437	-6.299308582315135e-06
1527.2478442450508	-6.13102440414908e-06
1530.3394390714577	-5.965814989390603e-06
1533.4310338978646	-5.803618614894436e-06
1536.5226287242715	-5.644374775467347e-06
1539.6142235506788	-5.488024159885866e-06
1542.7058183770857	-5.3345086273581446e-06
1545.7974132034929	-5.183771184207929e-06
1548.8890080298997	-5.035755960780616e-06
1551.9806028563066	-4.890408190569821e-06
1555.0721976827135	-4.747674186901487e-06
1558.1637925091204	-4.6075013222825895e-06
1561.2553873355275	-4.469838007749887e-06
1564.3469821619344	-4.334633671552564e-06
1567.4385769883418	-4.201838740277433e-06
1570.5301718147484	-4.0714046175316544e-06
1573.6217666411558	-3.943283665956194e-06
1576.7133614675627	-3.817429187684987e-06
1579.8049562939696	-3.6937954059143613e-06
1582.8965511203764	-3.572337446472505e-06
1585.9881459467833	-3.4530113202771333e-06
1589.0797407731905	-3.3357739060152414e-06
1592.1713355995973	-3.220582932378793e-06
1595.2629304260045	-3.107396961632699e-06
1598.3545252524113	-2.996175373182847e-06
1601.4461200788185	-2.8868783473661695e-06
1604.5377149052251	-2.7794668496848576e-06
1607.6293097316325	-2.6739026152626228e-06
1610.7209045580394	-2.570148133523039e-06
1613.8124993844465	-2.4681666330899446e-06
1616.9040942108534	-2.3679220677981e-06
1619.9956890372603	-2.269379101815674e-06
1623.0872838636674	-2.1725030960990247e-06
1626.1788786900743	-2.0772600937372846e-06
1629.2704735164812	-1.983616807961486e-06
1632.362068342888	-1.8915406068230422e-06
1635.4536631692954	-1.8009995025351824e-06
1638.5452579957023	-1.71196213703965e-06
1641.6368528221094	-1.6243977702379343e-06
1644.7284476485163	-1.5382762677784556e-06
1647.8200424749234	-1.453568088843737e-06
1650.91163730133	-1.3702442746037485e-06
1654.003232127737	-1.2882764371133347e-06
1657.094826954144	-1.2076367470994418e-06
1660.186421780551	-1.1282979237467638e-06
1663.278016606958	-1.0502332231511175e-06
1666.369611433365	-9.734164287712486e-07
1669.4612062597723	-8.978218394381395e-07
1672.5528010861792	-8.234242609170639e-07
1675.644395912586	-7.501989945830462e-07
1678.735990738993	-6.781218283168025e-07
1681.8275855653999	-6.071690262904442e-07
1684.919180391807	-5.373173200854776e-07
1688.010775218214	-4.685438998108036e-07
1691.102370044621	-4.008264036664072e-07
1694.193964871028	-3.3414291039365636e-07
1697.285559697435	-2.684719303933101e-07
1700.3771545238417	-2.0379239639947388e-07
1703.468749350249	-1.400836559299014e-07
1706.560344176656	-7.732546240404183e-08
1709.651939003063	-1.549796848153986e-08
1712.74353382947	4.5418283707882756e-08
1715.8351286558768	1.0544236900387702e-07
1718.926723482284	1.6459298698716295e-07
1722.0183183086908	2.2288846975123565e-07
1725.1099131350977	2.8034678878588097e-07
1728.2015079615046	3.369855623047712e-07
1731.2931027879117	3.928220619069353e-07
1734.3846976143186	4.478732203484268e-07
1737.476292440726	5.021556368715177e-07
1740.5678872671328	5.556855847543178e-07
1743.65948209354	6.084790177501783e-07
1746.7510769199469	6.60551576082992e-07
1749.8426717463535	7.119185922204522e-07
1752.9342665727606	7.625950979795786e-07
1756.0258613991675	8.125958298558631e-07
1759.1174562255746	8.619352350185765e-07
1762.2090510519815	9.106274764178644e-07
1765.3006458783887	9.586864396682182e-07
1768.3922407047955	1.0061257372673889e-06
1771.4838355312027	1.0529587148137232e-06
1774.5754303576095	1.0991984558912004e-06
1777.6670251840167	1.1448577873985816e-06
1780.7586200104236	1.1899492846564936e-06
1783.8502148368304	1.234485275848387e-06
1786.9418096632376	1.2784778477937579e-06
1790.0334044896445	1.3219388501670456e-06
1793.1249993160516	1.3648799006047233e-06
1796.2165941424585	1.4073123880360102e-06
1799.3081889688656	1.4492474793442719e-06
1802.3997837952722	1.490696121809549e-06
1805.4913786216796	1.531669048215641e-06
1808.5829734480865	1.5721767810689907e-06
1811.6745682744936	1.6122296374837137e-06
1814.7661631009005	1.6518377314020825e-06
1817.8577579273074	1.6910109793677304e-06
1820.9493527537143	1.7297591038563615e-06
1824.0409475801212	1.7680916368284908e-06
1827.1325424065283	1.8060179232822064e-06
1830.2241372329352	1.8435471261381738e-06
1833.3157320593425	1.8806882286821714e-06
1836.4073268857494	1.917450038561912e-06
1839.4989217121565	1.9538411908957106e-06
1842.5905165385634	1.9898701524913472e-06
1845.6821113649703	2.025545224288603e-06
1848.7737061913772	2.0608745451340255e-06
1851.865301017784	2.095866094667551e-06
1854.9568958441912	2.1305276973193265e-06
1858.048490670598	2.1648670238640415e-06
1861.1400854970052	2.1988915956398067e-06
1864.231680323412	2.2326087874347446e-06
1867.3232751498192	2.2660258297074745e-06
1870.414869976226	2.2991498121398257e-06
1873.5064648026332	2.3319876860793656e-06
1876.59805962904	2.3645462672039395e-06
1879.6896544554472	2.3968322384082817e-06
1882.7812492818541	2.428852152468556e-06
1885.872844108261	2.460612434040785e-06
1888.9644389346681	2.4921193834356163e-06
1892.056033761075	2.5233791772844726e-06
1895.147628587482	2.5543978729804643e-06
1898.2392234138888	2.5851814093445307e-06
1901.3308182402961	2.6157356097340833e-06
1904.422413066703	2.646066184485505e-06
1907.51400789311	2.6761787329125702e-06
1910.605602719517	2.706078745304852e-06
1913.6971975459237	2.7357716053702266e-06
1916.788792372331	2.7652625922332926e-06
1919.8803871987377	2.794556882655814e-06
1922.9719820251448	2.8236595528131016e-06
1926.063576851552	2.852575580292414e-06
1929.155171677959	2.8813098460913756e-06
1932.2467665043657	2.9098671368384263e-06
1935.3383613307728	2.9382521463471494e-06
1938.42995615718	2.966469477170581e-06
1941.5215509835868	2.994523643043724e-06
1944.6131458099935	3.0224190706598984e-06
1947.7047406364006	3.050160099892804e-06
1950.7963354628077	3.0777509882374137e-06
1953.8879302892149	3.105195909477713e-06
1956.979525115622	3.1324989574614695e-06
1960.0711199420286	3.15966414698841e-06
1963.1627147684358	3.186695415142506e-06
1966.2543095948427	3.2135966230683223e-06
1969.3459044212498	3.240371557303303e-06
1972.4374992476564	3.2670239317761684e-06
1975.5290940740636	3.2935573882510175e-06
1978.6206889004707	3.319975498769816e-06
1981.7122837268773	3.3462817667626327e-06
1984.803878553285	3.3724796277137724e-06
1987.8954733796916	3.3985724516042683e-06
1990.9870682060985	3.4245635431339424e-06
1994.0786630325056	3.450456143719792e-06
1997.1702578589127	3.4762534328282865e-06
2000.2618526853194	3.501958528419434e-06
2003.3534475117265	3.527574488945209e-06
2006.4450423381336	3.5531043144597603e-06
2009.5366371645407	3.57855094706352e-06
2012.6282319909474	3.6039172729015936e-06
2015.7198268173543	3.629206122607864e-06
2018.8114216437614	3.654420273303392e-06
2021.9030164701685	3.679562448152323e-06
2024.9946112965756	3.704635318804393e-06
2028.0862061229823	3.7296415065051423e-06
2031.1778009493894	3.754583581429794e-06
2034.2693957757965	3.779464065347785e-06
2037.3609906022034	3.804285432288908e-06
2040.45258542861	3.829050108765347e-06
2043.5441802550172	3.853760475103967e-06
2046.6357750814243	3.878418867000603e-06
2049.727369907831	3.903027575075999e-06
2052.8189647342383	3.927588847318279e-06
2055.910559560645	3.952104888194781e-06
2059.002154387052	3.976577861094552e-06
2062.0937492134594	4.001009888550384e-06
2065.1853440398663	4.025403052238826e-06
2068.276938866273	4.049759395422667e-06
2071.36853369268	4.074080922062772e-06
2074.460128519087	4.098369599038512e-06
2077.551723345494	4.122627355481646e-06
2080.643318171901	4.146856084774722e-06
2083.734912998308	4.171057644329025e-06
2086.826507824715	4.195233856916851e-06
2089.9181026511224	4.219386511115603e-06
2093.0096974775292	4.243517361973917e-06
2096.101292303936	4.2676281314557555e-06
2099.192887130343	4.291720509328591e-06
2102.28448195675	4.315796154273622e-06
2105.3760767831573	4.339856693441694e-06
2108.4676716095637	4.36390372422965e-06
2111.559266435971	4.387938813614199e-06
2114.650861262378	4.411963499706236e-06
2117.742456088785	4.435979292639007e-06
2120.834050915192	4.459987673457903e-06
2123.9256457415986	4.4839900965629375e-06
2127.017240568006	4.507987989264672e-06
2130.108835394413	4.531982752228288e-06
2133.20043022082	4.555975760583833e-06
2136.2920250472266	4.579968363926196e-06
2139.383619873634	4.6039618872033106e-06
2142.475214700041	4.627957630494093e-06
2145.5668095264477	4.651956870784811e-06
2148.658404352855	4.675960860858857e-06
2151.7499991792615	4.699970831295141e-06
2154.841594005669	4.7239879898019805e-06
2157.9331888320758	4.748013521883207e-06
2161.024783658483	4.772048591726371e-06
2164.1163784848895	4.796094342202719e-06
2167.207973311297	4.820151895755391e-06
2170.299568137704	4.844222353733273e-06
2173.3911629641107	4.868306798167366e-06
2176.4827577905176	4.892406291548734e-06
2179.5743526169244	4.9165218768285045e-06
2182.665947443332	4.940654578528101e-06
2185.7575422697387	4.96480540229514e-06
2188.849137096146	4.988975336235709e-06
2191.9407319225525	5.013165350470275e-06
2195.0323267489593	5.037376397577776e-06
2198.1239215753667	5.061609413927882e-06
2201.2155164017736	5.085865318126693e-06
2204.3071112281805	5.110145013459217e-06
2207.3987060545874	5.13444938633508e-06
2210.4903008809947	5.158779307842805e-06
2213.581895707401	5.183135634193937e-06
2216.6734905338085	5.207519205612798e-06
2219.7650853602154	5.231930847890803e-06
2222.8566801866223	5.256371372608511e-06
2225.9482750130296	5.28084157669153e-06
2229.0398698394365	5.305342243520743e-06
2232.1314646658434	5.329874142710262e-06
2235.2230594922503	5.3544380301074335e-06
2238.3146543186576	5.3790346491250935e-06
2241.4062491450645	5.403664729853407e-06
2244.497843971471	5.428328989725985e-06
2247.5894387978783	5.453028134186036e-06
2250.681033624285	5.477762856242253e-06
2253.7726284506925	5.5025338371349765e-06
2256.8642232770994	5.527341746780258e-06
2259.9558181035063	5.5521872428816944e-06
2263.047412929913	5.57707097270679e-06
2266.13900775632	5.6019935724208075e-06
2269.2306025827274	5.626955667308828e-06
2272.322197409134	5.6519578719977815e-06
2275.413792235541	5.677000791122597e-06
2278.505387061948	5.70208501910414e-06
2281.596981888355	5.72721114014923e-06
2284.6885767147623	5.752379728916763e-06
2287.7801715411692	5.777591350739757e-06
2290.871766367576	5.802846561625362e-06
2293.963361193983	5.82814590781075e-06
2297.0549560203904	5.8534899273174564e-06
2300.146550846797	5.878879148841128e-06
2303.238145673204	5.9043140928617716e-06
2306.329740499611	5.929795270977596e-06
2309.421335326018	5.95532318679321e-06
2312.512930152425	5.980898335697573e-06
2315.6045249788317	6.006521205086028e-06
2318.696119805239	6.032192274582364e-06
2321.787714631646	6.057912016260847e-06
2324.8793094580533	6.083680894424184e-06
2327.9709042844597	6.109499366491691e-06
2331.062499110867	6.135367881889088e-06
2334.154093937274	6.161286883824835e-06
2337.245688763681	6.18725680817993e-06
2340.3372835900877	6.213278083729926e-06
2343.4288784164946	6.23935113347723e-06
2346.520473242902	6.265476373096771e-06
2349.6120680693084	6.291654212046226e-06
2352.703662895716	6.317885053788072e-06
2355.7952577221226	6.3441692953454855e-06
2358.88685254853	6.3705073279684876e-06
2361.978447374937	6.396899536911889e-06
2365.0700422013438	6.423346301213257e-06
2368.1616370277507	6.449847995025171e-06
2371.2532318541575	6.476404986505011e-06
2374.344826680565	6.503017638259034e-06
2377.4364215069713	6.529686307564433e-06
2380.528016333379	6.556411347035464e-06
2383.6196111597856	6.583193103291166e-06
2386.7112059861925	6.610031918287658e-06
2389.8028008126	6.636928129318108e-06
2392.8943956390067	6.663882068790713e-06
2395.9859904654136	6.690894063784588e-06
2399.0775852918205	6.717964437160007e-06
2402.169180118228	6.745093507558394e-06
2405.2607749446347	6.7722815885141525e-06
2408.3523697710416	6.79952898956487e-06
2411.4439645974485	6.826836016029296e-06
2414.5355594238554	6.854202968341201e-06
2417.6271542502627	6.881630143825718e-06
2420.7187490766696	6.909117835367101e-06
2423.8103439030765	6.936666331186656e-06
2426.9019387294834	6.964275916841165e-06
2429.9935335558907	6.991946873002416e-06
2433.0851283822976	7.019679477455626e-06
2436.176723208704	7.047474003767156e-06
2439.2683180351114	7.07533072217271e-06
2442.3599128615183	7.103249899355267e-06
2445.451507687925	7.131231798223047e-06
2448.5431025143325	7.159276679019747e-06
2451.6346973407394	7.187384798214293e-06
2454.7262921671463	7.2155564087229005e-06
2457.817886993553	7.243791761241341e-06
2460.9094818199605	7.272091102246536e-06
2464.001076646367	7.300454675772917e-06
2467.0926714727743	7.328882722968336e-06
2470.184266299181	7.357375481427931e-06
2473.275861125588	7.385933186748435e-06
2476.367455951995	7.414556070973876e-06
2479.4590507784023	7.443244363705783e-06
2482.550645604809	7.471998291881145e-06
2485.642240431216	7.500818079328345e-06
2488.7338352576235	7.529703947877345e-06
2491.8254300840304	7.55865611647154e-06
2494.9170249104372	7.587674801611819e-06
2498.008619736844	7.616760217578649e-06
2501.1002145632515	7.645912575543851e-06
2504.1918093896584	7.67513208512494e-06
2507.283404216065	7.704418953274895e-06
2510.374999042472	7.733773384726256e-06
2513.466593868879	7.763195581991112e-06
2516.558188695286	7.79268574513905e-06
2519.649783521693	7.82224407268537e-06
2522.7413783481	7.85187076070286e-06
2525.832973174507	7.881566002821824e-06
2528.924568000914	7.911329991784377e-06
2532.016162827321	7.941162917001993e-06
2535.1077576537277	7.971064966997941e-06
2538.1993524801355	8.001036327853012e-06
2541.2909473065415	8.031077183871626e-06
2544.3825421329493	8.061187717803912e-06
2547.474136959356	8.091368110623625e-06
2550.5657317857626	8.121618540862038e-06
2553.65732661217	8.15193918638429e-06
2556.748921438577	8.182330222390975e-06
2559.840516264984	8.212791823194522e-06
2562.9321110913907	8.243324161108946e-06
2566.023705917798	8.273927406893963e-06
2569.115300744205	8.304601729754969e-06
2572.206895570612	8.335347297565082e-06
2575.2984903970187	8.366164276421089e-06
2578.3900852234256	8.397052831309534e-06
2581.481680049833	8.428013125440606e-06
2584.5732748762393	8.459045320914271e-06
2587.6648697026467	8.490149578276197e-06
2590.7564645290536	8.521326056739768e-06
2593.848059355461	8.552574913964056e-06
2596.9396541818674	8.583896306942009e-06
2600.0312490082747	8.615290390890216e-06
2603.1228438346816	8.646757319915034e-06
2606.214438661088	8.678297247012603e-06
2609.3060334874954	8.709910323624758e-06
2612.3976283139027	8.741596700305148e-06
2615.48922314031	8.77335652671924e-06
2618.580817966716	8.805189950756143e-06
2621.672412793124	8.837097119638849e-06
2624.7640076195307	8.869078179702154e-06
2627.8556024459376	8.901133275726548e-06
2630.9471972723445	8.933262551382298e-06
2634.0387920987514	8.965466150117626e-06
2637.1303869251587	8.997744213604402e-06
2640.221981751565	9.030096882848344e-06
2643.3135765779725	9.062524297967022e-06
2646.4051714043794	9.095026597745716e-06
2649.4967662307868	9.127603920303573e-06
2652.588361057193	9.16025640331565e-06
2655.6799558836	9.192984182680666e-06
2658.7715507100074	9.225787394075279e-06
2661.8631455364143	9.25866617206592e-06
2664.954740362821	9.291620650552895e-06
2668.046335189228	9.324650962326294e-06
2671.1379300156354	9.357757239510051e-06
2674.229524842042	9.390939613784028e-06
2677.321119668449	9.424198215495825e-06
2680.4127144948566	9.457533174548936e-06
2683.5043093212635	9.490944620180729e-06
2686.5959041476704	9.524432680740387e-06
2689.6874989740772	9.557997483910974e-06
2692.7790938004846	9.591639156487365e-06
2695.8706886268915	9.625357824820347e-06
2698.9622834532984	9.65915361481661e-06
2702.0538782797053	9.693026651050597e-06
2705.145473106112	9.726977058096733e-06
2708.237067932519	9.761004959641266e-06
2711.328662758926	9.795110478704327e-06
2714.4202575853333	9.829293737639892e-06
2717.51185241174	9.863554858579903e-06
2720.603447238147	9.897893962546067e-06
2723.695042064554	9.932311170560118e-06
2726.786636890961	9.966806602311497e-06
2729.878231717368	1.0001380377933745e-05
2732.9698265437746	1.0036032616228125e-05
2736.061421370182	1.007076343555183e-05
2739.1530161965893	1.0105572954484081e-05
2742.2446110229957	1.0140461290049787e-05
2745.3362058494026	1.0175428559273877e-05
2748.42780067581	1.0210474878959209e-05
2751.5193955022173	1.0245600365242518e-05
2754.6109903286238	1.0280805133372361e-05
2757.702585155031	1.0316089298597307e-05
2760.794179981438	1.0351452975721812e-05
2763.8857748078453	1.0386896278884217e-05
2766.9773696342518	1.042241932177876e-05
2770.068964460659	1.0458022218099692e-05
2773.160559287066	1.0493705080431035e-05
2776.2521541134724	1.0529468021800896e-05
2779.34374893988	1.0565311153905125e-05
2782.4353437662867	1.0601234588883652e-05
2785.526938592694	1.0637238437766186e-05
2788.6185334191005	1.0673322812026522e-05
2791.710128245508	1.0709487822028246e-05
2794.8017230719147	1.0745733577912882e-05
2797.8933178983216	1.0782060189821968e-05
2800.9849127247285	1.0818467767452931e-05
2804.0765075511354	1.08549564198371e-05
2807.168102377543	1.0891526255783728e-05
2810.259697203949	1.0928177384324119e-05
2813.351292030357	1.0964909913157325e-05
2816.442886856764	1.1001723950648519e-05
2819.5344816831707	1.1038619604274692e-05
2822.6260765095776	1.1075596981512835e-05
2825.7176713359845	1.1112656189395866e-05
2828.809266162392	1.1149797334290555e-05
2831.9008609887987	1.1187020523229812e-05
2834.9924558152056	1.1224325861914264e-05
2838.0840506416125	1.1261713456710697e-05
2841.17564546802	1.1299183412875662e-05
2844.2672402944263	1.1336735836109783e-05
2847.358835120833	1.137437083122554e-05
2850.4504299472405	1.1412088503479475e-05
2853.5420247736474	1.1449888957239961e-05
2856.6336196000543	1.1487772296875363e-05
2859.725214426461	1.1525738626754062e-05
2862.8168092528686	1.1563788050578292e-05
2865.908404079276	1.1601920672272338e-05
2868.9999989056823	1.1640136595094343e-05
2872.091593732089	1.1678435922524505e-05
2875.1831885584966	1.171681875715484e-05
2878.274783384903	1.1755285202243493e-05
2881.3663782113103	1.1793835360382488e-05
2884.4579730377177	1.183246933371974e-05
2887.5495678641246	1.1871187224625225e-05
2890.6411626905315	1.1909989135246865e-05
2893.7327575169384	1.19488751672885e-05
2896.8243523433453	1.1987845422231925e-05
2899.9159471697526	1.2026900002003014e-05
2903.007541996159	1.2066039007417426e-05
2906.0991368225664	1.2105262539734915e-05
2909.1907316489733	1.2144570699771133e-05
2912.28232647538	1.218396358856378e-05
2915.373921301787	1.2223441306706486e-05
2918.465516128194	1.2263003954348758e-05
2921.5571109546013	1.2302651631862175e-05
2924.6487057810077	1.2342384439618294e-05
2927.740300607415	1.2382202477322565e-05
2930.831895433822	1.242210584490246e-05
2933.9234902602298	1.2462094641841375e-05
2937.0150850866357	1.2502168968066775e-05
2940.106679913043	1.2542328922617983e-05
2943.1982747394504	1.258257460475633e-05
2946.2898695658564	1.262290611374316e-05
2949.381464392264	1.2663323548617788e-05
2952.473059218671	1.2703827007975419e-05
2955.5646540450784	1.2744416590633311e-05
2958.656248871485	1.2785092395408709e-05
2961.747843697892	1.2825854520452755e-05
2964.839438524299	1.2866703064138612e-05
2967.931033350706	1.2907638125061483e-05
2971.022628177113	1.2948659800928402e-05
2974.11422300352	1.29897681898905e-05
2977.205817829927	1.3030963389876858e-05
2980.2974126563336	1.307224549881654e-05
2983.389007482741	1.3113614614194553e-05
2986.480602309148	1.3155070833495877e-05
2989.5721971355547	1.3196614254205497e-05
2992.6637919619616	1.3238244974030447e-05
2995.7553867883685	1.3279963089789594e-05
2998.846981614776	1.3321768699189966e-05
3001.9385764411822	1.3363661898606319e-05
3005.0301712675896	1.3405642785745706e-05
3008.121766093997	1.3447711456982881e-05
3011.213360920404	1.3489868009358745e-05
3014.3049557468103	1.3532112539692148e-05
3017.3965505732176	1.3574445144357868e-05
3020.488145399625	1.3616865919952712e-05
3023.579740226032	1.365937496307349e-05
3026.6713350524387	1.3701972369872915e-05
3029.7629298788456	1.3744658236947812e-05
3032.854524705253	1.3787432660450895e-05
3035.9461195316594	1.383029573653488e-05
3039.0377143580663	1.387324756113046e-05
3042.1293091844736	1.3916288230390346e-05
3045.2209040108805	1.3959417840245219e-05
3048.3124988372874	1.4002636486403698e-05
3051.4040936636943	1.4045944264796481e-05
3054.4956884901017	1.4089341271132188e-05
3057.5872833165085	1.4132827601119455e-05
3060.6788781429154	1.4176403350244861e-05
3063.7704729693223	1.4220068613995009e-05
3066.862067795729	1.4263823488078524e-05
3069.953662622136	1.4307668067759942e-05
3073.045257448543	1.435160244830382e-05
3076.136852274951	1.4395626725196737e-05
3079.2284471013577	1.4439740993481196e-05
3082.3200419277646	1.4483945348421733e-05
3085.4116367541715	1.45282398852829e-05
3088.5032315805784	1.4572624698663101e-05
3091.5948264069857	1.4617099884048927e-05
3094.686421233392	1.4661665536260823e-05
