0.0	0.00045136398012016784
0.0979428567843734	0.00045136398017770136
0.1958857135687468	0.00028507493929225104
0.29382857035312016	0.0009159773938686743
0.3917714271374936	0.001961446251774886
0.489714283921867	0.003406578342411381
0.5876571407062404	0.005247066518036338
0.6855999974906137	0.0074794544435076715
0.7835428542749872	0.010100015665582265
0.8814857110593605	0.01310453225980643
0.9794285678437338	0.016488242331952216
1.077371424628107	0.02024583248730901
1.1753142814124804	0.024371445876104035
1.2732571381968536	0.028858697065464498
1.3711999949812272	0.03370069063780596
1.4691428517656007	0.038890042233582556
1.5670857085499743	0.04441890141701098
1.6650285653343475	0.05027897600695005
1.7629714221187212	0.05646155762818344
1.8609142789030946	0.06295754828976823
1.958857135687468	0.06975748782176501
2.0567999924718414	0.07685158201427157
2.154742849256215	0.0842297313098288
2.2526857060405883	0.09188155990505265
2.350628562824962	0.09979644512128005
2.448571419609335	0.1079635469078554
2.5465142763937085	0.1163718373458006
2.644457133178082	0.12501013002418646
2.742399989962456	0.1338671091666232
2.8403428467468292	0.1429313583909269
2.938285703531202	0.1521913889911684
3.0362285603155756	0.16163566763792717
3.1341714170999495	0.17125264339959778
3.232114273884323	0.18103077399496212
3.3300571306686964	0.19095855119488012
3.4279999874530698	0.20102452529879417
3.525942844237443	0.21121732861971532
3.623885701021817	0.22152569791939677
3.7218285578061905	0.23193849574343375
3.819771414590564	0.24244473061399627
3.9177142713749373	0.25303357604574495
4.015657128159311	0.2636943883581433
4.113599984943685	0.2744167232648151
4.211542841728058	0.28519035122775765
4.309485698512431	0.2960052715710726
4.407428555296804	0.30685172535537825
4.505371412081177	0.31772020702019993
4.603314268865551	0.32860147480736546
4.701257125649925	0.33948655998375243
4.799199982434298	0.3503667748866218
4.897142839218671	0.3612337198192268
4.995085696003044	0.3720792888283987
5.093028552787418	0.38289567439938427
5.190971409571792	0.39367537110634765
5.288914266356165	0.40441117825965933
5.386857123140539	0.41509620159338667
5.4847999799249125	0.4257238540382908
5.5827428367092855	0.4362878556271345
5.680685693493659	0.4467822325802368
5.778628550278032	0.4572013156199917
5.876571407062406	0.4675397375635181
5.97451426384678	0.47779243024275175
6.072457120631153	0.48795462080114954
6.170399977415527	0.4980218274157692
6.2683428341999	0.5079898544928482
6.366285690984273	0.5178547873841441
6.464228547768647	0.5276129866702489
6.56217140455302	0.5372610820558644
6.660114261337394	0.5467959659206583
6.7580571181217675	0.5562147865678171
6.85599997490614	0.565514941210809
6.953942831690514	0.5746940687371698
7.051885688474887	0.5837500422863617
7.149828545259261	0.5926809616769343
7.247771402043635	0.6014851457163558
7.345714258828008	0.6101611244250067
7.443657115612382	0.6187076312039317
7.541599972396755	0.6271235949740613
7.639542829181128	0.6354081323127367
7.737485685965503	0.643560539611521
7.835428542749875	0.651580285277462
7.933371399534249	0.6594670019981905
8.031314256318622	0.667220479089508
8.129257113102996	0.6748406549424374
8.22719996988737	0.682327609585089
8.325142826671744	0.6896815573731336
8.423085683456115	0.6969028398211805
8.52102854024049	0.7039919185859265
8.618971397024863	0.7109493686105889
8.716914253809238	0.7177758714388405
8.81485711059361	0.7244722087052504
8.912799967377984	0.7310392558080862
9.010742824162357	0.7374779757692549
9.10868568094673	0.743789413285156
9.206628537731104	0.7499746889712772
9.304571394515477	0.7560349938024954
9.402514251299852	0.7619715837502383
9.500457108084223	0.7677857746169165
9.598399964868598	0.7734789370673588
9.696342821652971	0.7790524918563569
9.794285678437346	0.7845079052508616
9.892228535221719	0.7898466846448589
9.990171392006092	0.7950703743644968
10.088114248790465	0.800180551660617
10.18605710557484	0.805178822885485
10.283999962359212	0.8100668198501879
10.381942819143587	0.8148461963588882
10.479885675927958	0.8195186249158819
10.577828532712331	0.8240857936012
10.675771389496706	0.8285494031103234
10.773714246281079	0.8329111639534362
10.871657103065454	0.8371727938095336
10.969599959849825	0.8413360150306118
11.0675428166342	0.8454025522911086
11.165485673418573	0.8493741303777219
11.263428530202948	0.8532524721147179
11.36137138698732	0.8570392964198399
11.459314243771693	0.8607363164859456
11.557257100556066	0.8643452380835348
11.655199957340441	0.8678677579793744
11.753142814124814	0.8713055624664879
11.851085670909189	0.8746603260008435
11.94902852769356	0.8779337099401561
12.046971384477935	0.8811273613803049
12.144914241262308	0.8842429120849625
12.24285709804668	0.8872819775041313
12.340799954831056	0.8902461558773903
12.438742811615429	0.8931370274177638
12.536685668399802	0.8959561535722376
12.634628525184175	0.8987050763550644
12.73257138196855	0.9013853177501172
12.830514238752922	0.903998379178671
12.928457095537297	0.9065457410291096
13.026399952321668	0.9090288622451803
13.124342809106043	0.9114491799695339
13.222285665890416	0.9138081092394102
13.32022852267479	0.9161070427314492
13.418171379459164	0.9183473505527203
13.516114236243537	0.9205303800751856
13.61405709302791	0.922657455810919
13.711999949812283	0.9247298793255206
13.809942806596657	0.9267489291872748
13.90788566338103	0.9287158609497027
14.005828520165403	0.930631907165273
14.103771376949776	0.9324982774281279
14.201714233734151	0.934316158443787
14.299657090518524	0.936086714123886
14.397599947302899	0.9378110857040978
14.49554280408727	0.9394903918834798
14.593485660871645	0.9411257289835744
14.691428517656018	0.9427181711256747
14.789371374440393	0.944268770424752
14.887314231224765	0.945778557198617
14.985257088009138	0.947248540190965
15.083199944793513	0.9486797068070263
15.181142801577884	0.9500730233606147
15.27908565836226	0.9514294353314342
15.377028515146634	0.9527498676315668
15.474971371931005	0.9540352248801287
15.572914228715378	0.9552863916851398
15.670857085499753	0.9565042329317079
15.768799942284128	0.9576895940756848
15.866742799068499	0.9588433014420011
15.964685655852874	0.9599661625269386
16.062628512637247	0.961058966303642
16.16057136942162	0.9621224835302223
16.258514226205993	0.9631574670598418
16.356457082990367	0.9641646521522134
16.454399939774742	0.9651447567859862
16.552342796559117	0.9660984819715258
16.650285653343488	0.96702651206363
16.748228510127863	0.9679295150737585
16.846171366912234	0.9688081429813818
16.94411422369661	0.9696630320440878
17.04205708048098	0.9704948031061089
17.139999937265355	0.9713040619049648
17.23794279404973	0.9720913993759338
17.3358856508341	0.9728573919540965
17.433828507618475	0.9736026018737124
17.53177136440285	0.9743275774647151
17.629714221187225	0.9750328534461294
17.727657077971596	0.9757189512162333
17.825599934755967	0.9763863791393047
17.923542791540342	0.9770356328288111
18.021485648324717	0.977667195426914
18.119428505109088	0.9782815378801749
18.217371361893463	0.9788791192113651
18.315314218677837	0.9794603867872919
18.413257075462212	0.9800257765825684
18.511199932246583	0.9805757134392625
18.609142789030958	0.9811106113223741
18.707085645815333	0.9816308735710967
18.805028502599704	0.9821368931458317
18.902971359384075	0.9826290528709288
19.00091421616845	0.9831077256731364
19.098857072952825	0.9835732748157523
19.196799929737196	0.9840260541284719
19.29474278652157	0.984466408232937
19.392685643305946	0.9848946727639956
19.49062850009032	0.9853111745866858
19.58857135687469	0.9857162320089653
19.686514213659063	0.9861101549902086
19.784457070443434	0.9864932453455028
19.882399927227805	0.9868657969457719
19.980342784012176	0.9872280959137673
20.078285640796544	0.9875804208159608
20.176228497580915	0.9879230428503852
20.274171354365286	0.9882562260304641
20.372114211149658	0.9885802273648785
20.47005706793403	0.9888952970335191
20.5679999247184	0.9892016785595751
20.665942781502775	0.9894996089778113
20.763885638287146	0.9897893189990872
20.861828495071517	0.9900710331711733
20.95977135185589	0.990344970035921
21.05771420864026	0.9906113422828422
21.15565706542463	0.9908703568991565
21.253599922209002	0.9911222153163657
21.351542778993373	0.9913671135534123
21.449485635777744	0.9916052423564828
21.547428492562116	0.9918367873355145
21.645371349346487	0.9920619290974657
21.743314206130858	0.9922808433764091
21.84125706291523	0.9924937011605074
21.9391999196996	0.9927006688159314
22.03714277648397	0.9929019082077791
22.135085633268343	0.9930975768180554
22.233028490052714	0.9932878278607711
22.330971346837085	0.9934728103942185
22.428914203621456	0.9936526694304835
22.526857060405828	0.9938275460422487
22.6247999171902	0.9939975774669472
22.72274277397457	0.9941628972083212
22.82068563075894	0.9943236351354421
22.918628487543312	0.9944799175792463
23.016571344327684	0.9946318674266418
23.114514201112055	0.9947796042122385
23.21245705789643	0.9949232442077555
23.3103999146808	0.9950629005091564
23.408342771465172	0.9951986831215657
23.506285628249543	0.9953306990420153
23.604228485033914	0.9954590523400716
23.702171341818286	0.995583844236391
23.800114198602657	0.9957051731792544
23.898057055387024	0.9958231349191247
23.995999912171396	0.9959378225812762
24.093942768955767	0.9960493267365409
24.191885625740138	0.9961577354702157
24.28982848252451	0.9962631344491756
24.38777133930888	0.996365606987235
24.485714196093255	0.9964652341088005
24.583657052877626	0.9965620946108558
24.681599909661998	0.9966562651233192
24.77954276644637	0.9967478201678148
24.87748562323074	0.9968368322148953
24.97542848001511	0.9969233717397544
25.073371336799482	0.9970075072764675
25.171314193583854	0.9970893054707961
25.269257050368225	0.9971688311315925
25.367199907152596	0.9972461472808395
25.465142763936967	0.9973213152023596
25.56308562072134	0.9973943944892268
25.661028477505713	0.9974654430899154
25.75897133429008	0.9975345173532149
25.856914191074452	0.9976016720719457
25.954857047858823	0.9976669605255044
26.052799904643194	0.9977304345212683
26.150742761427566	0.9977921444348897
26.248685618211937	0.9978521392495078
26.346628474996308	0.9979104665939061
26.44457133178068	0.9979671727796431
26.54251418856505	0.9980223028371815
26.64045704534942	0.9980759005510447
26.738399902133793	0.9981280084940221
26.836342758918164	0.9981786680604517
26.93428561570254	0.9982279194986019
27.03222847248691	0.9982758019421761
27.13017132927128	0.9983223534409648
27.228114186055652	0.9983676109906655
27.326057042840024	0.9984116105618941
27.423999899624395	0.9984543871284078
27.521942756408766	0.9984959746945612
27.619885613193137	0.9985364063220151
27.717828469977505	0.9985757141557191
27.815771326761876	0.9986139294491856
27.913714183546247	0.9986510825890754
28.01165704033062	0.9986872031191126
28.10959989711499	0.9987223197633467
28.207542753899364	0.9987564604487795
28.305485610683736	0.9987896523273738
28.403428467468107	0.9988219217974602
28.501371324252478	0.9988532945245582
28.59931418103685	0.9988837954616275
28.69725703782122	0.9989134488687651
28.79519989460559	0.9989422783323616
28.893142751389963	0.9989703067837336
28.991085608174334	0.998997556517244
29.089028464958705	0.999024049207926
29.186971321743076	0.9990498059286225
29.284914178527448	0.999074847166655
29.38285703531182	0.9990991928400347
29.480799892096194	0.9991228623132278
29.57874274888056	0.9991458744124871
29.676685605664932	0.9991682474407625
29.774628462449304	0.9991899991921996
29.87257131923367	0.9992111469662414
29.970514176018046	0.9992317075813392
30.06845703280242	0.9992516973882877
30.16639988958679	0.9992711322831913
30.264342746371163	0.9992900277200738
30.36228560315553	0.9993083987231395
30.460228459939906	0.9993262598986967
30.558171316724273	0.999343625446752
30.656114173508648	0.9993605091722844
30.754057030293016	0.9993769244962077
30.85199988707739	0.9993928844660316
30.949942743861758	0.9994084017662263
31.047885600646133	0.999423488728302
31.1458284574305	0.9994381573406096
31.243771314214875	0.9994524192578699
31.341714170999246	0.9994662858104398
31.439657027783618	0.9994797680133221
31.53759988456799	0.9994928765749252
31.635542741352356	0.9995056219055823
31.73348559813673	0.9995180141258323
31.8314284549211	0.9995300630744736
31.929371311705474	0.9995417783163933
32.027314168489845	0.999553169150181
32.125257025274216	0.9995642446155301
32.22319988205859	0.9995750135004353
32.32114273884296	0.9995854843481903
32.41908559562733	0.9995956654641909
32.5170284524117	0.9996055649225504
32.61497130919607	0.9996151905725311
32.71291416598044	0.9996245500447977
32.810857022764814	0.9996336507574964
32.908799879549186	0.9996424999221672
33.00674273633356	0.9996511045494901
33.10468559311793	0.9996594714548731
33.2026284499023	0.9996676072638847
33.30057130668667	0.999675518417536
33.39851416347104	0.9996832111774155
33.49645702025541	0.999690691630682
33.594399877039784	0.9996979656949185
33.692342733824155	0.9997050391228515
33.790285590608526	0.9997119175069389
33.888228447392905	0.9997186062838309
33.98617130417727	0.9997251107387068
34.08411416096165	0.9997314360094912
34.18205701774601	0.9997375870909531
34.27999987453038	0.9997435688386912
34.377942731314754	0.9997493859730084
34.475885588099125	0.9997550430826787
34.573828444883496	0.9997605446286089
34.67177130166787	0.9997658949473992
34.76971415845224	0.9997710982548047
34.86765701523661	0.9997761586490999
34.96559987202098	0.9997810801143506
35.06354272880535	0.9997858665235946
35.16148558558973	0.9997905216419332
35.259428442374094	0.9997950491295376
35.35737129915847	0.9997994525445718
35.45531415594284	0.9998037353460328
35.553257012727215	0.9998079008965136
35.65119986951158	0.9998119524648879
35.74914272629596	0.9998158932289211
35.84708558308032	0.9998197262778079
35.9450284398647	0.9998234546146401
36.042971296649064	0.9998270811588046
36.14091415343344	0.9998306087483158
36.23885701021781	0.9998340401420823
36.33679986700218	0.9998373780221113
36.434742723786556	0.9998406249956504
36.53268558057092	0.9998437835972712
36.6306284373553	0.9998468562908939
36.72857129413966	0.9998498454717558
36.82651415092404	0.9998527534683256
36.924457007708405	0.9998555825441631
37.02239986449278	0.9998583348997285
37.12034272127715	0.9998610126741406
37.218285578061526	0.9998636179468859
37.31622843484589	0.9998661527394808
37.41417129163027	0.9998686190170863
37.51211414841463	0.9998710186900797
37.61005700519901	0.9998733536155802
37.70799986198338	0.9998756255989338
37.80594271876775	0.9998778363951561
37.903885575552124	0.999879987710335
38.001828432336495	0.9998820812029942
38.099771289120866	0.9998841184854188
38.19771414590523	0.9998861011249446
38.29565700268961	0.9998880306452101
38.39359985947397	0.9998899085273754
38.49154271625835	0.9998917362113051
38.589485573042715	0.9998935150967203
38.687428429827094	0.9998952465443169
38.78537128661146	0.9998969318768538
38.883314143395836	0.9998985723802101
38.98125700018021	0.9999001693044132
39.07919985696458	0.9999017238646383
39.17714271374895	0.9999032372421797
39.27508557053333	0.9999047105853954
39.37302842731769	0.9999061450106252
39.47097128410207	0.9999075416030833
39.568914140886434	0.9999089014177256
39.66685699767081	0.9999102254800939
39.764799854455184	0.9999115147871354
39.86274271123955	0.9999127703079997
39.960685568023926	0.9999139929848144
40.05862842480829	0.9999151837334378
40.15657128159267	0.9999163434441913
40.25451413837703	0.9999174729825718
40.35245699516141	0.9999185731899433
40.450399851945775	0.9999196448842097
40.548342708730154	0.9999206888604694
40.64628556551452	0.9999217058916503
40.744228422298896	0.9999226967291286
40.84217127908326	0.9999236621033294
40.94011413586764	0.9999246027243106
41.03805699265201	0.9999255192823312
41.13599984943638	0.9999264124484029
41.23394270622075	0.9999272828748267
41.33188556300512	0.9999281311957151
41.429828419789494	0.9999289580274988
41.527771276573866	0.9999297639694196
41.62571413335824	0.9999305496040097
41.72365699014261	0.9999313154975582
41.82159984692698	0.999932062200563
41.91954270371134	0.9999327902481716
42.01748556049572	0.9999335001606093
42.115428417280086	0.999934192443595
42.213371274064464	0.9999348675887456
42.311314130848835	0.9999355260739693
42.409256987633206	0.9999361683638478
42.50719984441758	0.9999367949100081
42.60514270120195	0.9999374061514834
42.70308555798632	0.9999380025150645
42.80102841477069	0.9999385844156408
42.89897127155506	0.9999391522565325
42.996914128339434	0.9999397064298133
43.094856985123805	0.9999402473166235
43.192799841908176	0.999940775287475
43.29074269869255	0.9999412907025483
43.38868555547692	0.9999417939119797
43.48662841226129	0.9999422852561417
43.58457126904566	0.9999427650659154
43.68251412583003	0.9999432336629551
43.7804569826144	0.9999436913599454
43.878399839398774	0.9999441384608516
43.976342696183146	0.9999445752611624
44.07428555296752	0.9999450020481269
44.17222840975189	0.9999454191009837
44.27017126653626	0.9999458266911847
44.36811412332063	0.9999462250826122
44.466056980105	0.9999466145317897
44.56399983688937	0.9999469952880872
44.661942693673744	0.9999473675939209
44.759885550458115	0.9999477316849469
44.85782840724249	0.9999480877902498
44.95577126402686	0.9999484361325258
45.053714120811236	0.999948776928261
45.1516569775956	0.9999491103879046
45.24959983437998	0.999949436716037
45.34754269116434	0.9999497561115336
45.44548554794872	0.999950068767724
45.543428404733085	0.9999503748725465
45.641371261517456	0.9999506746086985
45.73931411830183	0.9999509681537825
45.8372569750862	0.9999512556804485
45.93519983187057	0.9999515373565317
46.03314268865494	0.9999518133451871
46.13108554543932	0.9999520838050198
46.22902840222368	0.9999523488902119
46.32697125900806	0.9999526087506461
46.424914115792426	0.9999528635320251
46.522856972576804	0.9999531133759886
46.62079982936117	0.9999533584202264
46.718742686145546	0.9999535987985887
46.81668554292991	0.9999538346411929
46.91462839971429	0.999954066074528
47.01257125649865	0.9999542932215555
47.11051411328303	0.9999545162018081
47.208456970067395	0.9999547351314848
47.306399826851774	0.9999549501235445
47.404342683636145	0.9999551612877959
47.50228554042051	0.9999553687309856
47.60022839720489	0.9999555725568832
47.69817125398925	0.9999557728663645
47.79611411077363	0.9999559697574925
47.894056967557994	0.999956163325595
47.99199982434237	0.9999563536633419
48.089942681126736	0.9999565408608186
48.187885537911114	0.9999567250055984
48.28582839469548	0.9999569061828122
48.38377125147986	0.9999570844752171
48.48171410826422	0.9999572599632623
48.5796569650486	0.9999574327251536
48.67759982183297	0.9999576028369157
48.77554267861734	0.9999577703724534
48.87348553540171	0.9999579354036102
48.971428392186084	0.9999580980002265
49.069371248970455	0.9999582582301948
49.167314105754826	0.9999584161595143
49.2652569625392	0.9999585718523438
49.36319981932357	0.9999587253710528
49.46114267610794	0.9999588767762715
49.559085532892304	0.9999590261269393
49.65702838967668	0.9999591734803521
49.75497124646105	0.9999593188922078
49.852914103245425	0.9999594624166511
49.950856960029796	0.9999596041063168
50.04879981681417	0.9999597440123718
50.14674267359854	0.9999598821845561
50.24468553038291	0.9999600186712228
50.34262838716728	0.9999601535193762
50.44057124395165	0.9999602867747102
50.53851410073602	0.9999604184816441
50.636456957520394	0.9999605486833586
50.734399814304766	0.9999606774218303
50.83234267108914	0.999960804737865
50.93028552787351	0.9999609306711307
51.02822838465788	0.999961055260189
51.12617124144225	0.9999611785425263
51.22411409822662	0.9999613005545837
51.32205695501099	0.9999614213317857
51.419999811795364	0.9999615409085691
51.517942668579735	0.9999616593184106
51.61588552536411	0.999961776593853
51.71382838214848	0.9999618927665316
51.81177123893285	0.9999620078671995
51.90971409571722	0.9999621219257523
52.00765695250159	0.9999622349712519
52.10559980928596	0.9999623470319496
52.203542666070334	0.9999624581353089
52.301485522854705	0.9999625683080275
52.399428379639076	0.9999626775760585
52.497371236423454	0.9999627859646312
52.59531409320782	0.9999628934982714
52.6932569499922	0.9999630002008209
52.79119980677656	0.9999631060954566
52.88914266356094	0.9999632112047091
52.9870855203453	0.9999633155504808
53.085028377129674	0.9999634191540631
53.182971233914046	0.9999635220361537
53.28091409069842	0.9999636242168731
53.37885694748279	0.9999637257157807
53.47679980426716	0.9999638265518905
53.57474266105153	0.9999639267436863
53.6726855178359	0.9999640263091361
53.77062837462028	0.9999641252657071
53.868571231404644	0.9999642236303795
53.96651408818902	0.9999643214196597
54.06445694497339	0.9999644186495941
54.162399801757765	0.9999645153357811
54.26034265854213	0.9999646114933846
54.35828551532651	0.9999647071371452
54.45622837211087	0.999964802281393
54.55417122889525	0.9999648969400577
54.652114085679614	0.9999649911266814
54.75005694246399	0.9999650848544278
54.847999799248356	0.9999651781360939
54.945942656032734	0.9999652709841197
55.043885512817106	0.9999653634105983
55.14182836960147	0.9999654554272855
55.23977122638585	0.9999655470456096
55.33771408317021	0.9999656382766796
55.43565693995459	0.9999657291312952
55.533599796738955	0.9999658196199548
55.63154265352333	0.9999659097528638
55.7294855103077	0.9999659995399433
55.827428367092075	0.9999660889908375
55.92537122387644	0.9999661781149218
56.02331408066082	0.9999662669213101
56.12125693744519	0.999966355418862
56.21919979422956	0.9999664436161904
56.31714265101393	0.9999665315216676
56.4150855077983	0.9999666191434327
56.513028364582674	0.9999667064893976
56.610971221367045	0.9999667935672536
56.708914078151416	0.9999668803844777
56.80685693493579	0.9999669669483382
56.90479979172016	0.9999670532659009
57.00274264850452	0.9999671393440343
57.1006855052889	0.9999672251894154
57.198628362073265	0.9999673108085352
57.29657121885764	0.9999673962077035
57.394514075642014	0.9999674813930541
57.492456932426386	0.9999675663705501
57.59039978921076	0.9999676511459877
57.68834264599513	0.9999677357250021
57.7862855027795	0.9999678201130708
57.88422835956387	0.999967904315519
57.98217121634824	0.999967988337523
58.08011407313261	0.9999680721841151
58.178056929916984	0.999968155860187
58.275999786701355	0.9999682393704941
58.37394264348573	0.9999683227196591
58.4718855002701	0.999968405912176
58.56982835705447	0.9999684889524131
58.66777121383885	0.9999685718446173
58.76571407062321	0.9999686545929167
58.86365692740758	0.9999687372013246
58.961599784191954	0.9999688196737422
59.059542640976325	0.9999689020139618
59.157485497760696	0.9999689842256702
59.25542835454507	0.9999690663124511
59.35337121132944	0.9999691482777886
59.45131406811381	0.9999692301250693
59.54925692489818	0.9999693118575856
59.64719978168255	0.9999693934785381
59.74514263846692	0.9999694749910378
59.84308549525129	0.9999695563981094
59.94102835203567	0.9999696377026928
60.03897120882004	0.9999697189076462
60.13691406560441	0.9999698000157481
60.234856922388786	0.9999698810296994
60.33279977917316	0.9999699619521258
60.43074263595752	0.9999700427855797
60.52868549274189	0.9999701235325422
60.62662834952627	0.9999702041954255
60.724571206310635	0.9999702847765741
60.82251406309501	0.9999703652782677
60.92045691987938	0.9999704457027219
61.018399776663756	0.9999705260520907
61.11634263344812	0.9999706063284681
61.21428549023249	0.9999706865338897
61.31222834701687	0.9999707666703341
61.41017120380124	0.9999708467397251
61.508114060585605	0.9999709267439326
61.606056917369976	0.9999710066847745
61.703999774154354	0.9999710865640177
61.801942630938726	0.9999711663833801
61.89988548772309	0.9999712461445317
61.99782834450746	0.9999713258490958
62.09577120129184	0.9999714054986505
62.19371405807621	0.9999714850947299
62.291656914860575	0.9999715646388252
62.389599771644946	0.9999716441323863
62.487542628429324	0.9999717235768223
62.585485485213695	0.9999718029735032
62.68342834199806	0.9999718823237608
62.78137119878244	0.9999719616288897
62.87931405556681	0.9999720408901485
62.97725691235117	0.9999721201087606
63.075199769135544	0.9999721992859153
63.17314262591992	0.9999722784227687
63.271085482704294	0.9999723575204448
63.36902833948866	0.9999724365800361
63.46697119627303	0.9999725156026047
63.56491405305741	0.9999725945891831
63.66285690984178	0.9999726735407749
63.76079976662614	0.9999727524583558
63.85874262341053	0.9999728313428744
63.95668548019489	0.9999729101952526
64.05462833697926	0.9999729890163868
64.15257119376363	0.9999730678071482
64.250514050548	0.999973146568384
64.34845690733238	0.9999732253009175
64.44639976411675	0.9999733040055491
64.54434262090112	0.9999733826830569
64.64228547768549	0.9999734613341975
64.74022833446986	0.9999735399597061
64.83817119125423	0.9999736185602974
64.93611404803859	0.9999736971366665
65.03405690482298	0.9999737756894888
65.13199976160735	0.9999738542194209
65.22994261839172	0.9999739327271011
65.32788547517609	0.9999740112131501
65.42582833196046	0.9999740896781711
65.52377118874483	0.9999741681227505
65.6217140455292	0.9999742465474585
65.71965690231357	0.999974324952849
65.81759975909794	0.9999744033394609
65.91554261588232	0.9999744817078178
66.01348547266669	0.9999745600584289
66.11142832945106	0.999974638391789
66.20937118623543	0.9999747167083792
66.3073140430198	0.9999747950086673
66.40525689980417	0.9999748732931076
66.50319975658854	0.9999749515621424
66.60114261337291	0.9999750298162012
66.69908547015729	0.9999751080557017
66.79702832694166	0.9999751862810498
66.89497118372603	0.9999752644926401
66.9929140405104	0.9999753426908564
67.09085689729477	0.9999754208760717
67.18879975407914	0.9999754990486485
67.28674261086351	0.9999755772089393
67.38468546764788	0.9999756553572866
67.48262832443227	0.9999757334940237
67.58057118121663	0.9999758116194741
67.678514038001	0.9999758897339528
67.77645689478537	0.9999759678377657
67.87439975156975	0.9999760459312101
67.97234260835411	0.9999761240145755
68.07028546513848	0.9999762020881426
68.16822832192285	0.9999762801521849
68.26617117870722	0.9999763582069678
68.3641140354916	0.9999764362527498
68.46205689227597	0.9999765142897817
68.55999974906034	0.9999765923183077
68.65794260584471	0.9999766703385649
68.75588546262908	0.9999767483507838
68.85382831941345	0.9999768263551887
68.95177117619784	0.9999769043519975
69.0497140329822	0.999976982341422
69.14765688976657	0.9999770603236681
69.24559974655094	0.9999771382989361
69.34354260333532	0.9999772162674205
69.44148546011968	0.9999772942293106
69.53942831690405	0.9999773721847901
69.63737117368842	0.9999774501340379
69.73531403047281	0.9999775280772278
69.83325688725716	0.9999776060145288
69.93119974404154	0.999977683946105
70.02914260082592	0.9999777618721161
70.12708545761028	0.9999778397927173
70.22502831439465	0.9999779177080594
70.32297117117902	0.9999779956182893
70.4209140279634	0.9999780735235493
70.51885688474776	0.9999781514239781
70.61679974153213	0.9999782293197104
70.7147425983165	0.9999783072108772
70.81268545510089	0.9999783850976058
70.91062831188525	0.9999784629800201
71.00857116866962	0.9999785408582403
71.10651402545399	0.9999786187323834
71.20445688223838	0.999978696602563
71.30239973902273	0.9999787744688897
71.4003425958071	0.999978852331471
71.49828545259149	0.9999789301904113
71.59622830937586	0.9999790080458121
71.69417116616022	0.9999790858977722
71.79211402294459	0.9999791637463875
71.89005687972897	0.9999792415917513
71.98799973651334	0.9999793194339542
72.0859425932977	0.9999793972730845
72.18388545008207	0.9999794751092278
72.28182830686646	0.9999795529424673
72.37977116365082	0.9999796307728842
72.47771402043519	0.9999797086005571
72.57565687721957	0.9999797864255624
72.67359973400394	0.9999798642479747
72.7715425907883	0.9999799420678662
72.86948544757267	0.9999800198853073
72.96742830435706	0.9999800977003662
73.06537116114143	0.9999801755131095
73.16331401792579	0.9999802533236015
73.26125687471016	0.9999803311319052
73.35919973149454	0.9999804089380816
73.45714258827891	0.99998048674219
73.55508544506327	0.9999805645442881
73.65302830184764	0.999980642344432
73.75097115863203	0.999980720142676
73.8489140154164	0.9999807979390734
73.94685687220075	0.9999808757336754
74.04479972898514	0.9999809535265323
74.14274258576951	0.9999810313176926
74.24068544255387	0.9999811091072036
74.33862829933824	0.9999811868951115
74.43657115612262	0.9999812646814609
74.534514012907	0.9999813424662952
74.63245686969135	0.9999814202496567
74.73039972647572	0.9999814980315865
74.82834258326011	0.9999815758121245
74.92628544004448	0.9999816535913095
75.02422829682884	0.9999817313691792
75.12217115361322	0.9999818091457704
75.2201140103976	0.9999818869211187
75.31805686718197	0.9999819646952587
75.41599972396632	0.9999820424682241
75.51394258075071	0.9999821202400477
75.61188543753508	0.9999821980107614
75.70982829431945	0.999982275780396
75.80777115110381	0.9999823535489818
75.9057140078882	0.9999824313165478
76.00365686467256	0.9999825090831227
76.10159972145692	0.999982586848734
76.19954257824129	0.9999826646134086
76.29748543502568	0.9999827423771726
76.39542829181005	0.9999828201400514
76.4933711485944	0.9999828979020696
76.59131400537879	0.9999829756632514
76.68925686216316	0.99998305342362
76.78719971894753	0.9999831311831981
76.88514257573189	0.9999832089420079
76.98308543251628	0.9999832867000705
77.08102828930065	0.999983364457407
77.17897114608502	0.9999834422140376
77.27691400286938	0.9999835199699818
77.37485685965376	0.999983597725259
77.47279971643813	0.9999836754798878
77.5707425732225	0.999983753233886
77.66868543000687	0.9999838309872714
77.76662828679125	0.999983908740061
77.86457114357562	0.9999839864922716
77.96251400035999	0.9999840642439192
78.06045685714436	0.9999841419950195
78.15839971392873	0.9999842197455878
78.2563425707131	0.999984297495639
78.35428542749746	0.9999843752451874
78.45222828428184	0.999984452994247
78.55017114106622	0.9999845307428316
78.64811399785059	0.9999846084909543
78.74605685463494	0.999984686238628
78.84399971141933	0.9999847639858653
78.9419425682037	0.9999848417326784
79.03988542498807	0.9999849194790791
79.13782828177244	0.9999849972250788
79.23577113855681	0.9999850749706888
79.33371399534118	0.9999851527159198
79.43165685212556	0.9999852304607826
79.52959970890993	0.9999853082052873
79.6275425656943	0.999985385949444
79.72548542247867	0.9999854636932624
79.82342827926304	0.9999855414367518
79.92137113604741	0.9999856191799215
80.01931399283178	0.9999856969227804
80.11725684961615	0.9999857746653371
80.21519970640053	0.9999858524076002
80.3131425631849	0.9999859301495777
80.41108541996927	0.9999860078912777
80.50902827675364	0.9999860856327079
80.60697113353801	0.9999861633738757
80.70491399032238	0.9999862411147886
80.80285684710675	0.9999863188554537
80.90079970389112	0.9999863965958778
80.9987425606755	0.9999864743360678
81.09668541745987	0.99998655207603
81.19462827424424	0.9999866298157709
81.29257113102861	0.9999867075552967
81.39051398781298	0.9999867852946134
81.48845684459735	0.9999868630337266
81.58639970138172	0.9999869407726423
81.6843425581661	0.9999870185113658
81.78228541495046	0.9999870962499027
81.88022827173484	0.9999871739882579
81.97817112851921	0.9999872517264367
82.07611398530358	0.9999873294644438
82.17405684208795	0.9999874072022842
82.27199969887232	0.9999874849399625
82.36994255565669	0.9999875626774832
82.46788541244106	0.9999876404148508
82.56582826922543	0.9999877181520694
82.6637711260098	0.9999877958891433
82.76171398279419	0.9999878736260764
82.85965683957855	0.9999879513628728
82.95759969636292	0.9999880290995362
83.05554255314729	0.9999881068360704
83.15348540993168	0.999988184572479
83.25142826671603	0.9999882623087654
83.3493711235004	0.9999883400449331
83.44731398028478	0.9999884177809854
83.54525683706915	0.9999884955169255
83.64319969385352	0.9999885732527566
83.74114255063789	0.9999886509884817
83.83908540742227	0.9999887287241037
83.93702826420663	0.9999888064596256
84.034971120991	0.9999888841950502
84.13291397777537	0.9999889619303801
84.23085683455976	0.999989039665618
84.32879969134412	0.9999891174007666
84.42674254812849	0.9999891951358282
84.52468540491286	0.9999892728708053
84.62262826169724	0.9999893506057003
84.7205711184816	0.9999894283405155
84.81851397526597	0.9999895060752532
84.91645683205034	0.9999895838099154
85.01439968883473	0.9999896615445043
85.11234254561909	0.999989739279022
85.21028540240346	0.9999898170134705
85.30822825918784	0.9999898947478516
85.4061711159722	0.9999899724821674
85.50411397275657	0.9999900502164195
85.60205682954094	0.9999901279506099
85.69999968632533	0.9999902056847403
85.79794254310968	0.9999902834188122
85.89588539989406	0.9999903611528275
85.99382825667843	0.9999904388867875
86.09177111346281	0.999990516620694
86.18971397024717	0.9999905943545484
86.28765682703154	0.9999906720883522
86.38559968381593	0.9999907498221069
86.4835425406003	0.9999908275558137
86.58148539738465	0.9999909052894741
86.67942825416903	0.9999909830230893
86.77737111095341	0.9999910607566607
86.87531396773778	0.9999911384901894
86.97325682452214	0.9999912162236767
87.07119968130651	0.9999912939571237
87.1691425380909	0.9999913716905316
87.26708539487525	0.9999914494239016
87.36502825165962	0.9999915271572346
87.462971108444	0.9999916048905317
87.56091396522838	0.999991682623794
87.65885682201274	0.9999917603570224
87.75679967879711	0.999991838090218
87.8547425355815	0.9999919158233815
87.95268539236586	0.9999919935565141
88.05062824915022	0.9999920712896165
88.1485711059346	0.9999921490226896
88.24651396271898	0.9999922267557343
88.34445681950335	0.9999923044887513
88.4423996762877	0.9999923822217416
88.54034253307208	0.9999924599547058
88.63828538985646	0.9999925376876446
88.73622824664083	0.999992615420559
88.83417110342519	0.9999926931534494
88.93211396020958	0.9999927708863167
89.03005681699395	0.9999928486191615
89.12799967377832	0.9999929263519844
89.22594253056268	0.9999930040847862
89.32388538734706	0.9999930818175674
89.42182824413143	0.9999931595503286
89.51977110091579	0.9999932372830705
89.61771395770016	0.9999933150157937
89.71565681448455	0.9999933927484986
89.81359967126892	0.9999934704811858
89.91154252805327	0.9999935482138559
90.00948538483765	0.9999936259465093
90.10742824162203	0.9999937036791466
90.2053710984064	0.9999937814117683
90.30331395519076	0.9999938591443749
90.40125681197514	0.9999939368769667
90.49919966875952	0.9999940146095443
90.59714252554389	0.9999940923421081
90.69508538232824	0.9999941700746586
90.79302823911263	0.9999942478071963
90.890971095897	0.9999943255397213
90.98891395268137	0.9999944032722343
91.08685680946573	0.9999944810047355
91.18479966625011	0.9999945587372254
91.28274252303449	0.9999946364697044
91.38068537981884	0.9999947142021728
91.47862823660323	0.9999947919346309
91.5765710933876	0.9999948696670792
91.67451395017197	0.9999949473995179
91.77245680695633	0.9999950251319474
91.87039966374071	0.999995102864368
91.96834252052508	0.99999518059678
92.06628537730946	0.9999952583291839
92.16422823409381	0.9999953360615798
92.2621710908782	0.999995413793968
92.36011394766257	0.9999954915263488
92.45805680444694	0.9999955692587226
92.5559996612313	0.9999956469910896
92.65394251801568	0.99999572472345
92.75188537480005	0.9999958024558042
92.84982823158442	0.9999958801881524
92.9477710883688	0.999995957920495
93.04571394515317	0.9999960356528321
93.14365680193754	0.999996113385164
93.2415996587219	0.9999961911174909
93.33954251550628	0.9999962688498132
93.43748537229065	0.999996346582131
93.53542822907502	0.9999964243144445
93.63337108585938	0.9999965020467539
93.73131394264377	0.9999965797790596
93.82925679942814	0.9999966575113619
93.92719965621251	0.9999967352436608
94.02514251299688	0.9999968129759567
94.12308536978125	0.9999968907082496
94.22102822656562	0.9999969684405399
94.31897108335	0.9999970461728277
94.41691394013436	0.9999971239051133
94.51485679691874	0.9999972016373969
94.6127996537031	0.9999972793696786
94.71074251048748	0.9999973571019588
94.80868536727185	0.9999974348342375
94.90662822405622	0.999997512566515
95.00457108084059	0.9999975902987916
95.10251393762496	0.9999976680310674
95.20045679440933	0.9999977457633425
95.2983996511937	0.9999978234956174
95.39634250797808	0.999997901227892
95.49428536476245	0.9999979789601666
95.59222822154682	0.9999980566924416
95.69017107833119	0.9999981344247169
95.78811393511556	0.9999982121569928
95.88605679189993	0.9999982898892696
95.9839996486843	0.9999983676215475
96.08194250546867	0.9999984453538265
96.17988536225305	0.999998523086107
96.27782821903742	0.9999986008183892
96.37577107582179	0.9999986785506733
96.47371393260616	0.9999987562829594
96.57165678939053	0.9999988340152478
96.6695996461749	0.9999989117475387
96.76754250295927	0.9999989894798325
96.86548535974364	0.9999990672121291
96.96342821652802	0.9999991449444288
97.06137107331239	0.9999992226767319
97.15931393009676	0.9999993004090386
97.25725678688113	0.9999993781413492
97.3551996436655	0.9999994558736638
97.45314250044987	0.9999995336059827
97.55108535723424	0.9999996113383062
97.64902821401861	0.9999996890706344
97.74697107080299	0.9999997668029676
97.84491392758736	0.9999998445353062
97.94285678437173	0.9999999222676502
97.94285678437338	1.0
