0.0	0.0004645574954583024
0.0979428567843734	0.000464557495518538
0.1958857135687468	0.0002825336605059717
0.29382857035312016	0.0009106956610634728
0.3917714271374936	0.0019537136137649617
0.489714283921867	0.0033964850878929666
0.5876571407062404	0.005234686299402493
0.6855999974906137	0.007464860274890595
0.7835428542749872	0.010083282594102442
0.8814857110593605	0.013085737902700305
0.9794285678437338	0.016467466909218492
1.077371424628107	0.02022315869905235
1.1753142814124804	0.024346958721149604
1.2732571381968536	0.028832483633585596
1.3711999949812272	0.03367283988833435
1.4691428517656007	0.038860644766333295
1.5670857085499743	0.04438804923879082
1.6650285653343475	0.05024676229578136
1.7629714221187212	0.05642807649684625
1.8609142789030946	0.06292289454999184
1.958857135687468	0.06972175675024486
2.0567999924718414	0.07681486912158428
2.154742849256215	0.08419213211323945
2.2526857060405883	0.09184316970614038
2.350628562824962	0.09975735878924398
2.448571419609335	0.1079238586692991
2.5465142763937085	0.11633164058172969
2.644457133178082	0.1249695170748879
2.742399989962456	0.1338261711450288
2.8403428467468292	0.14289018500499523
2.938285703531202	0.15215006837575132
3.0362285603155756	0.16159428619651844
3.1341714170999495	0.17121128565629284
3.232114273884323	0.1809895224568904
3.3300571306686964	0.19091748622530547
3.4279999874530698	0.2009837250010137
3.525942844237443	0.21117686873182492
3.623885701021817	0.22148565171993145
3.7218285578061905	0.23189893396783354
3.819771414590564	0.24240572138179503
3.9177142713749373	0.2529951847983283
4.015657128159311	0.26365667780687474
4.113599984943685	0.2743797533492871
4.211542841728058	0.285154179083884
4.309485698512431	0.2959699515087032
4.407428555296804	0.30681730884508673
4.505371412081177	0.317686742688866
4.603314268865551	0.32856900844215114
4.701257125649925	0.3394551345440512
4.799199982434298	0.3503364305235435
4.897142839218671	0.3612044939021697
4.995085696003044	0.3720512159782501
5.093028552787418	0.3828687865278863
5.190971409571792	0.39364969746116235
5.288914266356165	0.4043867454746665
5.386857123140539	0.4150730337437532
5.4847999799249125	0.4257019726998533
5.5827428367092855	0.43626727993964703
5.680685693493659	0.446762979314044
5.778628550278032	0.4571833992457004
5.876571407062406	0.4675231703242526
5.97451426384678	0.47777722222859453
6.072457120631153	0.4879407800253823
6.170399977415527	0.4980093598925493
6.2683428341999	0.5079787643159703
6.366285690984273	0.5178450768065574
6.464228547768647	0.5276046561840169
6.56217140455302	0.5372541304722752
6.660114261337394	0.5467903904502114
6.7580571181217675	0.5562105828998319
6.85599997490614	0.5655121035924199
6.953942831690514	0.5746925900514902
7.051885688474887	0.5837499141296201
7.149828545259261	0.5926821744344002
7.247771402043635	0.6014876886368953
7.345714258828008	0.6101649856941195
7.443657115612382	0.6187127980151426
7.541599972396755	0.627130053598551
7.639542829181128	0.6354158681671143
7.737485685965503	0.6435695373236539
7.835428542749875	0.6515905287502926
7.933371399534249	0.659478474471482
8.031314256318622	0.6672331631994737
8.129257113102996	0.6748545327792189
8.22719996988737	0.6823426627480599
8.325142826671744	0.6896977670240142
8.423085683456115	0.6969201867349584
8.52102854024049	0.7040103831995872
8.618971397024863	0.7109689310696663
8.716914253809238	0.7177965116418056
8.81485711059361	0.7244939063457625
8.912799967377984	0.7310619904151356
9.010742824162357	0.7375017267452333
9.10868568094673	0.7438141599418918
9.206628537731104	0.7500004105640812
9.304571394515477	0.7560616695622622
9.402514251299852	0.7619991929136525
9.500457108084223	0.7678142964548171
9.598399964868598	0.7735083509113153
9.696342821652971	0.7790827771235121
9.794285678437346	0.7845390414670993
9.892228535221719	0.789878651466354
9.990171392006092	0.7951031515977064
10.088114248790465	0.800214119280771
10.18605710557484	0.8052131610536368
10.283999962359212	0.8101019089288827
10.381942819143587	0.8148820169265082
10.479885675927958	0.8195551577797263
10.577828532712331	0.8241230198093575
10.675771389496706	0.8285873039623928
10.773714246281079	0.8329497210101516
10.871657103065454	0.8372119889013487
10.969599959849825	0.8413758302652953
11.0675428166342	0.8454429700604033
11.165485673418573	0.8494151333631184
11.263428530202948	0.8532940432923912
11.36137138698732	0.8570814190647972
11.459314243771693	0.8607789741754304
11.557257100556066	0.8643884146997328
11.655199957340441	0.867911437711464
11.753142814124814	0.8713497298120756
11.851085670909189	0.8747049657668255
11.94902852769356	0.877978807243044
12.046971384477935	0.8811729016460509
12.144914241262308	0.8842888810483207
12.24285709804668	0.8873283612075882
12.340799954831056	0.8902929406696962
12.438742811615429	0.8931841999520966
12.536685668399802	0.8960037008040272
12.634628525184175	0.8987529855395058
12.73257138196855	0.901433576439399
12.830514238752922	0.9040469752189437
12.928457095537297	0.9065946625572185
13.026399952321668	0.9090780976851841
13.124342809106043	0.911498718029031
13.222285665890416	0.9138579389056932
13.32022852267479	0.916157153267505
13.418171379459164	0.9183977314930961
13.516114236243537	0.9205810212217346
13.61405709302791	0.9227083472284437
13.711999949812283	0.9247810113373288
13.809942806596657	0.9268002923706593
13.90788566338103	0.9287674461313614
14.005828520165403	0.9306837054166787
14.103771376949776	0.93255028006086
14.201714233734151	0.9343683570048371
14.299657090518524	0.9361391003909438
14.397599947302899	0.93786365168083
14.49554280408727	0.9395431297948083
14.593485660871645	0.9411786312709618
14.691428517656018	0.9427712304424253
14.789371374440393	0.9443219796313334
14.887314231224765	0.9458319093580099
14.985257088009138	0.9473020285640453
15.083199944793513	0.948733324847986
15.181142801577884	0.9501267647124251
15.27908565836226	0.9514832938213559
15.377028515146634	0.952803837266711
15.474971371931005	0.9540892998430723
15.572914228715378	0.9553405663295972
15.670857085499753	0.9565585017782634
15.768799942284128	0.9577439518075869
15.866742799068499	0.9588977429010215
15.964685655852874	0.9600206827092969
16.062628512637247	0.9611135603559987
16.16057136942162	0.9621771467457411
16.258514226205993	0.9632121948743211
16.356457082990367	0.9642194401402903
16.454399939774742	0.9651996006574115
16.552342796559117	0.9661533775675117
16.650285653343488	0.9670814553532707
16.748228510127863	0.9679845021505235
16.846171366912234	0.9688631700596821
16.94411422369661	0.9697180954559157
17.04205708048098	0.9705498992977504
17.139999937265355	0.9713591874337837
17.23794279404973	0.9721465509072292
17.3358856508341	0.9729125662580311
17.433828507618475	0.9736577958223119
17.53177136440285	0.9743827880289385
17.629714221187225	0.9750880776930086
17.727657077971596	0.9757741863060815
17.825599934755967	0.9764416223229933
17.923542791540342	0.9770908814451136
18.021485648324717	0.977722446899916
18.119428505109088	0.97833678971675
18.217371361893463	0.9789343689987141
18.315314218677837	0.9795156321905465
18.413257075462212	0.9800810153424561
18.511199932246583	0.9806309433698331
18.609142789030958	0.9811658303087862
18.707085645815333	0.9816860795674632
18.805028502599704	0.9821920841731231
18.902971359384075	0.9826842270149329
19.00091421616845	0.9831628810824738
19.098857072952825	0.9836284096999467
19.196799929737196	0.9840811667560726
19.29474278652157	0.9845214969296948
19.392685643305946	0.9849497359110888
19.49062850009032	0.9853662106189964
19.58857135687469	0.9857712394134039
19.686514213659063	0.9861651323040871
19.784457070443434	0.9865481911549531
19.882399927227805	0.9869207098842109
19.980342784012176	0.987282974660405
20.078285640796544	0.9876352640943532
20.176228497580915	0.987977849427028
20.274171354365286	0.9883109947134284
20.372114211149658	0.9886349570024862
20.47005706793403	0.9889499865130575
20.5679999247184	0.9892563268060504
20.665942781502775	0.9895542149527375
20.763885638287146	0.989843881699313
20.861828495071517	0.9901255516277432
20.95977135185589	0.9903994433129706
21.05771420864026	0.9906657694765273
21.15565706542463	0.9909247371366148
21.253599922209002	0.9911765477547094
21.351542778993373	0.9914213973787521
21.449485635777744	0.9916594767829814
21.547428492562116	0.9918909716044693
21.645371349346487	0.9921160624764198
21.743314206130858	0.9923349251582898
21.84125706291523	0.992547730662791
21.9391999196996	0.9927546453798343
22.03714277648397	0.992955831197474
22.135085633268343	0.9931514456199122
22.233028490052714	0.993341641882621
22.330971346837085	0.9935265690646418
22.428914203621456	0.9937063721981193
22.526857060405828	0.993881192375127
22.6247999171902	0.9940511668518414
22.72274277397457	0.9942164291501216
22.82068563075894	0.9943771091565492
22.918628487543312	0.9945333332189831
23.016571344327684	0.9946852242406853
23.114514201112055	0.9948329017720693
23.21245705789643	0.9949764821001245
23.3103999146808	0.9951160783355693
23.408342771465172	0.9952518004977838
23.506285628249543	0.9953837555975725
23.604228485033914	0.9955120477178064
23.702171341818286	0.9956367780919948
23.800114198602657	0.9957580451808331
23.898057055387024	0.9958759447467755
23.995999912171396	0.9959905699266781
24.093942768955767	0.9961020113025578
24.191885625740138	0.9962103569705134
24.28982848252451	0.9963156926078505
24.38777133930888	0.9964181015384557
24.485714196093255	0.9965176647964606
24.583657052877626	0.9966144611882384
24.681599909661998	0.9967085673527724
24.77954276644637	0.9968000578204378
24.87748562323074	0.9968890050702349
24.97542848001511	0.9969754795855118
25.073371336799482	0.9970595499082144
25.171314193583854	0.9971412826917007
25.269257050368225	0.9972207427521538
25.367199907152596	0.9972979931186315
25.465142763936967	0.9973730950817833
25.56308562072134	0.9974461082412709
25.661028477505713	0.9975170905519243
25.75897133429008	0.9975860983686655
25.856914191074452	0.997653186490231
25.954857047858823	0.9977184082017245
26.052799904643194	0.9977818153160284
26.150742761427566	0.997843458214105
26.248685618211937	0.9979033858842152
26.346628474996308	0.9979616459600819
26.44457133178068	0.9980182847580266
26.54251418856505	0.9980733473131057
26.64045704534942	0.9981268774142715
26.738399902133793	0.9981789176385839
26.836342758918164	0.9982295093844981
26.93428561570254	0.9982786929042512
27.03222847248691	0.998326507335373
27.13017132927128	0.9983729907313419
27.228114186055652	0.9984181800914101
27.326057042840024	0.9984621113896195
27.423999899624395	0.9985048196030285
27.521942756408766	0.9985463387391732
27.619885613193137	0.99858670186278
27.717828469977505	0.9986259411217518
27.815771326761876	0.9986640877724466
27.913714183546247	0.9987011722042662
28.01165704033062	0.9987372239635751
28.10959989711499	0.9987722717769659
28.207542753899364	0.9988063435738898
28.305485610683736	0.9988394665086682
28.403428467468107	0.998871666981903
28.501371324252478	0.9989029706613006
28.59931418103685	0.9989334025019264
28.69725703782122	0.9989629867659042
28.79519989460559	0.9989917470415758
28.893142751389963	0.9990197062621357
28.991085608174334	0.9990468867237544
29.089028464958705	0.9990733101032044
29.186971321743076	0.9990989974750022
29.284914178527448	0.9991239693280797
29.38285703531182	0.9991482455819972
29.480799892096194	0.9991718456027113
29.57874274888056	0.9991947882179083
29.676685605664932	0.9992170917319163
29.774628462449304	0.9992387739402071
29.87257131923367	0.9992598521434981
29.970514176018046	0.9992803431614663
30.06845703280242	0.9993002633460847
30.16639988958679	0.9993196285945901
30.264342746371163	0.9993384543620948
30.36228560315553	0.9993567556738491
30.460228459939906	0.9993745471371663
30.558171316724273	0.9993918429530187
30.656114173508648	0.9994086569273127
30.754057030293016	0.9994250024818534
30.85199988707739	0.9994408926650059
30.949942743861758	0.9994563401620621
31.047885600646133	0.9994713573053211
31.1458284574305	0.999485956083891
31.243771314214875	0.9995001481532196
31.341714170999246	0.9995139448443613
31.439657027783618	0.9995273571729879
31.53759988456799	0.9995403958481505
31.635542741352356	0.9995530712807976
31.73348559813673	0.9995653935920593
31.8314284549211	0.9995773726213003
31.929371311705474	0.9995890179339509
32.027314168489845	0.9996003388291211
32.125257025274216	0.9996113443470035
32.22319988205859	0.9996220432760707
32.32114273884296	0.9996324441600745
32.41908559562733	0.9996425553048492
32.5170284524117	0.9996523847849285
32.61497130919607	0.9996619404499767
32.71291416598044	0.9996712299310435
32.810857022764814	0.999680260646644
32.908799879549186	0.9996890398086703
33.00674273633356	0.9996975744281398
33.10468559311793	0.9997058713207829
33.2026284499023	0.9997139371124767
33.30057130668667	0.9997217782445268
33.39851416347104	0.9997294009788035
33.49645702025541	0.9997368114027345
33.594399877039784	0.9997440154341599
33.692342733824155	0.9997510188260514
33.790285590608526	0.9997578271711013
33.888228447392905	0.9997644459061831
33.98617130417727	0.9997708803166893
34.08411416096165	0.9997771355407475
34.18205701774601	0.9997832165733207
34.27999987453038	0.9997891282701921
34.377942731314754	0.9997948753518402
34.475885588099125	0.9998004624072064
34.573828444883496	0.999805893897357
34.67177130166787	0.9998111741590435
34.76971415845224	0.9998163074081652
34.86765701523661	0.9998212977431334
34.96559987202098	0.9998261491481443
35.06354272880535	0.9998308654963587
35.16148558558973	0.9998354505529954
35.259428442374094	0.9998399079783368
35.35737129915847	0.9998442413306519
35.45531415594284	0.9998484540690377
35.553257012727215	0.9998525495561816
35.65119986951158	0.9998565310610468
35.74914272629596	0.9998604017614829
35.84708558308032	0.9998641647467648
35.9450284398647	0.9998678230200592
36.042971296649064	0.999871379500824
36.14091415343344	0.9998748370271408
36.23885701021781	0.999878198357981
36.33679986700218	0.9998814661754107
36.434742723786556	0.9998846430867335
36.53268558057092	0.999887731626573
36.6306284373553	0.9998907342588981
36.72857129413966	0.999893653378992
36.82651415092404	0.9998964913153662
36.924457007708405	0.9998992503316202
37.02239986449278	0.9999019326282513
37.12034272127715	0.9999045403444128
37.218285578061526	0.9999070755596231
37.31622843484589	0.999909540295428
37.41417129163027	0.9999119365170163
37.51211414841463	0.99991426613479
37.61005700519901	0.9999165310058915
37.70799986198338	0.9999187329356881
37.80594271876775	0.9999208736792146
37.903885575552124	0.999922954942576
38.001828432336495	0.9999249783843119
38.099771289120866	0.9999269456167219
38.19771414590523	0.9999288582071539
38.29565700268961	0.9999307176792579
38.39359985947397	0.9999325255142033
38.49154271625835	0.9999342831518635
38.589485573042715	0.9999359919919666
38.687428429827094	0.9999376533952145
38.78537128661146	0.9999392686843709
38.883314143395836	0.9999408391453188
38.98125700018021	0.9999423660280885
39.07919985696458	0.9999438505478568
39.17714271374895	0.9999452938859191
39.27508557053333	0.9999466971906334
39.37302842731769	0.9999480615783389
39.47097128410207	0.999949388134248
39.568914140886434	0.9999506779133148
39.66685699767081	0.999951931941078
39.764799854455184	0.9999531512144813
39.86274271123955	0.9999543367026703
39.960685568023926	0.9999554893477679
40.05862842480829	0.9999566100656272
40.15657128159267	0.999957699746564
40.25451413837703	0.999958759256069
40.35245699516141	0.9999597894354998
40.450399851945775	0.9999607911027534
40.548342708730154	0.9999617650529207
40.64628556551452	0.9999627120589221
40.744228422298896	0.9999636328721259
40.84217127908326	0.9999645282229487
40.94011413586764	0.9999653988214402
41.03805699265201	0.9999662453578504
41.13599984943638	0.999967068503182
41.23394270622075	0.999967868909727
41.33188556300512	0.9999686472115884
41.429828419789494	0.9999694040251873
41.527771276573866	0.9999701399497559
41.62571413335824	0.9999708555678167
41.72365699014261	0.9999715514456485
41.82159984692698	0.9999722281337393
41.91954270371134	0.9999728861672266
42.01748556049572	0.9999735260663254
42.115428417280086	0.9999741483367441
42.213371274064464	0.9999747534700896
42.311314130848835	0.9999753419442594
42.409256987633206	0.9999759142238251
42.50719984441758	0.9999764707604032
42.60514270120195	0.9999770119930163
42.70308555798632	0.9999775383484447
42.80102841477069	0.9999780502415676
42.89897127155506	0.9999785480756949
42.996914128339434	0.9999790322428895
43.094856985123805	0.9999795031242816
43.192799841908176	0.9999799610903729
43.29074269869255	0.9999804065013334
43.38868555547692	0.999980839707289
43.48662841226129	0.9999812610486024
43.58457126904566	0.9999816708561445
43.68251412583003	0.9999820694515594
43.7804569826144	0.9999824571475219
43.878399839398774	0.9999828342479872
43.976342696183146	0.9999832010484344
44.07428555296752	0.9999835578361027
44.17222840975189	0.9999839048902212
44.27017126653626	0.999984242482232
44.36811412332063	0.999984570876008
44.466056980105	0.9999848903280633
44.56399983688937	0.9999852010877587
44.661942693673744	0.9999855033975011
44.759885550458115	0.9999857974929377
44.85782840724249	0.9999860836031439
44.95577126402686	0.999986361950807
45.053714120811236	0.9999866327524045
45.1516569775956	0.9999868962183768
45.24959983437998	0.9999871525532957
45.34754269116434	0.9999874019560283
45.44548554794872	0.9999876446198958
45.543428404733085	0.9999878807328281
45.641371261517456	0.9999881104775146
45.73931411830183	0.9999883340315497
45.8372569750862	0.9999885515675756
45.93519983187057	0.9999887632534197
46.03314268865494	0.9999889692522291
46.13108554543932	0.9999891697226015
46.22902840222368	0.9999893648187117
46.32697125900806	0.9999895546904347
46.424914115792426	0.9999897394834661
46.522856972576804	0.9999899193394386
46.62079982936117	0.9999900943960349
46.718742686145546	0.9999902647870982
46.81668554292991	0.9999904306427392
46.91462839971429	0.9999905920894401
47.01257125649865	0.999990749250156
47.11051411328303	0.9999909022444128
47.208456970067395	0.9999910511884035
47.306399826851774	0.9999911961950806
47.404342683636145	0.9999913373742466
47.50228554042051	0.999991474832642
47.60022839720489	0.9999916086740304
47.69817125398925	0.999991738999282
47.79611411077363	0.9999918659064536
47.894056967557994	0.9999919894908679
47.99199982434237	0.9999921098451889
48.089942681126736	0.9999922270594968
48.187885537911114	0.9999923412213592
48.28582839469548	0.999992452415902
48.38377125147986	0.999992560725877
48.48171410826422	0.9999926662317286
48.5796569650486	0.9999927690116571
48.67759982183297	0.9999928691416827
48.77554267861734	0.9999929666957053
48.87348553540171	0.9999930617455638
48.971428392186084	0.9999931543610938
49.069371248970455	0.9999932446101834
49.167314105754826	0.9999933325588273
49.2652569625392	0.9999934182711799
49.36319981932357	0.9999935018096066
49.46114267610794	0.9999935832347332
49.559085532892304	0.999993662605495
49.65702838967668	0.999993739979184
49.75497124646105	0.9999938154114939
49.852914103245425	0.9999938889565657
49.950856960029796	0.9999939606670304
50.04879981681417	0.9999940305940511
50.14674267359854	0.9999940987873643
50.24468553038291	0.9999941652953194
50.34262838716728	0.9999942301649172
50.44057124395165	0.9999942934418481
50.53851410073602	0.999994355170528
50.636456957520394	0.9999944153941345
50.734399814304766	0.9999944741546407
50.83234267108914	0.9999945314928494
50.93028552787351	0.9999945874484255
51.02822838465788	0.9999946420599275
51.12617124144225	0.9999946953648389
51.22411409822662	0.9999947473995976
51.32205695501099	0.9999947981996256
51.419999811795364	0.9999948477993567
51.517942668579735	0.9999948962322648
51.61588552536411	0.99999494353089
51.71382838214848	0.9999949897268652
51.81177123893285	0.9999950348509409
51.90971409571722	0.9999950789330101
52.00765695250159	0.9999951220021321
52.10559980928596	0.999995164086556
52.203542666070334	0.9999952052137427
52.301485522854705	0.9999952454103879
52.399428379639076	0.9999952847024421
52.497371236423454	0.9999953231151326
52.59531409320782	0.999995360672983
52.6932569499922	0.999995397399833
52.79119980677656	0.9999954333188574
52.88914266356094	0.9999954684525848
52.9870855203453	0.9999955028229155
53.085028377129674	0.9999955364511389
53.182971233914046	0.999995569357951
53.28091409069842	0.9999956015634703
53.37885694748279	0.9999956330872546
53.47679980426716	0.9999956639483158
53.57474266105153	0.9999956941651361
53.6726855178359	0.9999957237556819
53.77062837462028	0.9999957527374188
53.868571231404644	0.9999957811273251
53.96651408818902	0.9999958089419058
54.06445694497339	0.9999958361972054
54.162399801757765	0.9999958629088213
54.26034265854213	0.9999958890919155
54.35828551532651	0.9999959147612275
54.45622837211087	0.9999959399310856
54.55417122889525	0.9999959646154185
54.652114085679614	0.9999959888277665
54.75005694246399	0.9999960125812923
54.847999799248356	0.9999960358887915
54.945942656032734	0.9999960587627028
55.043885512817106	0.9999960812151182
55.14182836960147	0.9999961032577922
55.23977122638585	0.9999961249021517
55.33771408317021	0.9999961461593049
55.43565693995459	0.9999961670400501
55.533599796738955	0.9999961875548846
55.63154265352333	0.999996207714013
55.7294855103077	0.9999962275273551
55.827428367092075	0.999996247004554
55.92537122387644	0.9999962661549844
56.02331408066082	0.9999962849877589
56.12125693744519	0.9999963035117364
56.21919979422956	0.9999963217355285
56.31714265101393	0.999996339667507
56.4150855077983	0.9999963573158097
56.513028364582674	0.9999963746883479
56.610971221367045	0.9999963917928121
56.708914078151416	0.9999964086366783
56.80685693493579	0.999996425227214
56.90479979172016	0.999996441571484
57.00274264850452	0.9999964576763564
57.1006855052889	0.9999964735485073
57.198628362073265	0.9999964891944269
57.29657121885764	0.9999965046204242
57.394514075642014	0.9999965198326326
57.492456932426386	0.9999965348370141
57.59039978921076	0.9999965496393646
57.68834264599513	0.9999965642453182
57.7862855027795	0.9999965786603523
57.88422835956387	0.999996592889791
57.98217121634824	0.9999966069388103
58.08011407313261	0.9999966208124417
58.178056929916984	0.9999966345155763
58.275999786701355	0.999996648052969
58.37394264348573	0.9999966614292419
58.4718855002701	0.9999966746488885
58.56982835705447	0.9999966877162767
58.66777121383885	0.9999967006356526
58.76571407062321	0.999996713411144
58.86365692740758	0.9999967260467637
58.961599784191954	0.9999967385464122
59.059542640976325	0.9999967509138816
59.157485497760696	0.999996763152858
59.25542835454507	0.9999967752669249
59.35337121132944	0.9999967872595658
59.45131406811381	0.9999967991341668
59.54925692489818	0.9999968108940201
59.64719978168255	0.9999968225423257
59.74514263846692	0.9999968340821943
59.84308549525129	0.99999684551665
59.94102835203567	0.9999968568486327
60.03897120882004	0.999996868081
60.13691406560441	0.99999687921653
60.234856922388786	0.9999968902579234
60.33279977917316	0.9999969012078054
60.43074263595752	0.9999969120687281
60.52868549274189	0.9999969228431723
60.62662834952627	0.9999969335335499
60.724571206310635	0.9999969441422052
60.82251406309501	0.9999969546714172
60.92045691987938	0.9999969651234016
61.018399776663756	0.9999969755003121
61.11634263344812	0.9999969858042421
61.21428549023249	0.9999969960372271
61.31222834701687	0.9999970062012457
61.41017120380124	0.999997016298221
61.508114060585605	0.9999970263300229
61.606056917369976	0.9999970362984687
61.703999774154354	0.9999970462053255
61.801942630938726	0.9999970560523108
61.89988548772309	0.9999970658410944
61.99782834450746	0.9999970755732993
62.09577120129184	0.9999970852505035
62.19371405807621	0.9999970948742406
62.291656914860575	0.999997104446002
62.389599771644946	0.999997113967237
62.487542628429324	0.9999971234393548
62.585485485213695	0.999997132863725
62.68342834199806	0.9999971422416793
62.78137119878244	0.9999971515745122
62.87931405556681	0.999997160863482
62.97725691235117	0.9999971701098119
63.075199769135544	0.9999971793146911
63.17314262591992	0.9999971884792755
63.271085482704294	0.999997197604689
63.36902833948866	0.9999972066920237
63.46697119627303	0.9999972157423419
63.56491405305741	0.9999972247566756
63.66285690984178	0.9999972337360286
63.76079976662614	0.9999972426813762
63.85874262341053	0.9999972515936669
63.95668548019489	0.9999972604738226
64.05462833697926	0.9999972693227395
64.15257119376363	0.9999972781412886
64.250514050548	0.999997286930317
64.34845690733238	0.9999972956906478
64.44639976411675	0.9999973044230814
64.54434262090112	0.9999973131283959
64.64228547768549	0.9999973218073475
64.74022833446986	0.9999973304606713
64.83817119125423	0.9999973390890822
64.93611404803859	0.9999973476932748
65.03405690482298	0.9999973562739245
65.13199976160735	0.999997364831688
65.22994261839172	0.9999973733672035
65.32788547517609	0.9999973818810914
65.42582833196046	0.999997390373955
65.52377118874483	0.9999973988463805
65.6217140455292	0.9999974072989379
65.71965690231357	0.9999974157321813
65.81759975909794	0.9999974241466493
65.91554261588232	0.9999974325428654
66.01348547266669	0.9999974409213388
66.11142832945106	0.9999974492825642
66.20937118623543	0.9999974576270226
66.3073140430198	0.9999974659551818
66.40525689980417	0.9999974742674961
66.50319975658854	0.9999974825644075
66.60114261337291	0.9999974908463455
66.69908547015729	0.9999974991137277
66.79702832694166	0.99999750736696
66.89497118372603	0.9999975156064371
66.9929140405104	0.9999975238325426
67.09085689729477	0.9999975320456493
67.18879975407914	0.9999975402461199
67.28674261086351	0.9999975484343065
67.38468546764788	0.9999975566105519
67.48262832443227	0.9999975647751891
67.58057118121663	0.9999975729285417
67.678514038001	0.9999975810709246
67.77645689478537	0.9999975892026436
67.87439975156975	0.9999975973239961
67.97234260835411	0.9999976054352712
68.07028546513848	0.9999976135367499
68.16822832192285	0.9999976216287054
68.26617117870722	0.9999976297114034
68.3641140354916	0.999997637785102
68.46205689227597	0.9999976458500521
68.55999974906034	0.9999976539064979
68.65794260584471	0.9999976619546763
68.75588546262908	0.9999976699948181
68.85382831941345	0.9999976780271472
68.95177117619784	0.9999976860518817
69.0497140329822	0.9999976940692332
69.14765688976657	0.9999977020794077
69.24559974655094	0.9999977100826054
69.34354260333532	0.9999977180790208
69.44148546011968	0.9999977260688431
69.53942831690405	0.999997734052256
69.63737117368842	0.9999977420294385
69.73531403047281	0.9999977500005641
69.83325688725716	0.9999977579658019
69.93119974404154	0.9999977659253161
70.02914260082592	0.9999977738792661
70.12708545761028	0.9999977818278073
70.22502831439465	0.9999977897710904
70.32297117117902	0.9999977977092622
70.4209140279634	0.9999978056424651
70.51885688474776	0.9999978135708377
70.61679974153213	0.9999978214945148
70.7147425983165	0.9999978294136272
70.81268545510089	0.9999978373283024
70.91062831188525	0.999997845238664
71.00857116866962	0.9999978531448322
71.10651402545399	0.9999978610469242
71.20445688223838	0.9999978689450535
71.30239973902273	0.9999978768393306
71.4003425958071	0.9999978847298631
71.49828545259149	0.9999978926167552
71.59622830937586	0.9999979005001086
71.69417116616022	0.9999979083800219
71.79211402294459	0.9999979162565911
71.89005687972897	0.9999979241299094
71.98799973651334	0.9999979320000675
72.0859425932977	0.9999979398671535
72.18388545008207	0.9999979477312531
72.28182830686646	0.9999979555924495
72.37977116365082	0.9999979634508238
72.47771402043519	0.9999979713064546
72.57565687721957	0.9999979791594185
72.67359973400394	0.9999979870097898
72.7715425907883	0.9999979948576408
72.86948544757267	0.9999980027030418
72.96742830435706	0.9999980105460612
73.06537116114143	0.9999980183867654
73.16331401792579	0.9999980262252188
73.26125687471016	0.9999980340614844
73.35919973149454	0.999998041895623
73.45714258827891	0.9999980497276941
73.55508544506327	0.9999980575577553
73.65302830184764	0.9999980653858626
73.75097115863203	0.9999980732120705
73.8489140154164	0.9999980810364321
73.94685687220075	0.9999980888589987
74.04479972898514	0.9999980966798204
74.14274258576951	0.999998104498946
74.24068544255387	0.9999981123164227
74.33862829933824	0.9999981201322965
74.43657115612262	0.9999981279466121
74.534514012907	0.999998135759413
74.63245686969135	0.9999981435707413
74.73039972647572	0.9999981513806383
74.82834258326011	0.9999981591891437
74.92628544004448	0.9999981669962964
75.02422829682884	0.999998174802134
75.12217115361322	0.9999981826066934
75.2201140103976	0.99999819041001
75.31805686718197	0.9999981982121188
75.41599972396632	0.9999982060130531
75.51394258075071	0.9999982138128459
75.61188543753508	0.999998221611529
75.70982829431945	0.9999982294091332
75.80777115110381	0.9999982372056887
75.9057140078882	0.9999982450012248
76.00365686467256	0.9999982527957699
76.10159972145692	0.9999982605893516
76.19954257824129	0.9999982683819968
76.29748543502568	0.9999982761737316
76.39542829181005	0.9999982839645813
76.4933711485944	0.9999982917545708
76.59131400537879	0.9999982995437239
76.68925686216316	0.999998307332064
76.78719971894753	0.9999983151196137
76.88514257573189	0.9999983229063951
76.98308543251628	0.9999983306924297
77.08102828930065	0.9999983384777382
77.17897114608502	0.999998346262341
77.27691400286938	0.9999983540462576
77.37485685965376	0.9999983618295072
77.47279971643813	0.9999983696121084
77.5707425732225	0.9999983773940794
77.66868543000687	0.9999983851754376
77.76662828679125	0.9999983929562002
77.86457114357562	0.9999984007363838
77.96251400035999	0.9999984085160045
78.06045685714436	0.9999984162950781
78.15839971392873	0.9999984240736197
78.2563425707131	0.9999984318516443
78.35428542749746	0.9999984396291662
78.45222828428184	0.9999984474061995
78.55017114106622	0.9999984551827578
78.64811399785059	0.9999984629588543
78.74605685463494	0.9999984707345019
78.84399971141933	0.9999984785097131
78.9419425682037	0.9999984862845002
79.03988542498807	0.9999984940588749
79.13782828177244	0.9999985018328487
79.23577113855681	0.9999985096064328
79.33371399534118	0.9999985173796381
79.43165685212556	0.9999985251524751
79.52959970890993	0.9999985329249542
79.6275425656943	0.9999985406970853
79.72548542247867	0.999998548468878
79.82342827926304	0.999998556240342
79.92137113604741	0.9999985640114861
80.01931399283178	0.9999985717823195
80.11725684961615	0.9999985795528509
80.21519970640053	0.9999985873230886
80.3131425631849	0.9999985950930407
80.41108541996927	0.9999986028627154
80.50902827675364	0.9999986106321203
80.60697113353801	0.9999986184012628
80.70491399032238	0.9999986261701505
80.80285684710675	0.9999986339387903
80.90079970389112	0.9999986417071892
80.9987425606755	0.9999986494753539
81.09668541745987	0.999998657243291
81.19462827424424	0.9999986650110066
81.29257113102861	0.9999986727785072
81.39051398781298	0.9999986805457985
81.48845684459735	0.9999986883128866
81.58639970138172	0.9999986960797771
81.6843425581661	0.9999987038464754
81.78228541495046	0.9999987116129869
81.88022827173484	0.999998719379317
81.97817112851921	0.9999987271454704
82.07611398530358	0.9999987349114523
82.17405684208795	0.9999987426772674
82.27199969887232	0.9999987504429204
82.36994255565669	0.9999987582084158
82.46788541244106	0.9999987659737579
82.56582826922543	0.9999987737389511
82.6637711260098	0.9999987815039995
82.76171398279419	0.9999987892689071
82.85965683957855	0.9999987970336779
82.95759969636292	0.9999988047983157
83.05554255314729	0.9999988125628242
83.15348540993168	0.999998820327207
83.25142826671603	0.9999988280914677
83.3493711235004	0.9999988358556096
83.44731398028478	0.999998843619636
83.54525683706915	0.9999988513835502
83.64319969385352	0.9999988591473552
83.74114255063789	0.9999988669110542
83.83908540742227	0.9999988746746501
83.93702826420663	0.9999988824381458
84.034971120991	0.9999988902015441
84.13291397777537	0.9999988979648476
84.23085683455976	0.9999989057280592
84.32879969134412	0.9999989134911811
84.42674254812849	0.9999989212542161
84.52468540491286	0.9999989290171665
84.62262826169724	0.9999989367800347
84.7205711184816	0.999998944542823
84.81851397526597	0.9999989523055336
84.91645683205034	0.9999989600681687
85.01439968883473	0.9999989678307304
85.11234254561909	0.9999989755932207
85.21028540240346	0.9999989833556416
85.30822825918784	0.9999989911179952
85.4061711159722	0.9999989988802831
85.50411397275657	0.9999990066425073
85.60205682954094	0.9999990144046695
85.69999968632533	0.9999990221667716
85.79794254310968	0.9999990299288152
85.89588539989406	0.9999990376908018
85.99382825667843	0.9999990454527331
86.09177111346281	0.9999990532146107
86.18971397024717	0.9999990609764361
86.28765682703154	0.9999990687382107
86.38559968381593	0.9999990764999358
86.4835425406003	0.999999084261613
86.58148539738465	0.9999990920232436
86.67942825416903	0.9999990997848287
86.77737111095341	0.9999991075463698
86.87531396773778	0.999999115307868
86.97325682452214	0.9999991230693246
87.07119968130651	0.9999991308307408
87.1691425380909	0.9999991385921175
87.26708539487525	0.9999991463534561
87.36502825165962	0.9999991541147575
87.462971108444	0.9999991618760227
87.56091396522838	0.9999991696372528
87.65885682201274	0.9999991773984487
87.75679967879711	0.9999991851596114
87.8547425355815	0.9999991929207419
87.95268539236586	0.9999992006818411
88.05062824915022	0.9999992084429098
88.1485711059346	0.9999992162039488
88.24651396271898	0.9999992239649591
88.34445681950335	0.9999992317259414
88.4423996762877	0.9999992394868965
88.54034253307208	0.9999992472478252
88.63828538985646	0.9999992550087282
88.73622824664083	0.9999992627696063
88.83417110342519	0.9999992705304601
88.93211396020958	0.9999992782912903
89.03005681699395	0.9999992860520976
89.12799967377832	0.9999992938128827
89.22594253056268	0.9999993015736461
89.32388538734706	0.9999993093343885
89.42182824413143	0.9999993170951105
89.51977110091579	0.9999993248558126
89.61771395770016	0.9999993326164954
89.71565681448455	0.9999993403771595
89.81359967126892	0.9999993481378054
89.91154252805327	0.9999993558984336
90.00948538483765	0.9999993636590445
90.10742824162203	0.9999993714196388
90.2053710984064	0.9999993791802169
90.30331395519076	0.9999993869407792
90.40125681197514	0.9999993947013261
90.49919966875952	0.9999994024618583
90.59714252554389	0.9999994102223759
90.69508538232824	0.9999994179828795
90.79302823911263	0.9999994257433694
90.890971095897	0.9999994335038461
90.98891395268137	0.99999944126431
91.08685680946573	0.9999994490247613
91.18479966625011	0.9999994567852005
91.28274252303449	0.9999994645456279
91.38068537981884	0.9999994723060439
91.47862823660323	0.9999994800664488
91.5765710933876	0.9999994878268429
91.67451395017197	0.9999994955872266
91.77245680695633	0.9999995033476
91.87039966374071	0.9999995111079636
91.96834252052508	0.9999995188683176
92.06628537730946	0.9999995266286624
92.16422823409381	0.9999995343889981
92.2621710908782	0.9999995421493252
92.36011394766257	0.9999995499096437
92.45805680444694	0.999999557669954
92.5559996612313	0.9999995654302563
92.65394251801568	0.9999995731905509
92.75188537480005	0.999999580950838
92.84982823158442	0.9999995887111178
92.9477710883688	0.9999995964713906
93.04571394515317	0.9999996042316566
93.14365680193754	0.9999996119919159
93.2415996587219	0.9999996197521688
93.33954251550628	0.9999996275124154
93.43748537229065	0.9999996352726561
93.53542822907502	0.999999643032891
93.63337108585938	0.9999996507931203
93.73131394264377	0.999999658553344
93.82925679942814	0.9999996663135626
93.92719965621251	0.9999996740737761
94.02514251299688	0.9999996818339847
94.12308536978125	0.9999996895941885
94.22102822656562	0.9999996973543877
94.31897108335	0.9999997051145825
94.41691394013436	0.999999712874773
94.51485679691874	0.9999997206349593
94.6127996537031	0.9999997283951417
94.71074251048748	0.9999997361553203
94.80868536727185	0.9999997439154953
94.90662822405622	0.9999997516756667
95.00457108084059	0.9999997594358346
95.10251393762496	0.9999997671959993
95.20045679440933	0.9999997749561608
95.2983996511937	0.9999997827163193
95.39634250797808	0.9999997904764749
95.49428536476245	0.9999997982366278
95.59222822154682	0.999999805996778
95.69017107833119	0.9999998137569257
95.78811393511556	0.999999821517071
95.88605679189993	0.9999998292772141
95.9839996486843	0.999999837037355
96.08194250546867	0.9999998447974938
96.17988536225305	0.9999998525576307
96.27782821903742	0.9999998603177657
96.37577107582179	0.999999868077899
96.47371393260616	0.9999998758380306
96.57165678939053	0.9999998835981608
96.6695996461749	0.9999998913582896
96.76754250295927	0.999999899118417
96.86548535974364	0.9999999068785432
96.96342821652802	0.9999999146386683
97.06137107331239	0.9999999223987924
97.15931393009676	0.9999999301589156
97.25725678688113	0.9999999379190381
97.3551996436655	0.9999999456791597
97.45314250044987	0.9999999534392808
97.55108535723424	0.9999999611994014
97.64902821401861	0.9999999689595216
97.74697107080299	0.9999999767196415
97.84491392758736	0.9999999844797611
97.94285678437173	0.9999999922398806
97.94285678437338	1.0
