0.0	0.0004599129325519326
0.0979428567843734	0.00045991293261121485
0.1958857135687468	0.0002833825304644818
0.29382857035312016	0.0009124355340541337
0.3917714271374936	0.001956209108418357
0.489714283921867	0.003399671233859573
0.5876571407062404	0.0052385043550354626
0.6855999974906137	0.007469252147570717
0.7835428542749872	0.010088189966244932
0.8814857110593605	0.013091102113161345
0.9794285678437338	0.016473229012174132
1.077371424628107	0.02022925957573471
1.1753142814124804	0.024353339209627442
1.2732571381968536	0.02883908466471896
1.3711999949812272	0.0336796026230685
1.4691428517656007	0.038867510731980824
1.5670857085499743	0.044394960462937484
1.6650285653343475	0.050253661436889474
1.7629714221187212	0.05643490697084826
1.8609142789030946	0.06292960065229254
1.958857135687468	0.0697282837726344
2.0567999924718414	0.07682116346362823
2.154742849256215	0.08419814138776734
2.2526857060405883	0.09184884283850428
2.350628562824962	0.09976264611006702
2.448571419609335	0.10792871200048046
2.5465142763937085	0.11633601331551863
2.644457133178082	0.12497336424588437
2.742399989962456	0.1338294494950122
2.8403428467468292	0.1428928530405258
2.938285703531202	0.15215208641852992
3.0362285603155756	0.1615956164265308
3.1341714170999495	0.1712118921478017
3.232114273884323	0.18098937120737538
3.3300571306686964	0.1909165451774841
3.4279999874530698	0.20098196405810814
3.525942844237443	0.21117425976626783
3.623885701021817	0.2214821685757305
3.7218285578061905	0.23189455245683774
3.819771414590564	0.2424004192741264
3.9177142713749373	0.25298894180726056
4.015657128159311	0.263649475568456
4.113599984943685	0.2743715753970158
4.211542841728058	0.28514501081875737
4.309485698512431	0.29595978016496516
4.407428555296804	0.30680612345200653
4.505371412081177	0.3176745340288815
4.603314268865551	0.3285557690057116
4.701257125649925	0.3394408584814914
4.799199982434298	0.35032111359431944
4.897142839218671	0.36118813342177786
4.995085696003044	0.3720338107631482
5.093028552787418	0.3828503368387225
5.190971409571792	0.39363020494461154
5.288914266356165	0.40436621310416115
5.386857123140539	0.41505146575938356
5.4847999799249125	0.42567937454770033
5.5827428367092855	0.43624365821079675
5.680685693493659	0.4467383416835193
5.778628550278032	0.4571577544115309
5.876571407062406	0.46749652794688984
5.97451426384678	0.4777495928708637
6.072457120631153	0.48791217509314844
6.170399977415527	0.49797979157625977
6.2683428341999	0.5079482455332227
6.366285690984273	0.5178136211458259
6.464228547768647	0.527572277849657
6.56217140455302	0.5372208442309147
6.660114261337394	0.5467562115786186
6.7580571181217675	0.5561755271343448
6.85599997490614	0.5654761870800018
6.953942831690514	0.5746558293024719
7.051885688474887	0.5837123259721733
7.149828545259261	0.5926437759707787
7.247771402043635	0.6014484972014699
7.345714258828008	0.6101250188132249
7.443657115612382	0.6186720733687436
7.541599972396755	0.6270885889837305
7.639542829181128	0.6353736814633756
7.737485685965503	0.6435266464600254
7.835428542749875	0.6515469516742164
7.933371399534249	0.6594342291194608
8.031314256318622	0.6671882674694481
8.129257113102996	0.6748090045046415
8.22719996988737	0.6822965196736284
8.325142826671744	0.6896510267830234
8.423085683456115	0.6968728668282271
8.52102854024049	0.7039625009759148
8.618971397024863	0.71092050370777
8.716914253809238	0.7177475561336896
8.81485711059361	0.724444439481467
8.912799967377984	0.7310120287688154
9.010742824162357	0.7374512866625115
9.10868568094673	0.7437632575284369
9.206628537731104	0.7499490616753535
9.304571394515477	0.7560098897943773
9.402514251299852	0.761946997595309
9.500457108084223	0.767761700640236
9.598399964868598	0.7734553693741392
9.696342821652971	0.779029424351615
9.794285678437346	0.7844853316582557
9.892228535221719	0.7898245985247198
9.990171392006092	0.7950487691310625
10.088114248790465	0.8001594205984864
10.18605710557484	0.8051581591653032
10.283999962359212	0.8100466165435786
10.381942819143587	0.8148264464526509
10.479885675927958	0.8194993213254705
10.577828532712331	0.8240669291835016
10.675771389496706	0.8285309706757558
10.773714246281079	0.8328931562773845
10.871657103065454	0.8371552036431452
10.969599959849825	0.8413188351109704
11.0675428166342	0.845385775350807
11.165485673418573	0.8493577491538548
11.263428530202948	0.8532364793573157
11.36137138698732	0.857023684899763
11.459314243771693	0.8607210790022601
11.557257100556066	0.8643303674703904
11.655199957340441	0.8678532471124039
11.753142814124814	0.8712914042687482
11.851085670909189	0.8746465134483179
11.94902852769356	0.8779202360668369
12.046971384477935	0.8811142192828748
12.144914241262308	0.8842300949270934
12.24285709804668	0.887269478520418
12.340799954831056	0.8902339683769375
12.438742811615429	0.8931251447874419
12.536685668399802	0.8959445692796252
12.634628525184175	0.8986937839510925
12.73257138196855	0.901374310871431
12.830514238752922	0.9039876515497244
12.928457095537297	0.9065352864640066
13.026399952321668	0.9090186746492775
13.124342809106043	0.9114392533408172
13.222285665890416	0.9137984376696592
13.32022852267479	0.9160976204072007
13.418171379459164	0.9183381717560449
13.516114236243537	0.9205214391842866
13.61405709302791	0.9226487473005659
13.711999949812283	0.9247213977673276
13.809942806596657	0.9267406692498339
13.90788566338103	0.9287078173985819
14.005828520165403	0.9306240748628877
14.103771376949776	0.9324906513334953
14.201714233734151	0.9343087336121717
14.299657090518524	0.9360794857063435
14.397599947302899	0.9378040489469254
14.49554280408727	0.9394835421275812
14.593485660871645	0.9411190616637443
14.691428517656018	0.9427116817698106
14.789371374440393	0.9442624546529997
14.887314231224765	0.9457724107224549
14.985257088009138	0.9472425588122322
15.083199944793513	0.9486738864169016
15.181142801577884	0.9500673599385498
15.27908565836226	0.9514239249440463
15.377028515146634	0.9527445064314947
15.474971371931005	0.9540300091048574
15.572914228715378	0.9552813176557962
15.670857085499753	0.9564992970518325
15.768799942284128	0.9576847928299818
15.866742799068499	0.958838631395071
15.964685655852874	0.9599616203219953
16.062628512637247	0.9610545486612188
16.16057136942162	0.9621181872468674
16.258514226205993	0.9631532890068074
16.356457082990367	0.9641605892741401
16.454399939774742	0.965140806099585
16.552342796559117	0.966094640564259
16.650285653343488	0.967022777092394
16.748228510127863	0.9679258837635697
16.846171366912234	0.9688046126240665
16.94411422369661	0.9696595999969781
17.04205708048098	0.9704914667907475
17.139999937265355	0.9713008188058163
17.23794279404973	0.9720882470391076
17.3358856508341	0.9728543279860791
17.433828507618475	0.9735996239401127
17.53177136440285	0.9743246832890217
17.629714221187225	0.9750300408084813
17.727657077971596	0.975716217952205
17.825599934755967	0.9763837231387058
17.923542791540342	0.9770330520345016
18.021485648324717	0.9776646878336348
18.119428505109088	0.978279101533395
18.217371361893463	0.9788767522061456
18.315314218677837	0.9794580872671667
18.413257075462212	0.980023542738442
18.511199932246583	0.980573543508326
18.609142789030958	0.9811085035870379
18.707085645815333	0.981628826357942
18.805028502599704	0.9821349048245795
18.902971359384075	0.9826271218534272
19.00091421616845	0.9831058504123654
19.098857072952825	0.9835714538048479
19.196799929737196	0.9840242858997671
19.29474278652157	0.9844646913570219
19.392685643305946	0.9848930058487948
19.49062850009032	0.9853095562765545
19.58857135687469	0.9857146609838023
19.686514213659063	0.9861086299645885
19.784457070443434	0.9864917650678244
19.882399927227805	0.9868643601974252
19.980342784012176	0.9872267015083167
20.078285640796544	0.9875790675983469
20.176228497580915	0.9879217296961426
20.274171354365286	0.9882549518449559
20.372114211149658	0.9885789910825481
20.47005706793403	0.988894097617158
20.5679999247184	0.9892005149996067
20.665942781502775	0.9894984802915912
20.763885638287146	0.9897882242302183
20.861828495071517	0.9900699713888375
20.95977135185589	0.9903439403342251
21.05771420864026	0.9906103437801794
21.15565706542463	0.9908693887375827
21.253599922209002	0.9911212766609898
21.351542778993373	0.9913662035918014
21.449485635777744	0.9916043602980807
21.547428492562116	0.9918359324110746
21.645371349346487	0.9920611005584972
21.743314206130858	0.992280040494636
21.84125706291523	0.9924929232273414
21.9391999196996	0.9926999151419564
22.03714277648397	0.9929011781222494
22.135085633268343	0.9930968696684054
22.233028490052714	0.9932871430121368
22.330971346837085	0.9934721472289718
22.428914203621456	0.9936520273477767
22.526857060405828	0.9938269244575715
22.6247999171902	0.9939969758116938
22.72274277397457	0.9941623149293687
22.82068563075894	0.9943230716947393
22.918628487543312	0.994479372453413
23.016571344327684	0.9946313401065778
23.114514201112055	0.9947790942027432
23.21245705789643	0.9949227510271563
23.3103999146808	0.9950624236889474
23.408342771465172	0.9951982222060549
23.506285628249543	0.9953302535879813
23.604228485033914	0.9954586219164289
23.702171341818286	0.9955834284238642
23.800114198602657	0.9957047715700602
23.898057055387024	0.9958227471166629
23.995999912171396	0.9959374481998281
24.093942768955767	0.9960489654009758
24.191885625740138	0.9961573868157049
24.28982848252451	0.996262798120914
24.38777133930888	0.9963652826401701
24.485714196093255	0.9964649214073682
24.583657052877626	0.996561793228723
24.681599909661998	0.9966559747431338
24.77954276644637	0.9967475404809619
24.87748562323074	0.9968365629212596
24.97542848001511	0.9969231125474891
25.073371336799482	0.9970072579017697
25.171314193583854	0.9970890656376874
25.269257050368225	0.9971686005717061
25.367199907152596	0.9972459257332125
25.465142763936967	0.9973211024132308
25.56308562072134	0.9973941902118407
25.661028477505713	0.9974652470843303
25.75897133429008	0.9975343293861167
25.856914191074452	0.9976014919164671
25.954857047858823	0.9976667879610478
26.052799904643194	0.9977302693333346
26.150742761427566	0.9977919864149112
26.248685618211937	0.9978519881946855
26.346628474996308	0.9979103223070516
26.44457133178068	0.9979670350690244
26.54251418856505	0.9980221715163738
26.64045704534942	0.9980757754387841
26.738399902133793	0.998127889414064
26.836342758918164	0.998178554841433
26.93428561570254	0.9982278119739064
27.03222847248691	0.9982756999498044
27.13017132927128	0.9983222568234067
27.228114186055652	0.998367519594777
27.326057042840024	0.9984115242387767
27.423999899624395	0.9984543057332916
27.521942756408766	0.9984958980866914
27.619885613193137	0.9985363343645409
27.717828469977505	0.9985756467155864
27.815771326761876	0.9986138663970321
27.913714183546247	0.9986510237991285
28.01165704033062	0.9986871484690907
28.10959989711499	0.9987222691343625
28.207542753899364	0.9987564137252464
28.305485610683736	0.9987896093969146
28.403428467468107	0.9988218825508185
28.501371324252478	0.998853258855512
28.59931418103685	0.9988837632669055
28.69725703782122	0.9989134200479649
28.79519989460559	0.9989422527878704
28.893142751389963	0.998970284420651
28.991085608174334	0.9989975372433069
29.089028464958705	0.9990240329334356
29.186971321743076	0.9990497925663733
29.284914178527448	0.9990748366318657
29.38285703531182	0.9990991850502812
29.480799892096194	0.9991228571883778
29.57874274888056	0.9991458718746365
29.676685605664932	0.9991682474141736
29.774628462449304	0.9991900016032415
29.87257131923367	0.9992111517433307
29.970514176018046	0.9992317146548843
30.06845703280242	0.9992517066906326
30.16639988958679	0.9992711437485624
30.264342746371163	0.9992900412845276
30.36228560315553	0.9993084143245118
30.460228459939906	0.9993262774765532
30.558171316724273	0.9993436449423403
30.656114173508648	0.9993605305284871
30.754057030293016	0.9993769476574974
30.85199988707739	0.9993929093784264
30.949942743861758	0.9994084283772471
31.047885600646133	0.9994235169869307
31.1458284574305	0.9994381871972484
31.243771314214875	0.999452450664302
31.341714170999246	0.9994663187197909
31.439657027783618	0.9994798023800229
31.53759988456799	0.9994929123546757
31.635542741352356	0.999505659055316
31.73348559813673	0.9995180526036821
31.8314284549211	0.9995301028397383
31.929371311705474	0.9995418193295057
32.027314168489845	0.9995532113726756
32.125257025274216	0.9995642880100131
32.22319988205859	0.9995750580305545
32.32114273884296	0.9995855299786061
32.41908559562733	0.9995957121605481
32.5170284524117	0.9996056126514512
32.61497130919607	0.9996152393015081
32.71291416598044	0.9996245997422878
32.810857022764814	0.9996337013928164
32.908799879549186	0.9996425514654885
33.00674273633356	0.9996511569718154
33.10468559311793	0.9996595247280131
33.2026284499023	0.9996676613604357
33.30057130668667	0.9996755733108579
33.39851416347104	0.9996832668416106
33.49645702025541	0.9996907480405743
33.594399877039784	0.9996980228260338
33.692342733824155	0.9997050969513975
33.790285590608526	0.9997119760097867
33.888228447392905	0.999718665438496
33.98617130417727	0.9997251705233315
34.08411416096165	0.9997314964028271
34.18205701774601	0.9997376480723441
34.27999987453038	0.9997436303880569
34.377942731314754	0.9997494480708283
34.475885588099125	0.9997551057099763
34.573828444883496	0.9997606077669366
34.67177130166787	0.999765958578824
34.76971415845224	0.9997711623618932
34.86765701523661	0.999776223214905
34.96559987202098	0.9997811451223976
35.06354272880535	0.9997859319578679
35.16148558558973	0.9997905874868639
35.259428442374094	0.999795115369991
35.35737129915847	0.9997995191658349
35.45531415594284	0.999803802333803
35.553257012727215	0.9998079682368868
35.65119986951158	0.999812020144348
35.74914272629596	0.9998159612343288
35.84708558308032	0.9998197945963904
35.9450284398647	0.9998235232339804
36.042971296649064	0.9998271500668322
36.14091415343344	0.9998306779332967
36.23885701021781	0.9998341095926099
36.33679986700218	0.9998374477270966
36.434742723786556	0.999840694944314
36.53268558057092	0.9998438537791342
36.6306284373553	0.9998469266957696
36.72857129413966	0.9998499160897416
36.82651415092404	0.999852824289795
36.924457007708405	0.9998556535597583
37.02239986449278	0.9998584061003524
37.12034272127715	0.9998610840509498
37.218285578061526	0.9998636894912837
37.31622843484589	0.9998662244431101
37.41417129163027	0.9998686908718234
37.51211414841463	0.9998710906880272
37.61005700519901	0.9998734257490609
37.70799986198338	0.9998756978604848
37.80594271876775	0.9998779087775226
37.903885575552124	0.9998800602064645
38.001828432336495	0.9998821538060307
38.099771289120866	0.999884191188698
38.19771414590523	0.9998861739219876
38.29565700268961	0.9998881035297191
38.39359985947397	0.9998899814932278
38.49154271625835	0.9998918092525494
38.589485573042715	0.9998935882075708
38.687428429827094	0.9998953197191494
38.78537128661146	0.9998970051102009
38.883314143395836	0.9998986456667568
38.98125700018021	0.999900242638993
39.07919985696458	0.9999017972422287
39.17714271374895	0.9999033106578983
39.27508557053333	0.9999047840344959
39.37302842731769	0.9999062184884937
39.47097128410207	0.9999076151052345
39.568914140886434	0.9999089749397996
39.66685699767081	0.9999102990178521
39.764799854455184	0.9999115883364575
39.86274271123955	0.9999128438648806
39.960685568023926	0.9999140665453603
40.05862842480829	0.9999152572938638
40.15657128159267	0.999916417000818
40.25451413837703	0.9999175465318224
40.35245699516141	0.9999186467283407
40.450399851945775	0.999919718408374
40.548342708730154	0.9999207623671148
40.64628556551452	0.9999217793775828
40.744228422298896	0.9999227701912431
40.84217127908326	0.9999237355386076
40.94011413586764	0.9999246761298183
41.03805699265201	0.999925592655216
41.13599984943638	0.9999264857858919
41.23394270622075	0.9999273561742247
41.33188556300512	0.9999282044544018
41.429828419789494	0.999929031242927
41.527771276573866	0.9999298371391131
41.62571413335824	0.9999306227255617
41.72365699014261	0.9999313885686286
41.82159984692698	0.9999321352188772
41.91954270371134	0.9999328632115186
42.01748556049572	0.9999335730668396
42.115428417280086	0.999934265290619
42.213371274064464	0.999934940374532
42.311314130848835	0.9999355987965436
42.409256987633206	0.9999362410212905
42.50719984441758	0.9999368675004533
42.60514270120195	0.9999374786731171
42.70308555798632	0.9999380749661233
42.80102841477069	0.9999386567944107
42.89897127155506	0.9999392245613473
42.996914128339434	0.999939778659053
43.094856985123805	0.9999403194687135
43.192799841908176	0.9999408473608848
43.29074269869255	0.9999413626957898
43.38868555547692	0.9999418658236063
43.48662841226129	0.9999423570847473
43.58457126904566	0.9999428368101331
43.68251412583003	0.999943305321456
43.7804569826144	0.9999437629314379
43.878399839398774	0.99994420994408
43.976342696183146	0.999944646654906
44.07428555296752	0.9999450733511991
44.17222840975189	0.999945490312231
44.27017126653626	0.9999458978094858
44.36811412332063	0.999946296106877
44.466056980105	0.9999466854609584
44.56399983688937	0.9999470661211299
44.661942693673744	0.9999474383298362
44.759885550458115	0.9999478023227615
44.85782840724249	0.9999481583290173
44.95577126402686	0.9999485065713264
45.053714120811236	0.9999488472662005
45.1516569775956	0.9999491806241136
45.24959983437998	0.9999495068496707
45.34754269116434	0.9999498261417704
45.44548554794872	0.9999501386937655
45.543428404733085	0.9999504446936164
45.641371261517456	0.9999507443240422
45.73931411830183	0.9999510377626665
45.8372569750862	0.9999513251821597
45.93519983187057	0.9999516067503769
46.03314268865494	0.9999518826304924
46.13108554543932	0.9999521529811302
46.22902840222368	0.9999524179564906
46.32697125900806	0.999952677706474
46.424914115792426	0.9999529323768005
46.522856972576804	0.9999531821091265
46.62079982936117	0.9999534270411583
46.718742686145546	0.9999536673067618
46.81668554292991	0.9999539030360699
46.91462839971429	0.9999541343555864
47.01257125649865	0.9999543613882876
47.11051411328303	0.9999545842537202
47.208456970067395	0.9999548030680971
47.306399826851774	0.9999550179443906
47.404342683636145	0.9999552289924223
47.50228554042051	0.9999554363189513
47.60022839720489	0.9999556400277598
47.69817125398925	0.9999558402197355
47.79611411077363	0.9999560369929528
47.894056967557994	0.9999562304427511
47.99199982434237	0.9999564206618111
48.089942681126736	0.999956607740229
48.187885537911114	0.9999567917655882
48.28582839469548	0.99995697282303
48.38377125147986	0.9999571509953212
48.48171410826422	0.9999573263629206
48.5796569650486	0.999957499004043
48.67759982183297	0.9999576689947223
48.77554267861734	0.999957836408872
48.87348553540171	0.9999580013183443
48.971428392186084	0.9999581637929877
49.069371248970455	0.9999583239007028
49.167314105754826	0.9999584817074966
49.2652569625392	0.9999586372775354
49.36319981932357	0.9999587906731963
49.46114267610794	0.9999589419551165
49.559085532892304	0.9999590911822425
49.65702838967668	0.9999592384118768
49.75497124646105	0.9999593836997241
49.852914103245425	0.9999595270999355
49.950856960029796	0.999959668665152
50.04879981681417	0.9999598084465465
50.14674267359854	0.9999599464938651
50.24468553038291	0.9999600828554663
50.34262838716728	0.9999602175783604
50.44057124395165	0.9999603507082463
50.53851410073602	0.9999604822895487
50.636456957520394	0.9999606123654535
50.734399814304766	0.9999607409779422
50.83234267108914	0.9999608681678254
50.93028552787351	0.9999609939747758
51.02822838465788	0.9999611184373597
51.12617124144225	0.9999612415930679
51.22411409822662	0.9999613634783456
51.32205695501099	0.9999614841286218
51.419999811795364	0.9999616035783374
51.517942668579735	0.9999617218609727
51.61588552536411	0.9999618390090744
51.71382838214848	0.9999619550542819
51.81177123893285	0.9999620700273518
51.90971409571722	0.9999621839581833
52.00765695250159	0.9999622968758415
52.10559980928596	0.9999624088085811
52.203542666070334	0.9999625197838691
52.301485522854705	0.9999626298284061
52.399428379639076	0.9999627389681484
52.497371236423454	0.9999628472283282
52.59531409320782	0.9999629546334743
52.6932569499922	0.9999630612074313
52.79119980677656	0.9999631669733788
52.88914266356094	0.9999632719538503
52.9870855203453	0.9999633761707504
53.085028377129674	0.9999634796453732
53.182971233914046	0.999963582398419
53.28091409069842	0.9999636844500105
53.37885694748279	0.9999637858197096
53.47679980426716	0.9999638865265323
53.57474266105153	0.9999639865889647
53.6726855178359	0.999964086024977
53.77062837462028	0.9999641848520385
53.868571231404644	0.9999642830871313
53.96651408818902	0.9999643807467637
54.06445694497339	0.999964477846984
54.162399801757765	0.9999645744033926
54.26034265854213	0.999964670431155
54.35828551532651	0.9999647659450139
54.45622837211087	0.9999648609593007
54.55417122889525	0.9999649554879471
54.652114085679614	0.9999650495444964
54.75005694246399	0.9999651431421142
54.847999799248356	0.9999652362935988
54.945942656032734	0.9999653290113918
55.043885512817106	0.9999654213075877
55.14182836960147	0.9999655131939438
55.23977122638585	0.9999656046818894
55.33771408317021	0.9999656957825352
55.43565693995459	0.9999657865066821
55.533599796738955	0.9999658768648295
55.63154265352333	0.9999659668671843
55.7294855103077	0.9999660565236687
55.827428367092075	0.999966145843928
55.92537122387644	0.9999662348373386
56.02331408066082	0.9999663235130156
56.12125693744519	0.9999664118798198
56.21919979422956	0.9999664999463649
56.31714265101393	0.9999665877210242
56.4150855077983	0.9999666752119377
56.513028364582674	0.9999667624270184
56.610971221367045	0.9999668493739586
56.708914078151416	0.999966936060236
56.80685693493579	0.9999670224931199
56.90479979172016	0.9999671086796766
57.00274264850452	0.9999671946267759
57.1006855052889	0.9999672803410953
57.198628362073265	0.9999673658291266
57.29657121885764	0.9999674510971803
57.394514075642014	0.9999675361513911
57.492456932426386	0.9999676209977226
57.59039978921076	0.9999677056419719
57.68834264599513	0.9999677900897747
57.7862855027795	0.9999678743466092
57.88422835956387	0.9999679584178012
57.98217121634824	0.9999680423085276
58.08011407313261	0.9999681260238215
58.178056929916984	0.9999682095685749
58.275999786701355	0.9999682929475439
58.37394264348573	0.9999683761653517
58.4718855002701	0.9999684592264928
58.56982835705447	0.9999685421353363
58.66777121383885	0.9999686248961291
58.76571407062321	0.9999687075130004
58.86365692740758	0.9999687899899634
58.961599784191954	0.99996887233092
59.059542640976325	0.9999689545396631
59.157485497760696	0.9999690366198797
59.25542835454507	0.9999691185751541
59.35337121132944	0.9999692004089706
59.45131406811381	0.9999692821247165
59.54925692489818	0.9999693637256843
59.64719978168255	0.999969445215075
59.74514263846692	0.9999695265960002
59.84308549525129	0.9999696078714847
59.94102835203567	0.9999696890444689
60.03897120882004	0.9999697701178114
60.13691406560441	0.9999698510942909
60.234856922388786	0.9999699319766088
60.33279977917316	0.9999700127673908
60.43074263595752	0.9999700934691897
60.52868549274189	0.9999701740844872
60.62662834952627	0.9999702546156953
60.724571206310635	0.9999703350651593
60.82251406309501	0.9999704154351586
60.92045691987938	0.9999704957279095
61.018399776663756	0.9999705759455662
61.11634263344812	0.9999706560902227
61.21428549023249	0.9999707361639151
61.31222834701687	0.9999708161686222
61.41017120380124	0.9999708961062679
61.508114060585605	0.9999709759787223
61.606056917369976	0.9999710557878035
61.703999774154354	0.9999711355352789
61.801942630938726	0.9999712152228665
61.89988548772309	0.9999712948522362
61.99782834450746	0.9999713744250118
62.09577120129184	0.9999714539427715
62.19371405807621	0.9999715334070496
62.291656914860575	0.9999716128193374
62.389599771644946	0.9999716921810851
62.487542628429324	0.9999717714937018
62.585485485213695	0.9999718507585578
62.68342834199806	0.999971929976985
62.78137119878244	0.9999720091502783
62.87931405556681	0.9999720882796962
62.97725691235117	0.9999721673664623
63.075199769135544	0.9999722464117662
63.17314262591992	0.999972325416764
63.271085482704294	0.9999724043825797
63.36902833948866	0.9999724833103063
63.46697119627303	0.9999725622010057
63.56491405305741	0.9999726410557107
63.66285690984178	0.999972719875425
63.76079976662614	0.9999727986611244
63.85874262341053	0.9999728774137575
63.95668548019489	0.9999729561342464
64.05462833697926	0.9999730348234876
64.15257119376363	0.9999731134823525
64.250514050548	0.9999731921116882
64.34845690733238	0.9999732707123182
64.44639976411675	0.9999733492850431
64.54434262090112	0.999973427830641
64.64228547768549	0.9999735063498685
64.74022833446986	0.9999735848434609
64.83817119125423	0.9999736633121331
64.93611404803859	0.9999737417565802
65.03405690482298	0.9999738201774776
65.13199976160735	0.9999738985754822
65.22994261839172	0.9999739769512325
65.32788547517609	0.9999740553053489
65.42582833196046	0.9999741336384348
65.52377118874483	0.9999742119510767
65.6217140455292	0.9999742902438448
65.71965690231357	0.9999743685172932
65.81759975909794	0.9999744467719607
65.91554261588232	0.999974525008371
66.01348547266669	0.9999746032270335
66.11142832945106	0.9999746814284429
66.20937118623543	0.9999747596130805
66.3073140430198	0.9999748377814138
66.40525689980417	0.9999749159338978
66.50319975658854	0.9999749940709742
66.60114261337291	0.9999750721930729
66.69908547015729	0.9999751503006116
66.79702832694166	0.9999752283939961
66.89497118372603	0.9999753064736213
66.9929140405104	0.999975384539871
67.09085689729477	0.9999754625931181
67.18879975407914	0.9999755406337252
67.28674261086351	0.9999756186620448
67.38468546764788	0.9999756966784196
67.48262832443227	0.9999757746831827
67.58057118121663	0.9999758526766579
67.678514038001	0.99997593065916
67.77645689478537	0.9999760086309951
67.87439975156975	0.9999760865924606
67.97234260835411	0.9999761645438456
68.07028546513848	0.9999762424854314
68.16822832192285	0.9999763204174911
68.26617117870722	0.9999763983402904
68.3641140354916	0.9999764762540877
68.46205689227597	0.9999765541591339
68.55999974906034	0.9999766320556731
68.65794260584471	0.9999767099439425
68.75588546262908	0.9999767878241728
68.85382831941345	0.9999768656965881
68.95177117619784	0.9999769435614063
69.0497140329822	0.9999770214188395
69.14765688976657	0.9999770992690934
69.24559974655094	0.9999771771123683
69.34354260333532	0.9999772549488589
69.44148546011968	0.9999773327787543
69.53942831690405	0.9999774106022385
69.63737117368842	0.9999774884194903
69.73531403047281	0.9999775662306835
69.83325688725716	0.9999776440359869
69.93119974404154	0.9999777218355649
70.02914260082592	0.9999777996295771
70.12708545761028	0.9999778774181788
70.22502831439465	0.9999779552015209
70.32297117117902	0.99997803297975
70.4209140279634	0.9999781107530087
70.51885688474776	0.9999781885214356
70.61679974153213	0.9999782662851655
70.7147425983165	0.9999783440443294
70.81268545510089	0.9999784217990545
70.91062831188525	0.9999784995494647
71.00857116866962	0.9999785772956804
71.10651402545399	0.9999786550378185
71.20445688223838	0.9999787327759926
71.30239973902273	0.9999788105103133
71.4003425958071	0.9999788882408882
71.49828545259149	0.9999789659678217
71.59622830937586	0.9999790436912153
71.69417116616022	0.9999791214111677
71.79211402294459	0.999979199127775
71.89005687972897	0.9999792768411304
71.98799973651334	0.9999793545513246
72.0859425932977	0.9999794322584457
72.18388545008207	0.9999795099625794
72.28182830686646	0.9999795876638091
72.37977116365082	0.9999796653622158
72.47771402043519	0.9999797430578782
72.57565687721957	0.9999798207508728
72.67359973400394	0.9999798984412739
72.7715425907883	0.999979976129154
72.86948544757267	0.9999800538145833
72.96742830435706	0.9999801314976302
73.06537116114143	0.9999802091783612
73.16331401792579	0.9999802868568407
73.26125687471016	0.9999803645331317
73.35919973149454	0.9999804422072951
73.45714258827891	0.9999805198793903
73.55508544506327	0.9999805975494749
73.65302830184764	0.999980675217605
73.75097115863203	0.9999807528838351
73.8489140154164	0.9999808305482183
73.94685687220075	0.999980908210806
74.04479972898514	0.9999809858716482
74.14274258576951	0.9999810635307937
74.24068544255387	0.9999811411882898
74.33862829933824	0.9999812188441826
74.43657115612262	0.9999812964985165
74.534514012907	0.9999813741513353
74.63245686969135	0.999981451802681
74.73039972647572	0.9999815294525949
74.82834258326011	0.9999816071011168
74.92628544004448	0.9999816847482856
75.02422829682884	0.9999817623941389
75.12217115361322	0.9999818400387136
75.2201140103976	0.9999819176820451
75.31805686718197	0.9999819953241683
75.41599972396632	0.9999820729651168
75.51394258075071	0.9999821506049232
75.61188543753508	0.9999822282436197
75.70982829431945	0.999982305881237
75.80777115110381	0.9999823835178053
75.9057140078882	0.9999824611533538
76.00365686467256	0.9999825387879109
76.10159972145692	0.9999826164215043
76.19954257824129	0.999982694054161
76.29748543502568	0.9999827716859069
76.39542829181005	0.9999828493167675
76.4933711485944	0.9999829269467676
76.59131400537879	0.999983004575931
76.68925686216316	0.9999830822042812
76.78719971894753	0.9999831598318408
76.88514257573189	0.9999832374586318
76.98308543251628	0.9999833150846758
77.08102828930065	0.9999833927099934
77.17897114608502	0.999983470334605
77.27691400286938	0.9999835479585303
77.37485685965376	0.9999836255817884
77.47279971643813	0.999983703204398
77.5707425732225	0.9999837808263771
77.66868543000687	0.9999838584477432
77.76662828679125	0.9999839360685135
77.86457114357562	0.9999840136887047
77.96251400035999	0.9999840913083328
78.06045685714436	0.9999841689274135
78.15839971392873	0.9999842465459622
78.2563425707131	0.9999843241639936
78.35428542749746	0.9999844017815223
78.45222828428184	0.9999844793985622
78.55017114106622	0.9999845570151269
78.64811399785059	0.9999846346312298
78.74605685463494	0.9999847122468836
78.84399971141933	0.9999847898621009
78.9419425682037	0.999984867476894
79.03988542498807	0.9999849450912744
79.13782828177244	0.999985022705254
79.23577113855681	0.9999851003188438
79.33371399534118	0.9999851779320547
79.43165685212556	0.9999852555448971
79.52959970890993	0.9999853331573816
79.6275425656943	0.9999854107695179
79.72548542247867	0.9999854883813157
79.82342827926304	0.9999855659927848
79.92137113604741	0.9999856436039339
80.01931399283178	0.9999857212147724
80.11725684961615	0.9999857988253086
80.21519970640053	0.999985876435551
80.3131425631849	0.9999859540455079
80.41108541996927	0.9999860316551873
80.50902827675364	0.9999861092645967
80.60697113353801	0.9999861868737439
80.70491399032238	0.9999862644826361
80.80285684710675	0.9999863420912803
80.90079970389112	0.9999864196996837
80.9987425606755	0.9999864973078528
81.09668541745987	0.9999865749157942
81.19462827424424	0.9999866525235143
81.29257113102861	0.9999867301310191
81.39051398781298	0.9999868077383148
81.48845684459735	0.9999868853454071
81.58639970138172	0.9999869629523018
81.6843425581661	0.9999870405590043
81.78228541495046	0.9999871181655201
81.88022827173484	0.9999871957718542
81.97817112851921	0.9999872733780119
82.07611398530358	0.9999873509839979
82.17405684208795	0.9999874285898173
82.27199969887232	0.9999875061954744
82.36994255565669	0.999987583800974
82.46788541244106	0.9999876614063203
82.56582826922543	0.9999877390115177
82.6637711260098	0.9999878166165703
82.76171398279419	0.9999878942214823
82.85965683957855	0.9999879718262574
82.95759969636292	0.9999880494308996
83.05554255314729	0.9999881270354125
83.15348540993168	0.9999882046397998
83.25142826671603	0.9999882822440649
83.3493711235004	0.9999883598482112
83.44731398028478	0.9999884374522422
83.54525683706915	0.9999885150561609
83.64319969385352	0.9999885926599706
83.74114255063789	0.9999886702636743
83.83908540742227	0.999988747867275
83.93702826420663	0.9999888254707755
84.034971120991	0.9999889030741786
84.13291397777537	0.9999889806774871
84.23085683455976	0.9999890582807036
84.32879969134412	0.9999891358838306
84.42674254812849	0.9999892134868708
84.52468540491286	0.9999892910898264
84.62262826169724	0.9999893686926999
84.7205711184816	0.9999894462954937
84.81851397526597	0.9999895238982098
84.91645683205034	0.9999896015008506
85.01439968883473	0.999989679103418
85.11234254561909	0.9999897567059142
85.21028540240346	0.9999898343083411
85.30822825918784	0.9999899119107007
85.4061711159722	0.9999899895129949
85.50411397275657	0.9999900671152255
85.60205682954094	0.9999901447173943
85.69999968632533	0.9999902223195031
85.79794254310968	0.9999902999215534
85.89588539989406	0.999990377523547
85.99382825667843	0.9999904551254855
86.09177111346281	0.9999905327273704
86.18971397024717	0.9999906103292032
86.28765682703154	0.9999906879309854
86.38559968381593	0.9999907655327185
86.4835425406003	0.9999908431344037
86.58148539738465	0.9999909207360423
86.67942825416903	0.9999909983376359
86.77737111095341	0.9999910759391857
86.87531396773778	0.9999911535406928
86.97325682452214	0.9999912311421585
87.07119968130651	0.9999913087435839
87.1691425380909	0.9999913863449702
87.26708539487525	0.9999914639463184
87.36502825165962	0.9999915415476298
87.462971108444	0.9999916191489053
87.56091396522838	0.999991696750146
87.65885682201274	0.9999917743513528
87.75679967879711	0.9999918519525266
87.8547425355815	0.9999919295536684
87.95268539236586	0.9999920071547793
88.05062824915022	0.99999208475586
88.1485711059346	0.9999921623569114
88.24651396271898	0.9999922399579343
88.34445681950335	0.9999923175589296
88.4423996762877	0.999992395159898
88.54034253307208	0.9999924727608405
88.63828538985646	0.9999925503617576
88.73622824664083	0.9999926279626501
88.83417110342519	0.9999927055635188
88.93211396020958	0.9999927831643644
89.03005681699395	0.9999928607651873
89.12799967377832	0.9999929383659886
89.22594253056268	0.9999930159667686
89.32388538734706	0.9999930935675281
89.42182824413143	0.9999931711682676
89.51977110091579	0.9999932487689877
89.61771395770016	0.999993326369689
89.71565681448455	0.9999934039703721
89.81359967126892	0.9999934815710375
89.91154252805327	0.9999935591716858
90.00948538483765	0.9999936367723175
90.10742824162203	0.9999937143729329
90.2053710984064	0.9999937919735328
90.30331395519076	0.9999938695741175
90.40125681197514	0.9999939471746876
90.49919966875952	0.9999940247752435
90.59714252554389	0.9999941023757855
90.69508538232824	0.9999941799763141
90.79302823911263	0.9999942575768299
90.890971095897	0.9999943351773332
90.98891395268137	0.9999944127778243
91.08685680946573	0.9999944903783037
91.18479966625011	0.9999945679787717
91.28274252303449	0.9999946455792288
91.38068537981884	0.9999947231796753
91.47862823660323	0.9999948007801116
91.5765710933876	0.999994878380538
91.67451395017197	0.9999949559809549
91.77245680695633	0.9999950335813625
91.87039966374071	0.9999951111817613
91.96834252052508	0.9999951887821514
92.06628537730946	0.9999952663825333
92.16422823409381	0.9999953439829072
92.2621710908782	0.9999954215832736
92.36011394766257	0.9999954991836325
92.45805680444694	0.9999955767839844
92.5559996612313	0.9999956543843295
92.65394251801568	0.9999957319846681
92.75188537480005	0.9999958095850003
92.84982823158442	0.9999958871853267
92.9477710883688	0.9999959647856473
93.04571394515317	0.9999960423859625
93.14365680193754	0.9999961199862725
93.2415996587219	0.9999961975865774
93.33954251550628	0.9999962751868777
93.43748537229065	0.9999963527871736
93.53542822907502	0.9999964303874651
93.63337108585938	0.9999965079877526
93.73131394264377	0.9999965855880364
93.82925679942814	0.9999966631883166
93.92719965621251	0.9999967407885935
94.02514251299688	0.9999968183888672
94.12308536978125	0.9999968959891381
94.22102822656562	0.9999969735894063
94.31897108335	0.9999970511896721
94.41691394013436	0.9999971287899356
94.51485679691874	0.9999972063901972
94.6127996537031	0.9999972839904568
94.71074251048748	0.999997361590715
94.80868536727185	0.9999974391909716
94.90662822405622	0.9999975167912271
95.00457108084059	0.9999975943914815
95.10251393762496	0.9999976719917352
95.20045679440933	0.9999977495919883
95.2983996511937	0.999997827192241
95.39634250797808	0.9999979047924935
95.49428536476245	0.9999979823927461
95.59222822154682	0.9999980599929988
95.69017107833119	0.9999981375932521
95.78811393511556	0.9999982151935058
95.88605679189993	0.9999982927937605
95.9839996486843	0.9999983703940162
96.08194250546867	0.9999984479942731
96.17988536225305	0.9999985255945314
96.27782821903742	0.9999986031947914
96.37577107582179	0.9999986807950533
96.47371393260616	0.9999987583953172
96.57165678939053	0.9999988359955834
96.6695996461749	0.999998913595852
96.76754250295927	0.9999989911961235
96.86548535974364	0.9999990687963978
96.96342821652802	0.9999991463966752
97.06137107331239	0.999999223996956
97.15931393009676	0.9999993015972404
97.25725678688113	0.9999993791975286
97.3551996436655	0.9999994567978209
97.45314250044987	0.9999995343981174
97.55108535723424	0.9999996119984185
97.64902821401861	0.9999996895987243
97.74697107080299	0.9999997671990352
97.84491392758736	0.9999998447993512
97.94285678437173	0.9999999223996727
97.94285678437338	1.0
