0.0	76521.50430060258
0.0979428567843734	76521.50429068063
0.1958857135687468	3844.835072312229
0.29382857035312016	1104.4856080249192
0.3917714271374936	512.4119365706706
0.489714283921867	294.5192151742386
0.5876571407062404	191.05710186272557
0.6855999974906137	133.96787706629877
0.7835428542749872	99.17612143371517
0.8814857110593605	76.41954622026185
0.9794285678437338	60.72569575489595
1.077371424628107	49.44796142565042
1.1753142814124804	41.072534917455876
1.2732571381968536	34.682743441917665
1.3711999949812272	29.697184215908248
1.4691428517656007	25.73266053353186
1.5670857085499743	22.528299250173006
1.6650285653343475	19.901518743315393
1.7629714221187212	17.721437087020956
1.8609142789030946	15.89225051685951
1.958857135687468	14.342528006496197
2.0567999924718414	13.018132316594537
2.154742849256215	11.877428598475877
2.2526857060405883	10.887973142276437
2.350628562824962	10.024181869733827
2.448571419609335	9.265660748774833
2.5465142763937085	8.595991759911385
2.644457133178082	8.001837704429292
2.742399989962456	7.472273625306697
2.8403428467468292	6.998281574708464
2.938285703531202	6.572364660606044
3.0362285603155756	6.1882492421263136
3.1341714170999495	5.840652993957193
3.232114273884323	5.525102700740077
3.3300571306686964	5.237789958505856
3.4279999874530698	4.975456030906445
3.525942844237443	4.735299317455248
3.623885701021817	4.5149004976567255
3.7218285578061905	4.3121615948649765
3.819771414590564	4.125256078391939
3.9177142713749373	3.9525877764716584
4.015657128159311	3.7927568658671924
4.113599984943685	3.6445315786749046
4.211542841728058	3.506824553775998
4.309485698512431	3.3786729815513303
4.407428555296804	3.2592218621056923
4.505371412081177	3.1477098312784353
4.603314268865551	3.0434571140147306
4.701257125649925	2.94585524786913
4.799199982434298	2.8543582855076606
4.897142839218671	2.7684752378557986
4.995085696003044	2.687763561898877
5.093028552787418	2.611823531298544
5.190971409571792	2.540293355657592
5.288914266356165	2.472844936776267
5.386857123140539	2.4091801686343293
5.4847999799249125	2.3490277029190647
5.5827428367092855	2.292140114341992
5.680685693493659	2.2382914102544316
5.778628550278032	2.1872748375886375
5.876571407062406	2.138900947239775
5.97451426384678	2.0929958819236436
6.072457120631153	2.0493998585043456
6.170399977415527	2.007965819953664
6.2683428341999	1.9685582356166291
6.366285690984273	1.9310520314270296
6.464228547768647	1.8953316342335509
6.56217140455302	1.8612901165364393
6.660114261337394	1.8288284297575592
6.7580571181217675	1.7978547157240725
6.85599997490614	1.768283687379709
6.953942831690514	1.7400360708825167
7.051885688474887	1.713038102233091
7.149828545259261	1.6872210724267631
7.247771402043635	1.6625209158573575
7.345714258828008	1.6388778373358999
7.443657115612382	1.616235973639367
7.541599972396755	1.5945430859843006
7.639542829181128	1.5737502802380399
7.737485685965503	1.5538117520451142
7.835428542749875	1.5346845543653258
7.933371399534249	1.5163283851994707
8.031314256318622	1.4987053935238495
8.129257113102996	1.4817800016702425
8.22719996988737	1.4655187425777834
8.325142826671744	1.4498901105105024
8.423085683456115	1.434864423982108
8.52102854024049	1.4204136997603123
8.618971397024863	1.4065115369388315
8.716914253809238	1.3931330101679382
8.81485711059361	1.380254571225741
8.912799967377984	1.36785395819358
9.010742824162357	1.3559101115712862
9.10868568094673	1.3444030967325946
9.206628537731104	1.3333140321786574
9.304571394515477	1.3226250230991585
9.402514251299852	1.3123190997967067
9.500457108084223	1.3023801605715681
9.598399964868598	1.292792918700961
9.696342821652971	1.2835428531805106
9.794285678437346	1.2746161629255088
9.892228535221719	1.2659997241566634
9.990171392006092	1.2576810507194176
10.088114248790465	1.2496482571079324
10.18605710557484	1.24189002398471
10.283999962359212	1.2343955660048287
10.381942819143587	1.227154601770043
10.479885675927958	1.2201573257527596
10.577828532712331	1.2133943820432895
10.675771389496706	1.2068568397859285
10.773714246281079	1.2005361701804655
10.871657103065454	1.194424224935766
10.969599959849825	1.1885132160712213
11.0675428166342	1.1827956969701967
11.165485673418573	1.1772645445972054
11.263428530202948	1.171912942797477
11.36137138698732	1.1667343666039278
11.459314243771693	1.161722567482333
11.557257100556066	1.1568715594508052
11.655199957340441	1.1521756060145327
11.753142814124814	1.1476292078611892
11.851085670909189	1.1432270912664957
11.94902852769356	1.1389641971631694
12.046971384477935	1.1348356708299263
12.144914241262308	1.1308368521603671
12.24285709804668	1.1269632664744846
12.340799954831056	1.123210615838202
12.438742811615429	1.1195747708588202
12.536685668399802	1.1160517629265176
12.634628525184175	1.112637776874144
12.73257138196855	1.1093291440294795
12.830514238752922	1.1061223356359162
12.928457095537297	1.103013956619167
13.026399952321668	1.1000007396791276
13.124342809106043	1.0970795396874349
13.222285665890416	1.0942473283725607
13.32022852267479	1.0915011892754953
13.418171379459164	1.088838312960192
13.516114236243537	1.0862559924639807
13.61405709302791	1.0837516189741287
13.711999949812283	1.0813226777176106
13.809942806596657	1.0789667440519897
13.90788566338103	1.0766814797460795
14.005828520165403	1.074464629439771
14.103771376949776	1.072314017273082
14.201714233734151	1.070227543675104
14.299657090518524	1.068203182304099
14.397599947302899	1.0662389771305396
14.49554280408727	1.0643330396553894
14.593485660871645	1.062483546256381
14.691428517656018	1.0606887356554977
14.789371374440393	1.0589469065012602
14.887314231224765	1.0572564150598123
14.985257088009138	1.0556156730091433
15.083199944793513	1.0540231453311277
15.181142801577884	1.052477348296367
15.27908565836226	1.05097684753711
15.377028515146634	1.0495202562038042
15.474971371931005	1.0481062332010795
15.572914228715378	1.0467334814992098
15.670857085499753	1.0454007465173158
15.768799942284128	1.0441068145747887
15.866742799068499	1.0428505114076034
15.964685655852874	1.0416307007463816
16.062628512637247	1.0404462829532322
16.16057136942162	1.0392961937145622
16.258514226205993	1.038179402787203
16.356457082990367	1.0370949127953415
16.454399939774742	1.0360417580758758
16.552342796559117	1.0350190035699498
16.650285653343488	1.0340257437585318
16.748228510127863	1.0330611016400204
16.846171366912234	1.0321242277479636
16.94411422369661	1.0312142992070776
17.04205708048098	1.0303305188258451
17.139999937265355	1.0294721142240608
17.23794279404973	1.0286383369937764
17.3358856508341	1.0278284618921736
17.433828507618475	1.0270417860649703
17.53177136440285	1.026277628299032
17.629714221187225	1.0255353283029294
17.727657077971596	1.0248142460142444
17.825599934755967	1.0241137609324829
17.923542791540342	1.0234332714765129
18.021485648324717	1.0227721943654964
18.119428505109088	1.0221299640223327
18.217371361893463	1.0215060319986786
18.315314218677837	1.020899866420656
18.413257075462212	1.0203109514543998
18.511199932246583	1.0197387867906342
18.609142789030958	1.0191828871475133
18.707085645815333	1.0186427817909833
18.805028502599704	1.018118014071973
18.902971359384075	1.0176081409797393
19.00091421616845	1.0171127327107299
19.098857072952825	1.0166313722523557
19.196799929737196	1.0161636549810895
19.29474278652157	1.0157091882743345
19.392685643305946	1.0152675911355327
19.49062850009032	1.0148384938320039
19.58857135687469	1.0144215375450314
19.686514213659063	1.0140163740317276
19.784457070443434	1.0136226652982379
19.882399927227805	1.013240083283855
19.980342784012176	1.0128683095556401
20.078285640796544	1.012507035013156
20.176228497580915	1.0121559596029452
20.274171354365286	1.0118147920423908
20.372114211149658	1.0114832495526194
20.47005706793403	1.0111610576001178
20.5679999247184	1.0108479496467475
20.665942781502775	1.0105436669078574
20.763885638287146	1.0102479581182018
20.861828495071517	1.0099605793053896
20.95977135185589	1.0096812935705948
21.05771420864026	1.0094098708762738
21.15565706542463	1.009146087840645
21.253599922209002	1.0088897275386917
21.351542778993373	1.0086405793094635
21.449485635777744	1.008398438569459
21.547428492562116	1.008163106631879
21.645371349346487	1.0079343905315483
21.743314206130858	1.0077121028553155
21.84125706291523	1.0074960615777415
21.9391999196996	1.0072860899019
22.03714277648397	1.007082016105116
22.135085633268343	1.0068836733894775
22.233028490052714	1.0066908997369617
22.330971346837085	1.00650353776902
22.428914203621456	1.0063214346104752
22.526857060405828	1.0061444417575893
22.6247999171902	1.0059724149501623
22.72274277397457	1.0058052140475315
22.82068563075894	1.0056427029083446
22.918628487543312	1.0054847492739811
23.016571344327684	1.005331224655507
23.114514201112055	1.0051820042240454
23.21245705789643	1.0050369667044547
23.3103999146808	1.004895994272209
23.408342771465172	1.004758972453376
23.506285628249543	1.0046257900275954
23.604228485033914	1.0044963389339607
23.702171341818286	1.0043705141797152
23.800114198602657	1.00424821375167
23.898057055387024	1.0041293385302599
23.995999912171396	1.0040137922061547
24.093942768955767	1.0039014811993447
24.191885625740138	1.003792314580624
24.28982848252451	1.0036862039953958
24.38777133930888	1.0035830635897292
24.485714196093255	1.0034828099385968
24.583657052877626	1.0033853619762252
24.681599909661998	1.0032906409284932
24.77954276644637	1.0031985702473165
24.87748562323074	1.0031090755469565
24.97542848001511	1.0030220845421935
25.073371336799482	1.0029375269883094
25.171314193583854	1.0028553346228233
25.269257050368225	1.0027754411089271
25.367199907152596	1.00269778198057
25.465142763936967	1.0026222945891408
25.56308562072134	1.0025489180517007
25.661028477505713	1.0024775932007202
25.75897133429008	1.002408262535274
25.856914191074452	1.0023408701736491
25.954857047858823	1.0022753618073272
26.052799904643194	1.0022116846562963
26.150742761427566	1.0021497874256542
26.248685618211937	1.0020896202634653
26.346628474996308	1.002031134719831
26.44457133178068	1.0019742837071421
26.54251418856505	1.0019190214614737
26.64045704534942	1.0018653035050906
26.738399902133793	1.0018130866100312
26.836342758918164	1.0017623287627366
26.93428561570254	1.0017129891296948
27.03222847248691	1.0016650280240698
27.13017132927128	1.0016184068732872
27.228114186055652	1.001573088187548
27.326057042840024	1.0015290355292419
27.423999899624395	1.0014862134832367
27.521942756408766	1.0014445876280158
27.619885613193137	1.0014041245076397
27.717828469977505	1.001364791604508
27.815771326761876	1.0013265573128978
27.913714183546247	1.0012893909132554
28.01165704033062	1.0012532625472228
28.10959989711499	1.001218143193372
28.207542753899364	1.0011840046436316
28.305485610683736	1.0011508194803829
28.403428467468107	1.0011185610542075
28.501371324252478	1.0010872034622662
28.59931418103685	1.0010567215272927
28.69725703782122	1.0010270907771825
28.79519989460559	1.0009982874251613
28.893142751389963	1.0009702883505147
28.991085608174334	1.0009430710798657
29.089028464958705	1.0009166137689811
29.186971321743076	1.000890895185093
29.284914178527448	1.0008658946897218
29.38285703531182	1.0008415922219833
29.480799892096194	1.0008179682823701
29.57874274888056	1.0007950039169895
29.676685605664932	1.0007726807022477
29.774628462449304	1.0007509807299664
29.87257131923367	1.0007298865929204
29.970514176018046	1.0007093813707817
30.06845703280242	1.0006894486164626
30.16639988958679	1.0006700723428417
30.264342746371163	1.0006512370098655
30.36228560315553	1.0006329275120143
30.460228459939906	1.0006151291661192
30.558171316724273	1.0005978276995247
30.656114173508648	1.000581009238583
30.754057030293016	1.000564660297473
30.85199988707739	1.0005487677673344
30.949942743861758	1.000533318905707
31.047885600646133	1.0005183013262673
31.1458284574305	1.0005037029888535
31.243771314214875	1.0004895121897726
31.341714170999246	1.0004757175523775
31.439657027783618	1.0004623080179114
31.53759988456799	1.0004492728366075
31.635542741352356	1.0004366015590405
31.73348559813673	1.00042428402772
31.8314284549211	1.0004123103689204
31.929371311705474	1.00040067098474
32.027314168489845	1.0003893565453832
32.125257025274216	1.0003783579816594
32.22319988205859	1.0003676664776926
32.32114273884296	1.0003572734638346
32.41908559562733	1.0003471706097788
32.5170284524117	1.0003373498178654
32.61497130919607	1.000327803216575
32.71291416598044	1.0003185231542053
32.810857022764814	1.0003095021927244
32.908799879549186	1.0003007331017961
33.00674273633356	1.0002922088529735
33.10468559311793	1.0002839226140554
33.2026284499023	1.0002758677435994
33.30057130668667	1.0002680377855906
33.39851416347104	1.0002604264642585
33.49645702025541	1.0002530276790391
33.594399877039784	1.0002458354996788
33.692342733824155	1.000238844161475
33.790285590608526	1.0002320480606495
33.888228447392905	1.0002254417498524
33.98617130417727	1.0002190199337913
34.08411416096165	1.0002127774649825
34.18205701774601	1.000206709339622
34.27999987453038	1.0002008106935716
34.377942731314754	1.0001950767984569
34.475885588099125	1.000189503057875
34.573828444883496	1.0001840850037085
34.67177130166787	1.0001788182925424
34.76971415845224	1.0001736987021805
34.86765701523661	1.0001687221282605
34.96559987202098	1.0001638845809628
35.06354272880535	1.0001591821818123
35.16148558558973	1.0001546111605681
35.259428442374094	1.0001501678522018
35.35737129915847	1.0001458486939592
35.45531415594284	1.0001416502225051
35.553257012727215	1.000137569071147
35.65119986951158	1.0001336019671363
35.74914272629596	1.0001297457290463
35.84708558308032	1.0001259972642222
35.9450284398647	1.0001223535663029
36.042971296649064	1.0001188117128113
36.14091415343344	1.0001153688628133
36.23885701021781	1.0001120222546414
36.33679986700218	1.0001087692036819
36.434742723786556	1.0001056071002237
36.53268558057092	1.0001025334073677
36.6306284373553	1.0000995456589947
36.72857129413966	1.0000966414577899
36.82651415092404	1.0000938184733217
36.924457007708405	1.0000910744401756
37.02239986449278	1.0000884071561396
37.12034272127715	1.0000858144804396
37.218285578061526	1.000083294332026
37.31622843484589	1.0000808446879055
37.41417129163027	1.0000784635815216
37.51211414841463	1.0000761491011798
37.61005700519901	1.000073899388516
37.70799986198338	1.0000717126370091
37.80594271876775	1.0000695870905332
37.903885575552124	1.000067521041952
38.001828432336495	1.0000655128317522
38.099771289120866	1.0000635608467132
38.19771414590523	1.000061663518617
38.29565700268961	1.0000598193229917
38.39359985947397	1.0000580267778907
38.49154271625835	1.0000562844427061
38.589485573042715	1.0000545909170162
38.687428429827094	1.000052944839463
38.78537128661146	1.000051344886663
38.883314143395836	1.0000497897721476
38.98125700018021	1.0000482782453333
39.07919985696458	1.0000468090905197
39.17714271374895	1.0000453811259173
39.27508557053333	1.0000439932027012
39.37302842731769	1.0000426442040906
39.47097128410207	1.0000413330444555
39.568914140886434	1.000040058668448
39.66685699767081	1.0000388200501564
39.764799854455184	1.000037616192285
39.86274271123955	1.0000364461253555
39.960685568023926	1.0000353089069305
40.05862842480829	1.0000342036208596
40.15657128159267	1.000033129376546
40.25451413837703	1.0000320853082338
40.35245699516141	1.0000310705743145
40.450399851945775	1.0000300843566539
40.548342708730154	1.000029125859937
40.64628556551452	1.0000281943110316
40.744228422298896	1.0000272889583695
40.84217127908326	1.0000264090713449
40.94011413586764	1.0000255539397294
41.03805699265201	1.000024722873104
41.13599984943638	1.0000239152003065
41.23394270622075	1.000023130268894
41.33188556300512	1.000022367444621
41.429828419789494	1.0000216261109314
41.527771276573866	1.0000209056684661
41.62571413335824	1.000020205534582
41.72365699014261	1.0000195251428865
41.82159984692698	1.0000188639427843
41.91954270371134	1.000018221399036
42.01748556049572	1.0000175969913312
42.115428417280086	1.00001699021387
42.213371274064464	1.0000164005749606
42.311314130848835	1.0000158275966236
42.409256987633206	1.0000152708142114
42.50719984441758	1.000014729776035
42.60514270120195	1.0000142040430031
42.70308555798632	1.000013693188271
42.80102841477069	1.0000131967968984
42.89897127155506	1.0000127144655175
42.996914128339434	1.000012245802011
43.094856985123805	1.000011790425197
43.192799841908176	1.0000113479645252
43.29074269869255	1.0000109180597794
43.38868555547692	1.00001050036079
43.48662841226129	1.0000100945271533
43.58457126904566	1.0000097002279595
43.68251412583003	1.0000093171415279
43.7804569826144	1.0000089449551488
43.878399839398774	1.000008583364834
43.976342696183146	1.0000082320750736
44.07428555296752	1.000007890798599
44.17222840975189	1.0000075592561533
44.27017126653626	1.000007237176268
44.36811412332063	1.000006924295046
44.466056980105	1.0000066203559494
44.56399983688937	1.0000063251095954
44.661942693673744	1.0000060383135558
44.759885550458115	1.0000057597321643
44.85782840724249	1.0000054891363264
44.95577126402686	1.000005226303337
45.053714120811236	1.000004971016702
45.1516569775956	1.0000047230659657
45.24959983437998	1.0000044822465408
45.34754269116434	1.0000042483595464
45.44548554794872	1.0000040212116479
45.543428404733085	1.0000038006149028
45.641371261517456	1.0000035863866097
45.73931411830183	1.000003378349163
45.8372569750862	1.0000031763299102
45.93519983187057	1.0000029801610135
46.03314268865494	1.0000027896793162
46.13108554543932	1.0000026047262118
46.22902840222368	1.000002425147517
46.32697125900806	1.0000022507933488
46.424914115792426	1.000002081518004
46.522856972576804	1.0000019171798427
46.62079982936117	1.0000017576411753
46.718742686145546	1.0000016027681524
46.81668554292991	1.000001452430657
46.91462839971429	1.0000013065022015
47.01257125649865	1.0000011648598253
47.11051411328303	1.000001027383997
47.208456970067395	1.0000008939585192
47.306399826851774	1.0000007644704347
47.404342683636145	1.0000006388099367
47.50228554042051	1.0000005168702806
47.60022839720489	1.0000003985476988
47.69817125398925	1.0000002837413178
47.79611411077363	1.0000001723530767
47.894056967557994	1.00000006428765
47.99199982434237	0.9999999594523707
48.089942681126736	0.9999998577571557
48.187885537911114	0.9999997591144344
48.28582839469548	0.9999996634390783
48.38377125147986	0.9999995706483331
48.48171410826422	0.9999994806617524
48.5796569650486	0.9999993934011332
48.67759982183297	0.9999993087904535
48.77554267861734	0.9999992267558115
48.87348553540171	0.9999991472253663
48.971428392186084	0.9999990701292806
49.069371248970455	0.9999989953996645
49.167314105754826	0.9999989229705218
49.2652569625392	0.9999988527776967
49.36319981932357	0.9999987847588224
49.46114267610794	0.9999987188532716
49.559085532892304	0.9999986550021078
49.65702838967668	0.999998593148038
49.75497124646105	0.999998533235367
49.852914103245425	0.999998475209953
49.950856960029796	0.999998419019164
50.04879981681417	0.9999983646118358
50.14674267359854	0.9999983119382312
50.24468553038291	0.9999982609499999
50.34262838716728	0.9999982116001401
50.44057124395165	0.9999981638429608
50.53851410073602	0.9999981176340452
50.636456957520394	0.9999980729302154
50.734399814304766	0.9999980296894972
50.83234267108914	0.9999979878710875
50.93028552787351	0.9999979474353208
51.02822838465788	0.9999979083436379
51.12617124144225	0.9999978705585548
51.22411409822662	0.9999978340436332
51.32205695501099	0.9999977987634506
51.419999811795364	0.9999977646835727
51.517942668579735	0.9999977317705253
51.61588552536411	0.9999976999917678
51.71382838214848	0.999997669315667
51.81177123893285	0.9999976397114722
51.90971409571722	0.9999976111492898
52.00765695250159	0.9999975836000602
52.10559980928596	0.9999975570355342
52.203542666070334	0.9999975314282503
52.301485522854705	0.999997506751513
52.399428379639076	0.9999974829793712
52.497371236423454	0.9999974600865974
52.59531409320782	0.9999974380486679
52.6932569499922	0.9999974168417427
52.79119980677656	0.9999973964426468
52.88914266356094	0.9999973768288515
52.9870855203453	0.9999973579784561
53.085028377129674	0.9999973398701711
53.182971233914046	0.9999973224833005
53.28091409069842	0.9999973057977255
53.37885694748279	0.9999972897938882
53.47679980426716	0.9999972744527765
53.57474266105153	0.9999972597559083
53.6726855178359	0.9999972456853168
53.77062837462028	0.9999972322235364
53.868571231404644	0.9999972193535888
53.96651408818902	0.9999972070589687
54.06445694497339	0.9999971953236314
54.162399801757765	0.9999971841319798
54.26034265854213	0.9999971734688514
54.35828551532651	0.9999971633195069
54.45622837211087	0.9999971536696178
54.55417122889525	0.9999971445052553
54.652114085679614	0.9999971358128792
54.75005694246399	0.9999971275793266
54.847999799248356	0.9999971197918017
54.945942656032734	0.9999971124378659
55.043885512817106	0.9999971055054272
55.14182836960147	0.9999970989827309
55.23977122638585	0.9999970928583501
55.33771408317021	0.9999970871211766
55.43565693995459	0.999997081760412
55.533599796738955	0.9999970767655589
55.63154265352333	0.9999970721264129
55.7294855103077	0.999997067833054
55.827428367092075	0.9999970638758389
55.92537122387644	0.9999970602453931
56.02331408066082	0.9999970569326039
56.12125693744519	0.9999970539286123
56.21919979422956	0.9999970512248065
56.31714265101393	0.9999970488128151
56.4150855077983	0.9999970466845001
56.513028364582674	0.9999970448319501
56.610971221367045	0.9999970432474746
56.708914078151416	0.9999970419235976
56.80685693493579	0.9999970408530515
56.90479979172016	0.9999970400287715
57.00274264850452	0.9999970394438897
57.1006855052889	0.9999970390917298
57.198628362073265	0.9999970389658015
57.29657121885764	0.9999970390597958
57.394514075642014	0.9999970393675793
57.492456932426386	0.9999970398831901
57.59039978921076	0.9999970406008323
57.68834264599513	0.9999970415148716
57.7862855027795	0.9999970426198308
57.88422835956387	0.9999970439103856
57.98217121634824	0.9999970453813601
58.08011407313261	0.9999970470277229
58.178056929916984	0.9999970488445825
58.275999786701355	0.9999970508271843
58.37394264348573	0.9999970529709059
58.4718855002701	0.9999970552712543
58.56982835705447	0.9999970577238612
58.66777121383885	0.9999970603244805
58.76571407062321	0.9999970630689846
58.86365692740758	0.9999970659533607
58.961599784191954	0.999997068973708
59.059542640976325	0.9999970721262346
59.157485497760696	0.9999970754072542
59.25542835454507	0.9999970788131836
59.35337121132944	0.9999970823405391
59.45131406811381	0.9999970859859345
59.54925692489818	0.9999970897460779
59.64719978168255	0.9999970936177692
59.74514263846692	0.9999970975978976
59.84308549525129	0.9999971016834389
59.94102835203567	0.9999971058714534
60.03897120882004	0.9999971101590833
60.13691406560441	0.9999971145435507
60.234856922388786	0.9999971190221547
60.33279977917316	0.9999971235922702
60.43074263595752	0.9999971282513451
60.52868549274189	0.9999971329968986
60.62662834952627	0.9999971378265189
60.724571206310635	0.9999971427378614
60.82251406309501	0.9999971477286473
60.92045691987938	0.999997152796661
61.018399776663756	0.9999971579397487
61.11634263344812	0.9999971631558168
61.21428549023249	0.9999971684428299
61.31222834701687	0.9999971737988097
61.41017120380124	0.9999971792218327
61.508114060585605	0.9999971847100293
61.606056917369976	0.9999971902615818
61.703999774154354	0.9999971958747235
61.801942630938726	0.9999972015477366
61.89988548772309	0.9999972072789517
61.99782834450746	0.9999972130667454
62.09577120129184	0.99999721890954
62.19371405807621	0.9999972248058016
62.291656914860575	0.999997230754039
62.389599771644946	0.9999972367528028
62.487542628429324	0.9999972428006839
62.585485485213695	0.9999972488963126
62.68342834199806	0.9999972550383571
62.78137119878244	0.9999972612255232
62.87931405556681	0.9999972674565525
62.97725691235117	0.9999972737302216
63.075199769135544	0.9999972800453415
63.17314262591992	0.9999972864007561
63.271085482704294	0.9999972927953419
63.36902833948866	0.9999972992280062
63.46697119627303	0.9999973056976872
63.56491405305741	0.9999973122033526
63.66285690984178	0.9999973187439989
63.76079976662614	0.9999973253186505
63.85874262341053	0.999997331926359
63.95668548019489	0.9999973385662025
64.05462833697926	0.999997345237285
64.15257119376363	0.9999973519387352
64.250514050548	0.9999973586697062
64.34845690733238	0.9999973654293748
64.44639976411675	0.9999973722169405
64.54434262090112	0.9999973790316256
64.64228547768549	0.9999973858726735
64.74022833446986	0.9999973927393492
64.83817119125423	0.9999973996309378
64.93611404803859	0.9999974065467446
65.03405690482298	0.9999974134860943
65.13199976160735	0.9999974204483303
65.22994261839172	0.9999974274328143
65.32788547517609	0.9999974344389259
65.42582833196046	0.9999974414660618
65.52377118874483	0.9999974485136359
65.6217140455292	0.9999974555810781
65.71965690231357	0.9999974626678343
65.81759975909794	0.9999974697733659
65.91554261588232	0.9999974768971494
66.01348547266669	0.9999974840386756
66.11142832945106	0.9999974911974499
66.20937118623543	0.999997498372991
66.3073140430198	0.9999975055648316
66.40525689980417	0.9999975127725169
66.50319975658854	0.9999975199956053
66.60114261337291	0.999997527233667
66.69908547015729	0.9999975344862845
66.79702832694166	0.9999975417530519
66.89497118372603	0.9999975490335745
66.9929140405104	0.9999975563274688
67.09085689729477	0.9999975636343618
67.18879975407914	0.999997570953891
67.28674261086351	0.999997578285704
67.38468546764788	0.9999975856294584
67.48262832443227	0.999997592984821
67.58057118121663	0.9999976003514682
67.678514038001	0.9999976077290852
67.77645689478537	0.9999976151173661
67.87439975156975	0.9999976225160134
67.97234260835411	0.9999976299247382
68.07028546513848	0.9999976373432593
68.16822832192285	0.9999976447713035
68.26617117870722	0.9999976522086053
68.3641140354916	0.9999976596549065
68.46205689227597	0.9999976671099561
68.55999974906034	0.9999976745735102
68.65794260584471	0.9999976820453316
68.75588546262908	0.9999976895251896
68.85382831941345	0.9999976970128603
68.95177117619784	0.9999977045081258
69.0497140329822	0.999997712010774
69.14765688976657	0.9999977195205993
69.24559974655094	0.9999977270374015
69.34354260333532	0.999997734560986
69.44148546011968	0.9999977420911635
69.53942831690405	0.9999977496277505
69.63737117368842	0.9999977571705679
69.73531403047281	0.9999977647194421
69.83325688725716	0.9999977722742042
69.93119974404154	0.99999777983469
70.02914260082592	0.9999977874007397
70.12708545761028	0.9999977949721984
70.22502831439465	0.9999978025489151
70.32297117117902	0.9999978101307433
70.4209140279634	0.9999978177175403
70.51885688474776	0.9999978253091675
70.61679974153213	0.9999978329054903
70.7147425983165	0.9999978405063777
70.81268545510089	0.9999978481117026
70.91062831188525	0.9999978557213409
71.00857116866962	0.9999978633351726
71.10651402545399	0.9999978709530806
71.20445688223838	0.9999978785749513
71.30239973902273	0.9999978862006741
71.4003425958071	0.9999978938301416
71.49828545259149	0.9999979014632494
71.59622830937586	0.9999979090998959
71.69417116616022	0.9999979167399826
71.79211402294459	0.9999979243834134
71.89005687972897	0.999997932030095
71.98799973651334	0.9999979396799369
72.0859425932977	0.9999979473328509
72.18388545008207	0.9999979549887512
72.28182830686646	0.9999979626475547
72.37977116365082	0.9999979703091804
72.47771402043519	0.9999979779735495
72.57565687721957	0.9999979856405856
72.67359973400394	0.9999979933102142
72.7715425907883	0.9999980009823631
72.86948544757267	0.9999980086569621
72.96742830435706	0.9999980163339427
73.06537116114143	0.9999980240132385
73.16331401792579	0.999998031694785
73.26125687471016	0.9999980393785194
73.35919973149454	0.9999980470643807
73.45714258827891	0.9999980547523095
73.55508544506327	0.9999980624422483
73.65302830184764	0.999998070134141
73.75097115863203	0.999998077827933
73.8489140154164	0.9999980855235715
73.94685687220075	0.9999980932210049
74.04479972898514	0.999998100920183
74.14274258576951	0.9999981086210574
74.24068544255387	0.9999981163235807
74.33862829933824	0.9999981240277069
74.43657115612262	0.9999981317333914
74.534514012907	0.9999981394405905
74.63245686969135	0.999998147149262
74.73039972647572	0.9999981548593652
74.82834258326011	0.9999981625708597
74.92628544004448	0.9999981702837071
75.02422829682884	0.9999981779978694
75.12217115361322	0.99999818571331
75.2201140103976	0.9999981934299933
75.31805686718197	0.9999982011478846
75.41599972396632	0.9999982088669502
75.51394258075071	0.9999982165871574
75.61188543753508	0.9999982243084743
75.70982829431945	0.99999823203087
75.80777115110381	0.9999982397543145
75.9057140078882	0.9999982474787783
76.00365686467256	0.9999982552042332
76.10159972145692	0.9999982629306515
76.19954257824129	0.9999982706580063
76.29748543502568	0.9999982783862715
76.39542829181005	0.9999982861154217
76.4933711485944	0.9999982938454323
76.59131400537879	0.9999983015762791
76.68925686216316	0.999998309307939
76.78719971894753	0.9999983170403892
76.88514257573189	0.9999983247736077
76.98308543251628	0.9999983325075732
77.08102828930065	0.9999983402422646
77.17897114608502	0.9999983479776619
77.27691400286938	0.9999983557137452
77.37485685965376	0.9999983634504955
77.47279971643813	0.9999983711878943
77.5707425732225	0.9999983789259232
77.66868543000687	0.999998386664565
77.76662828679125	0.9999983944038023
77.86457114357562	0.9999984021436187
77.96251400035999	0.9999984098839979
78.06045685714436	0.9999984176249244
78.15839971392873	0.9999984253663827
78.2563425707131	0.9999984331083581
78.35428542749746	0.9999984408508362
78.45222828428184	0.9999984485938029
78.55017114106622	0.9999984563372447
78.64811399785059	0.9999984640811482
78.74605685463494	0.9999984718255006
78.84399971141933	0.9999984795702893
78.9419425682037	0.9999984873155022
79.03988542498807	0.9999984950611276
79.13782828177244	0.9999985028071537
79.23577113855681	0.9999985105535696
79.33371399534118	0.9999985183003642
79.43165685212556	0.9999985260475271
79.52959970890993	0.9999985337950481
79.6275425656943	0.999998541542917
79.72548542247867	0.9999985492911242
79.82342827926304	0.9999985570396602
79.92137113604741	0.999998564788516
80.01931399283178	0.9999985725376825
80.11725684961615	0.9999985802871512
80.21519970640053	0.9999985880369134
80.3131425631849	0.9999985957869613
80.41108541996927	0.9999986035372866
80.50902827675364	0.9999986112878818
80.60697113353801	0.9999986190387392
80.70491399032238	0.9999986267898515
80.80285684710675	0.9999986345412117
80.90079970389112	0.9999986422928129
80.9987425606755	0.9999986500446482
81.09668541745987	0.9999986577967112
81.19462827424424	0.9999986655489954
81.29257113102861	0.9999986733014948
81.39051398781298	0.9999986810542034
81.48845684459735	0.9999986888071153
81.58639970138172	0.9999986965602249
81.6843425581661	0.9999987043135266
81.78228541495046	0.999998712067015
81.88022827173484	0.999998719820685
81.97817112851921	0.9999987275745316
82.07611398530358	0.9999987353285497
82.17405684208795	0.9999987430827345
82.27199969887232	0.9999987508370816
82.36994255565669	0.9999987585915862
82.46788541244106	0.999998766346244
82.56582826922543	0.9999987741010508
82.6637711260098	0.9999987818560023
82.76171398279419	0.9999987896110947
82.85965683957855	0.9999987973663238
82.95759969636292	0.9999988051216859
83.05554255314729	0.9999988128771774
83.15348540993168	0.9999988206327945
83.25142826671603	0.9999988283885339
83.3493711235004	0.999998836144392
83.44731398028478	0.9999988439003655
83.54525683706915	0.9999988516564513
83.64319969385352	0.9999988594126462
83.74114255063789	0.9999988671689471
83.83908540742227	0.9999988749253512
83.93702826420663	0.9999988826818555
84.034971120991	0.9999988904384572
84.13291397777537	0.9999988981951538
84.23085683455976	0.9999989059519423
84.32879969134412	0.9999989137088203
84.42674254812849	0.9999989214657854
84.52468540491286	0.999998929222835
84.62262826169724	0.9999989369799668
84.7205711184816	0.9999989447371785
84.81851397526597	0.9999989524944679
84.91645683205034	0.9999989602518329
85.01439968883473	0.9999989680092712
85.11234254561909	0.999998975766781
85.21028540240346	0.99999898352436
85.30822825918784	0.9999989912820065
85.4061711159722	0.9999989990397186
85.50411397275657	0.9999990067974943
85.60205682954094	0.999999014555332
85.69999968632533	0.9999990223132299
85.79794254310968	0.9999990300711863
85.89588539989406	0.9999990378291996
85.99382825667843	0.9999990455872683
86.09177111346281	0.9999990533453906
86.18971397024717	0.9999990611035653
86.28765682703154	0.9999990688617907
86.38559968381593	0.9999990766200655
86.4835425406003	0.9999990843783882
86.58148539738465	0.9999990921367578
86.67942825416903	0.9999990998951725
86.77737111095341	0.9999991076536314
86.87531396773778	0.9999991154121332
86.97325682452214	0.9999991231706765
87.07119968130651	0.9999991309292604
87.1691425380909	0.9999991386878836
87.26708539487525	0.9999991464465451
87.36502825165962	0.9999991542052438
87.462971108444	0.9999991619639785
87.56091396522838	0.9999991697227485
87.65885682201274	0.9999991774815525
87.75679967879711	0.9999991852403898
87.8547425355815	0.9999991929992592
87.95268539236586	0.9999992007581601
88.05062824915022	0.9999992085170913
88.1485711059346	0.9999992162760523
88.24651396271898	0.9999992240350419
88.34445681950335	0.9999992317940596
88.4423996762877	0.9999992395531044
88.54034253307208	0.9999992473121757
88.63828538985646	0.9999992550712726
88.73622824664083	0.9999992628303945
88.83417110342519	0.9999992705895407
88.93211396020958	0.9999992783487105
89.03005681699395	0.9999992861079031
89.12799967377832	0.999999293867118
89.22594253056268	0.9999993016263546
89.32388538734706	0.9999993093856122
89.42182824413143	0.9999993171448902
89.51977110091579	0.9999993249041881
89.61771395770016	0.9999993326635053
89.71565681448455	0.9999993404228412
89.81359967126892	0.9999993481821954
89.91154252805327	0.9999993559415672
90.00948538483765	0.9999993637009562
90.10742824162203	0.9999993714603619
90.2053710984064	0.9999993792197839
90.30331395519076	0.9999993869792216
90.40125681197514	0.9999993947386747
90.49919966875952	0.9999994024981427
90.59714252554389	0.9999994102576251
90.69508538232824	0.9999994180171214
90.79302823911263	0.9999994257766315
90.890971095897	0.9999994335361547
90.98891395268137	0.9999994412956908
91.08685680946573	0.9999994490552395
91.18479966625011	0.9999994568148003
91.28274252303449	0.9999994645743728
91.38068537981884	0.9999994723339568
91.47862823660323	0.9999994800935519
91.5765710933876	0.9999994878531577
91.67451395017197	0.9999994956127741
91.77245680695633	0.9999995033724006
91.87039966374071	0.999999511132037
91.96834252052508	0.9999995188916829
92.06628537730946	0.9999995266513382
92.16422823409381	0.9999995344110024
92.2621710908782	0.9999995421706754
92.36011394766257	0.9999995499303569
92.45805680444694	0.9999995576900466
92.5559996612313	0.9999995654497442
92.65394251801568	0.9999995732094497
92.75188537480005	0.9999995809691625
92.84982823158442	0.9999995887288827
92.9477710883688	0.9999995964886099
93.04571394515317	0.999999604248344
93.14365680193754	0.9999996120080846
93.2415996587219	0.9999996197678317
93.33954251550628	0.999999627527585
93.43748537229065	0.9999996352873443
93.53542822907502	0.9999996430471093
93.63337108585938	0.99999965080688
93.73131394264377	0.9999996585666562
93.82925679942814	0.9999996663264377
93.92719965621251	0.9999996740862241
94.02514251299688	0.9999996818460156
94.12308536978125	0.9999996896058119
94.22102822656562	0.9999996973656127
94.31897108335	0.9999997051254179
94.41691394013436	0.9999997128852274
94.51485679691874	0.999999720645041
94.6127996537031	0.9999997284048585
94.71074251048748	0.99999973616468
94.80868536727185	0.9999997439245051
94.90662822405622	0.9999997516843337
95.00457108084059	0.9999997594441659
95.10251393762496	0.9999997672040012
95.20045679440933	0.9999997749638396
95.2983996511937	0.9999997827236811
95.39634250797808	0.9999997904835254
95.49428536476245	0.9999997982433725
95.59222822154682	0.9999998060032222
95.69017107833119	0.9999998137630746
95.78811393511556	0.9999998215229292
95.88605679189993	0.9999998292827862
95.9839996486843	0.9999998370426453
96.08194250546867	0.9999998448025065
96.17988536225305	0.9999998525623696
96.27782821903742	0.9999998603222345
96.37577107582179	0.9999998680821013
96.47371393260616	0.9999998758419696
96.57165678939053	0.9999998836018394
96.6695996461749	0.9999998913617106
96.76754250295927	0.9999998991215832
96.86548535974364	0.9999999068814569
96.96342821652802	0.9999999146413318
97.06137107331239	0.9999999224012076
97.15931393009676	0.9999999301610843
97.25725678688113	0.999999937920962
97.3551996436655	0.9999999456808403
97.45314250044987	0.9999999534407191
97.55108535723424	0.9999999612005985
97.64902821401861	0.9999999689604784
97.74697107080299	0.9999999767203586
97.84491392758736	0.999999984480239
97.94285678437173	0.9999999922401195
97.94285678437338	1.0
