0.0	75624.03583755474
0.0979428567843734	75624.03582780689
0.1958857135687468	3830.387782646523
0.29382857035312016	1102.2077677854377
0.3917714271374936	511.69010217857897
0.489714283921867	294.204767566862
0.5876571407062404	190.89301920543159
0.6855999974906137	133.8717108112609
0.7835428542749872	99.11500485510952
0.8814857110593605	76.37831467181255
0.9794285678437338	60.696573943817576
1.077371424628107	49.426631424224496
1.1753142814124804	41.056443868380256
1.2732571381968536	34.670303925904676
1.3711999949812272	29.687367262802844
1.4691428517656007	25.72477552411268
1.5670857085499743	22.521868723623463
1.6650285653343475	19.896204079625587
1.7629714221187212	17.716992744223223
1.8609142789030946	15.888494941994415
1.958857135687468	14.339324623533608
2.0567999924718414	13.015376791316791
2.154742849256215	11.87504011932971
2.2526857060405883	10.885888332676753
2.350628562824962	10.022350461951968
2.448571419609335	9.26404246011766
2.5465142763937085	8.594554003994578
2.644457133178082	8.000553891846794
2.742399989962456	7.471121886421337
2.8403428467468292	6.997243788857021
2.938285703531202	6.5714257105042595
3.0362285603155756	6.1873964356952476
3.1341714170999495	5.839875611948457
3.232114273884323	5.524391639826122
3.3300571306686964	5.237137447488254
3.4279999874530698	4.97485540341205
3.525942844237443	4.734744828627169
3.623885701021817	4.5143871753714135
3.7218285578061905	4.311685118239061
3.819771414590564	4.124812678004935
3.9177142713749373	3.9521741519794285
4.015657128159311	3.792370117626518
4.113599984943685	3.6441691507207947
4.211542841728058	3.5064841860476177
4.309485698512431	3.378352669691166
4.407428555296804	3.2589198234904213
4.505371412081177	3.1474244762014996
4.603314268865551	3.0431870211466987
4.701257125649925	2.9455991432852344
4.799199982434298	2.854115024701986
4.897142839218671	2.768243790265755
4.995085696003044	2.6875429975473906
5.093028552787418	2.6116130092291323
5.190971409571792	2.5400921138924897
5.288914266356165	2.4726522835726024
5.386857123140539	2.4089954748500677
5.4847999799249125	2.348850395330612
5.5827428367092855	2.2919696697802423
5.680685693493659	2.238127350446664
5.778628550278032	2.187116724610794
5.876571407062406	2.138748379497934
5.97451426384678	2.092848490595457
6.072457120631153	2.0492573043812277
6.170399977415527	2.0078277906329567
6.2683428341999	1.9684244430001003
6.366285690984273	1.9309222094880807
6.464228547768647	1.8952055370206329
6.56217140455302	1.8611675163845345
6.660114261337394	1.8287091156832982
6.7580571181217675	1.7977384919832389
6.85599997490614	1.768170372168608
6.953942831690514	1.7399254951670309
7.051885688474887	1.7129301086912605
7.149828545259261	1.6871155144924712
7.247771402043635	1.6624176568542128
7.345714258828008	1.6387767496917085
7.443657115612382	1.616136938172728
7.541599972396755	1.5944459912558429
7.639542829181128	1.573655021959681
7.737485685965503	1.5537182325414765
7.835428542749875	1.5345926820821003
7.933371399534249	1.5162380742541015
8.031314256318622	1.4986165632944142
8.129257113102996	1.4816925764188535
8.22719996988737	1.4654326511052285
8.325142826671744	1.4498052858391868
8.423085683456115	1.4347808030646705
8.52102854024049	1.4203312232115595
8.618971397024863	1.4064301487888706
8.716914253809238	1.393052657634609
8.81485711059361	1.3801752045046318
8.912799967377984	1.3677755302640868
9.010742824162357	1.3558325780173202
9.10868568094673	1.3443264155766816
9.206628537731104	1.3332381637282917
9.304571394515477	1.3225499298043804
9.402514251299852	1.3122447461179703
9.500457108084223	1.3023065128570543
9.598399964868598	1.2927199450725646
9.696342821652971	1.2834705234278037
9.794285678437346	1.2745444484070423
9.892228535221719	1.26592859770803
9.990171392006092	1.2576104865675448
10.088114248790465	1.2495782307911252
10.18605710557484	1.241820512278001
10.283999962359212	1.2343265468502351
10.381942819143587	1.227086054211359
10.479885675927958	1.2200892298745492
10.577828532712331	1.213326718913768
10.675771389496706	1.2067895914034508
10.773714246281079	1.2004693194233587
10.871657103065454	1.1943577555152671
10.969599959849825	1.1884471124873017
11.0675428166342	1.1827299444700674
11.165485673418573	1.1771991291363182
11.263428530202948	1.1718478510028494
11.36137138698732	1.166669585739632
11.459314243771693	1.1616580854170044
11.557257100556066	1.1568073646270307
11.655199957340441	1.1521116874199993
11.753142814124814	1.1475655550014718
11.851085670909189	1.143163694139382
11.94902852769356	1.1389010462344167
12.046971384477935	1.134772757010364
12.144914241262308	1.1307741667842555
12.24285709804668	1.1269008012790522
12.340799954831056	1.1231483629442887
12.438742811615429	1.1195127227525556
12.536685668399802	1.1159899124419734
12.634628525184175	1.112576117176899
12.73257138196855	1.1092676686010445
12.830514238752922	1.1060610382589653
12.928457095537297	1.1029528313635282
13.026399952321668	1.0999397808884892
13.124342809106043	1.0970187419667243
13.222285665890416	1.0941866865759584
13.32022852267479	1.0914406984950462
13.418171379459164	1.0887779685149805
13.516114236243537	1.08619578988984
13.61405709302791	1.08369155401385
13.711999949812283	1.0812627463116296
13.809942806596657	1.0789069423295203
13.90788566338103	1.0766218040166726
14.005828520165403	1.0744050761852737
14.103771376949776	1.0722545831399781
14.201714233734151	1.0701682254672127
14.299657090518524	1.0681439769756151
14.397599947302899	1.0661798817793973
14.49554280408727	1.0642740515169304
14.593485660871645	1.0624246626973148
14.691428517656018	1.060629954168136
14.789371374440393	1.0588882246980147
14.887314231224765	1.0571978306679384
14.985257088009138	1.055557183865722
15.083199944793513	1.0539647493782711
15.181142801577884	1.0524190435766363
15.27908565836226	1.0509186321891375
15.377028515146634	1.0494621284581076
15.474971371931005	1.0480481913760604
15.572914228715378	1.0466755239973262
15.670857085499753	1.0453428718214226
15.768799942284128	1.0440490212446356
15.866742799068499	1.042792798076485
15.964685655852874	1.0415730661179317
16.062628512637247	1.0403887257983548
16.16057136942162	1.0392387128684948
16.258514226205993	1.038121997146705
16.356457082990367	1.0370375813160015
16.454399939774742	1.035984499769534
16.552342796559117	1.0349618175022286
16.650285653343488	1.0339686290464711
16.748228510127863	1.0330040574498125
16.846171366912234	1.0320672532927828
16.94411422369661	1.0311573937450014
17.04205708048098	1.0302736816578617
17.139999937265355	1.029415344692161
17.23794279404973	1.0285816344791237
17.3358856508341	1.0277718258133512
17.433828507618475	1.0269852158763015
17.53177136440285	1.0262211234889698
17.629714221187225	1.025478888392513
17.727657077971596	1.0247578705556197
17.825599934755967	1.024057449507485
17.923542791540342	1.023377023695307
18.021485648324717	1.0227160098652748
18.119428505109088	1.0220738424660654
18.217371361893463	1.0214499730739166
18.315314218677837	1.020843869838384
18.413257075462212	1.0202550169479354
18.511199932246583	1.019682914114575
18.609142789030958	1.0191270760767244
18.707085645815333	1.0185870321196302
18.805028502599704	1.0180623256125925
18.902971359384075	1.017552513562349
19.00091421616845	1.0170571661819767
19.098857072952825	1.016575866474698
19.196799929737196	1.0161082098320138
19.29474278652157	1.0156538036456053
19.392685643305946	1.0152122669324732
19.49062850009032	1.014783229972808
19.58857135687469	1.0143663339601028
19.686514213659063	1.0139612306630486
19.784457070443434	1.0135675820987635
19.882399927227805	1.0131850602169339
19.980342784012176	1.0128133465944584
20.078285640796544	1.012452132140207
20.176228497580915	1.0121011168095195
20.274171354365286	1.0117600093280903
20.372114211149658	1.0114285269248902
20.47005706793403	1.0111063950738044
20.5679999247184	1.0107933472436668
20.665942781502775	1.0104891246563894
20.763885638287146	1.0101934760528999
20.861828495071517	1.009906157466607
20.95977135185589	1.0096269320041276
21.05771420864026	1.0093555696330199
21.15565706542463	1.0090918469762775
21.253599922209002	1.0088355471133479
21.351542778993373	1.0085864593874474
21.449485635777744	1.0083443792189568
21.547428492562116	1.0081091079246878
21.645371349346487	1.0078804525428169
21.743314206130858	1.0076582256632975
21.84125706291523	1.0074422452635599
21.9391999196996	1.0072323345493213
22.03714277648397	1.0070283218003364
22.135085633268343	1.0068300402209192
22.233028490052714	1.006637327795077
22.330971346837085	1.0064500271461072
22.428914203621456	1.0062679854005012
22.526857060405828	1.006091054056022
22.6247999171902	1.0059190888538103
22.72274277397457	1.0057519496543932
22.82068563075894	1.0055895003174629
22.918628487543312	1.0054316085853068
23.016571344327684	1.0052781459697682
23.114514201112055	1.0051289876426237
23.21245705789643	1.0049840123292688
23.3103999146808	1.004843102205603
23.408342771465172	1.0047061427980142
23.506285628249543	1.0045730228863623
23.604228485033914	1.0044436344098675
23.702171341818286	1.0043178723758102
23.800114198602657	1.0041956347709544
23.898057055387024	1.0040768224756085
23.995999912171396	1.0039613391802407
24.093942768955767	1.003849091304569
24.191885625740138	1.003739987919049
24.28982848252451	1.003633940668683
24.38777133930888	1.0035308636990803
24.485714196093255	1.0034306735846985
24.583657052877626	1.0033332892591973
24.681599909661998	1.003238631947841
24.77954276644637	1.0031466251018855
24.87748562323074	1.0030571943348898
24.97542848001511	1.0029702673608931
25.073371336799482	1.0028857739343995
25.171314193583854	1.0028036457921166
25.269257050368225	1.0027238165963936
25.367199907152596	1.002646221880308
25.465142763936967	1.0025707989943504
25.56308562072134	1.0024974870546597
25.661028477505713	1.0024262268927613
25.75897133429008	1.0023569610067646
25.856914191074452	1.0022896335139735
25.954857047858823	1.0022241901048692
26.052799904643194	1.0021605779984246
26.150742761427566	1.0020987458987094
26.248685618211937	1.0020386439527473
26.346628474996308	1.0019802237095903
26.44457133178068	1.0019234380805697
26.54251418856505	1.001868241300694
26.64045704534942	1.0018145888911556
26.738399902133793	1.0017624376229146
26.836342758918164	1.0017117454813305
26.93428561570254	1.0016624716318068
27.03222847248691	1.0016145763864213
27.13017132927128	1.0015680211715123
27.228114186055652	1.0015227684961938
27.326057042840024	1.0014787819217692
27.423999899624395	1.001436026032022
27.521942756408766	1.001394466404354
27.619885613193137	1.0013540695817469
27.717828469977505	1.0013148030455254
27.815771326761876	1.0012766351888964
27.913714183546247	1.0012395352912418
28.01165704033062	1.0012034734931436
28.10959989711499	1.001168420772121
28.207542753899364	1.001134348919056
28.305485610683736	1.0011012305152913
28.403428467468107	1.0010690389103767
28.501371324252478	1.0010377482004496
28.59931418103685	1.0010073332072285
28.69725703782122	1.0009777694576025
28.79519989460559	1.0009490331637998
28.893142751389963	1.0009211012041184
28.991085608174334	1.000893951104203
29.089028464958705	1.0008675610188515
29.186971321743076	1.000841909714338
29.284914178527448	1.000816976551234
29.38285703531182	1.0007927414677185
29.480799892096194	1.0007691849633564
29.57874274888056	1.000746288083339
29.676685605664932	1.0007240324031672
29.774628462449304	1.0007024000137685
29.87257131923367	1.0006813735070341
29.970514176018046	1.0006609359617644
30.06845703280242	1.0006410709300109
30.16639988958679	1.0006217624238027
30.264342746371163	1.0006029949022488
30.36228560315553	1.0005847532590024
30.460228459939906	1.00056702281008
30.558171316724273	1.0005497892820223
30.656114173508648	1.0005330388003895
30.754057030293016	1.0005167578785799
30.85199988707739	1.0005009334069639
30.949942743861758	1.0004855526423235
31.047885600646133	1.000470603197589
31.1458284574305	1.0004560730318637
31.243771314214875	1.0004419504407305
31.341714170999246	1.0004282240468303
31.439657027783618	1.0004148827907047
31.53759988456799	1.0004019159218973
31.635542741352356	1.0003893129903036
31.73348559813673	1.0003770638377654
31.8314284549211	1.0003651585898998
31.929371311705474	1.000353587648159
32.027314168489845	1.000342341682112
32.125257025274216	1.0003314116219435
32.22319988205859	1.0003207886511631
32.32114273884296	1.000310464199519
32.41908559562733	1.0003004299361113
32.5170284524117	1.000290677762697
32.61497130919607	1.0002811998071837
32.71291416598044	1.0002719884173064
32.810857022764814	1.0002630361544802
32.908799879549186	1.000254335787826
33.00674273633356	1.0002458802883636
33.10468559311793	1.0002376628233678
33.2026284499023	1.0002296767508823
33.30057130668667	1.000221915614387
33.39851416347104	1.000214373137616
33.49645702025541	1.000207043219519
33.594399877039784	1.0001999199293645
33.692342733824155	1.0001929975019819
33.790285590608526	1.000186270333133
33.888228447392905	1.0001797329750168
33.98617130417727	1.0001733801318984
34.08411416096165	1.00016720665586
34.18205701774601	1.0001612075426718
34.27999987453038	1.0001553779277779
34.377942731314754	1.000149713082394
34.475885588099125	1.0001442084097159
34.573828444883496	1.0001388594412324
34.67177130166787	1.0001336618331422
34.76971415845224	1.0001286113628705
34.86765701523661	1.0001237039256838
34.96559987202098	1.000118935531399
35.06354272880535	1.0001143023011843
35.16148558558973	1.0001098004644493
35.259428442374094	1.0001054263558231
35.35737129915847	1.000101176412216
35.45531415594284	1.0000970471699642
35.553257012727215	1.0000930352620523
35.65119986951158	1.0000891374154166
35.74914272629596	1.0000853504483211
35.84708558308032	1.0000816712678082
35.9450284398647	1.0000780968672198
36.042971296649064	1.0000746243237884
36.14091415343344	1.0000712507962952
36.23885701021781	1.0000679735227942
36.33679986700218	1.0000647898183983
36.434742723786556	1.0000616970731293
36.53268558057092	1.0000586927498267
36.6306284373553	1.000055774382115
36.72857129413966	1.000052939572428
36.82651415092404	1.000050185990089
36.924457007708405	1.000047511369443
37.02239986449278	1.0000449135080425
37.12034272127715	1.0000423902648836
37.218285578061526	1.0000399395586907
37.31622843484589	1.00003755936625
37.41417129163027	1.0000352477207894
37.51211414841463	1.0000330027104027
37.61005700519901	1.0000308224765195
37.70799986198338	1.0000287052124157
37.80594271876775	1.000026649161768
37.903885575552124	1.0000246526172463
38.001828432336495	1.0000227139191475
38.099771289120866	1.0000208314540664
38.19771414590523	1.0000190036536032
38.29565700268961	1.0000172289931084
38.39359985947397	1.000015505990462
38.49154271625835	1.000013833204887
38.589485573042715	1.0000122092357948
38.687428429827094	1.0000106327216658
38.78537128661146	1.0000091023389575
38.883314143395836	1.0000076168010459
38.98125700018021	1.0000061748571956
39.07919985696458	1.000004775291558
39.17714271374895	1.0000034169221985
39.27508557053333	1.0000020986001499
39.37302842731769	1.0000008192084928
39.47097128410207	0.9999995776614616
39.568914140886434	0.9999983729035756
39.66685699767081	0.9999972039087937
39.764799854455184	0.9999960696796931
39.86274271123955	0.9999949692466715
39.960685568023926	0.9999939016671706
40.05862842480829	0.9999928660249215
40.15657128159267	0.9999918614292118
40.25451413837703	0.9999908870141723
40.35245699516141	0.999989941938084
40.450399851945775	0.9999890253827047
40.548342708730154	0.9999881365526139
40.64628556551452	0.9999872746745762
40.744228422298896	0.9999864389969223
40.84217127908326	0.999985628788948
40.94011413586764	0.9999848433403288
41.03805699265201	0.9999840819605514
41.13599984943638	0.9999833439783617
41.23394270622075	0.999982628741227
41.33188556300512	0.999981935614814
41.429828419789494	0.9999812639824811
41.527771276573866	0.999980613244785
41.62571413335824	0.9999799828190011
41.72365699014261	0.9999793721386568
41.82159984692698	0.9999787806530787
41.91954270371134	0.9999782078269512
42.01748556049572	0.9999776531398891
42.115428417280086	0.9999771160860201
42.213371274064464	0.9999765961735809
42.311314130848835	0.9999760929245232
42.409256987633206	0.9999756058741311
42.50719984441758	0.9999751345706497
42.60514270120195	0.999974678574923
42.70308555798632	0.9999742374600428
42.80102841477069	0.9999738108110073
42.89897127155506	0.9999733982243888
42.996914128339434	0.9999729993080105
43.094856985123805	0.9999726136806336
43.192799841908176	0.9999722409716514
43.29074269869255	0.999971880820793
43.38868555547692	0.9999715328778354
43.48662841226129	0.9999711968023226
43.58457126904566	0.999970872263294
43.68251412583003	0.9999705589390186
43.7804569826144	0.9999702565167387
43.878399839398774	0.9999699646924183
43.976342696183146	0.9999696831705012
44.07428555296752	0.9999694116636736
44.17222840975189	0.9999691498926346
44.27017126653626	0.9999688975858726
44.36811412332063	0.999968654479448
44.466056980105	0.9999684203167823
44.56399983688937	0.9999681948484523
44.661942693673744	0.9999679778319911
44.759885550458115	0.9999677690316936
44.85782840724249	0.9999675682184284
44.95577126402686	0.9999673751694539
45.053714120811236	0.9999671896682407
45.1516569775956	0.999967011504298
45.24959983437998	0.9999668404730051
45.34754269116434	0.9999666763754478
45.44548554794872	0.9999665190182594
45.543428404733085	0.9999663682134659
45.641371261517456	0.9999662237783352
45.73931411830183	0.9999660855352318
45.8372569750862	0.9999659533114738
45.93519983187057	0.999965826939195
46.03314268865494	0.999965706255211
46.13108554543932	0.999965591100888
46.22902840222368	0.9999654813220163
46.32697125900806	0.9999653767686869
46.424914115792426	0.9999652772951713
46.522856972576804	0.9999651827598052
46.62079982936117	0.9999650930248749
46.718742686145546	0.9999650079565076
46.81668554292991	0.9999649274245634
46.91462839971429	0.9999648513025322
47.01257125649865	0.9999647794674318
47.11051411328303	0.9999647117997097
47.208456970067395	0.9999646481831476
47.306399826851774	0.9999645885047681
47.404342683636145	0.9999645326547447
47.50228554042051	0.9999644805263136
47.60022839720489	0.9999644320156884
47.69817125398925	0.9999643870219771
47.79611411077363	0.9999643454471014
47.894056967557994	0.9999643071957183
47.99199982434237	0.9999642721751433
48.089942681126736	0.9999642402952771
48.187885537911114	0.9999642114685329
48.28582839469548	0.9999641856097664
48.38377125147986	0.999964162636208
48.48171410826422	0.9999641424673962
48.5796569650486	0.9999641250251133
48.67759982183297	0.9999641102333233
48.77554267861734	0.9999640980181103
48.87348553540171	0.9999640883076197
48.971428392186084	0.9999640810320012
49.069371248970455	0.9999640761233519
49.167314105754826	0.9999640735156631
49.2652569625392	0.9999640731447664
49.36319981932357	0.9999640749482833
49.46114267610794	0.9999640788655748
49.559085532892304	0.999964084837693
49.65702838967668	0.9999640928073336
49.75497124646105	0.9999641027187908
49.852914103245425	0.9999641145179121
49.950856960029796	0.9999641281520553
50.04879981681417	0.999964143570046
50.14674267359854	0.9999641607221373
50.24468553038291	0.9999641795599694
50.34262838716728	0.9999642000365312
50.44057124395165	0.9999642221061226
50.53851410073602	0.9999642457243179
50.636456957520394	0.9999642708479304
50.734399814304766	0.9999642974349777
50.83234267108914	0.9999643254446484
50.93028552787351	0.9999643548372691
51.02822838465788	0.9999643855742727
51.12617124144225	0.9999644176181678
51.22411409822662	0.9999644509325083
51.32205695501099	0.9999644854818648
51.419999811795364	0.9999645212317958
51.517942668579735	0.9999645581488202
51.61588552536411	0.9999645962003908
51.71382838214848	0.9999646353548678
51.81177123893285	0.999964675581494
51.90971409571722	0.9999647168503699
52.00765695250159	0.9999647591324298
52.10559980928596	0.9999648023994183
52.203542666070334	0.9999648466238684
52.301485522854705	0.999964891779079
52.399428379639076	0.9999649378390933
52.497371236423454	0.9999649847786788
52.59531409320782	0.9999650325733063
52.6932569499922	0.9999650811991309
52.79119980677656	0.9999651306329727
52.88914266356094	0.9999651808522979
52.9870855203453	0.9999652318352016
53.085028377129674	0.9999652835603894
53.182971233914046	0.9999653360071609
53.28091409069842	0.9999653891553929
53.37885694748279	0.9999654429855235
53.47679980426716	0.9999654974785361
53.57474266105153	0.9999655526159449
53.6726855178359	0.999965608379779
53.77062837462028	0.9999656647525691
53.868571231404644	0.999965721717333
53.96651408818902	0.999965779257562
54.06445694497339	0.9999658373572079
54.162399801757765	0.9999658960006699
54.26034265854213	0.9999659551727823
54.35828551532651	0.9999660148588024
54.45622837211087	0.9999660750443987
54.55417122889525	0.9999661357156392
54.652114085679614	0.9999661968589805
54.75005694246399	0.9999662584612569
54.847999799248356	0.9999663205096698
54.945942656032734	0.9999663829917776
55.043885512817106	0.9999664458954858
55.14182836960147	0.9999665092090368
55.23977122638585	0.9999665729210013
55.33771408317021	0.9999666370202686
55.43565693995459	0.9999667014960375
55.533599796738955	0.9999667663378086
55.63154265352333	0.9999668315353748
55.7294855103077	0.999966897078814
55.827428367092075	0.9999669629584808
55.92537122387644	0.9999670291649984
56.02331408066082	0.9999670956892519
56.12125693744519	0.9999671625223804
56.21919979422956	0.9999672296557701
56.31714265101393	0.9999672970810476
56.4150855077983	0.9999673647900729
56.513028364582674	0.9999674327749328
56.610971221367045	0.9999675010279352
56.708914078151416	0.999967569541602
56.80685693493579	0.9999676383086642
56.90479979172016	0.9999677073220551
57.00274264850452	0.9999677765749052
57.1006855052889	0.9999678460605366
57.198628362073265	0.9999679157724576
57.29657121885764	0.9999679857043576
57.394514075642014	0.999968055850102
57.492456932426386	0.999968126203727
57.59039978921076	0.9999681967594355
57.68834264599513	0.9999682675115918
57.7862855027795	0.9999683384547177
57.88422835956387	0.9999684095834872
57.98217121634824	0.9999684808927234
58.08011407313261	0.9999685523773935
58.178056929916984	0.9999686240326049
58.275999786701355	0.9999686958536018
58.37394264348573	0.9999687678357609
58.4718855002701	0.9999688399745877
58.56982835705447	0.9999689122657132
58.66777121383885	0.99996898470489
58.76571407062321	0.9999690572879896
58.86365692740758	0.9999691300109981
58.961599784191954	0.9999692028700139
59.059542640976325	0.9999692758612441
59.157485497760696	0.9999693489810014
59.25542835454507	0.9999694222257017
59.35337121132944	0.9999694955918607
59.45131406811381	0.999969569076091
59.54925692489818	0.9999696426751001
59.64719978168255	0.999969716385687
59.74514263846692	0.9999697902047401
59.84308549525129	0.9999698641292345
59.94102835203567	0.9999699381562297
60.03897120882004	0.9999700122828673
60.13691406560441	0.9999700865063684
60.234856922388786	0.9999701608240319
60.33279977917316	0.9999702352332316
60.43074263595752	0.999970309731415
60.52868549274189	0.9999703843161004
60.62662834952627	0.9999704589848756
60.724571206310635	0.9999705337353955
60.82251406309501	0.9999706085653803
60.92045691987938	0.9999706834726142
61.018399776663756	0.9999707584549428
61.11634263344812	0.9999708335102717
61.21428549023249	0.9999709086365653
61.31222834701687	0.9999709838318447
61.41017120380124	0.9999710590941857
61.508114060585605	0.9999711344217184
61.606056917369976	0.9999712098126247
61.703999774154354	0.9999712852651371
61.801942630938726	0.9999713607775378
61.89988548772309	0.9999714363481566
61.99782834450746	0.9999715119753698
62.09577120129184	0.9999715876575993
62.19371405807621	0.9999716633933108
62.291656914860575	0.9999717391810127
62.389599771644946	0.9999718150192553
62.487542628429324	0.999971890906629
62.585485485213695	0.9999719668417636
62.68342834199806	0.9999720428233273
62.78137119878244	0.9999721188500252
62.87931405556681	0.9999721949205987
62.97725691235117	0.9999722710338244
63.075199769135544	0.9999723471885125
63.17314262591992	0.9999724233835068
63.271085482704294	0.9999724996176833
63.36902833948866	0.9999725758899494
63.46697119627303	0.9999726521992427
63.56491405305741	0.9999727285445308
63.66285690984178	0.9999728049248097
63.76079976662614	0.9999728813391037
63.85874262341053	0.9999729577864641
63.95668548019489	0.999973034265969
64.05462833697926	0.9999731107767217
64.15257119376363	0.9999731873178509
64.250514050548	0.9999732638885095
64.34845690733238	0.9999733404878739
64.44639976411675	0.9999734171151436
64.54434262090112	0.9999734937695405
64.64228547768549	0.9999735704503079
64.74022833446986	0.9999736471567106
64.83817119125423	0.9999737238880334
64.93611404803859	0.9999738006435817
65.03405690482298	0.9999738774226796
65.13199976160735	0.9999739542246706
65.22994261839172	0.9999740310489161
65.32788547517609	0.9999741078947956
65.42582833196046	0.9999741847617056
65.52377118874483	0.9999742616490598
65.6217140455292	0.9999743385562879
65.71965690231357	0.9999744154828358
65.81759975909794	0.9999744924281647
65.91554261588232	0.9999745693917508
66.01348547266669	0.9999746463730849
66.11142832945106	0.9999747233716721
66.20937118623543	0.9999748003870313
66.3073140430198	0.9999748774186948
66.40525689980417	0.9999749544662079
66.50319975658854	0.9999750315291284
66.60114261337291	0.9999751086070268
66.69908547015729	0.9999751856994853
66.79702832694166	0.9999752628060979
66.89497118372603	0.99997533992647
66.9929140405104	0.9999754170602178
67.09085689729477	0.9999754942069682
67.18879975407914	0.9999755713663586
67.28674261086351	0.9999756485380367
67.38468546764788	0.9999757257216596
67.48262832443227	0.9999758029168943
67.58057118121663	0.9999758801234169
67.678514038001	0.9999759573409126
67.77645689478537	0.9999760345690755
67.87439975156975	0.999976111807608
67.97234260835411	0.9999761890562211
68.07028546513848	0.9999762663146334
68.16822832192285	0.9999763435825719
68.26617117870722	0.9999764208597708
68.3641140354916	0.9999764981459718
68.46205689227597	0.9999765754409239
68.55999974906034	0.9999766527443831
68.65794260584471	0.9999767300561121
68.75588546262908	0.9999768073758802
68.85382831941345	0.9999768847034635
68.95177117619784	0.9999769620386437
69.0497140329822	0.9999770393812092
69.14765688976657	0.9999771167309539
69.24559974655094	0.9999771940876776
69.34354260333532	0.9999772714511858
69.44148546011968	0.9999773488212891
69.53942831690405	0.9999774261978037
69.63737117368842	0.9999775035805508
69.73531403047281	0.9999775809693565
69.83325688725716	0.999977658364052
69.93119974404154	0.9999777357644728
70.02914260082592	0.9999778131704595
70.12708545761028	0.9999778905818568
70.22502831439465	0.9999779679985138
70.32297117117902	0.9999780454202838
70.4209140279634	0.9999781228470241
70.51885688474776	0.9999782002785963
70.61679974153213	0.9999782777148655
70.7147425983165	0.9999783551557008
70.81268545510089	0.9999784326009747
70.91062831188525	0.9999785100505637
71.00857116866962	0.9999785875043472
71.10651402545399	0.9999786649622083
71.20445688223838	0.9999787424240334
71.30239973902273	0.9999788198897118
71.4003425958071	0.9999788973591361
71.49828545259149	0.999978974832202
71.59622830937586	0.9999790523088077
71.69417116616022	0.9999791297888545
71.79211402294459	0.9999792072722465
71.89005687972897	0.9999792847588905
71.98799973651334	0.9999793622486958
72.0859425932977	0.9999794397415741
72.18388545008207	0.9999795172374397
72.28182830686646	0.9999795947362095
72.37977116365082	0.9999796722378023
72.47771402043519	0.9999797497421394
72.57565687721957	0.9999798272491444
72.67359973400394	0.9999799047587427
72.7715425907883	0.999979982270862
72.86948544757267	0.9999800597854323
72.96742830435706	0.9999801373023849
73.06537116114143	0.9999802148216534
73.16331401792579	0.9999802923431734
73.26125687471016	0.9999803698668821
73.35919973149454	0.9999804473927183
73.45714258827891	0.9999805249206227
73.55508544506327	0.9999806024505378
73.65302830184764	0.9999806799824073
73.75097115863203	0.9999807575161768
73.8489140154164	0.9999808350517932
73.94685687220075	0.9999809125892053
74.04479972898514	0.9999809901283627
74.14274258576951	0.9999810676692169
74.24068544255387	0.9999811452117205
74.33862829933824	0.9999812227558276
74.43657115612262	0.9999813003014933
74.534514012907	0.9999813778486744
74.63245686969135	0.9999814553973283
74.73039972647572	0.9999815329474142
74.82834258326011	0.999981610498892
74.92628544004448	0.9999816880517229
75.02422829682884	0.9999817656058694
75.12217115361322	0.9999818431612945
75.2201140103976	0.9999819207179627
75.31805686718197	0.9999819982758392
75.41599972396632	0.9999820758348905
75.51394258075071	0.9999821533950838
75.61188543753508	0.9999822309563872
75.70982829431945	0.9999823085187697
75.80777115110381	0.9999823860822012
75.9057140078882	0.9999824636466526
76.00365686467256	0.9999825412120952
76.10159972145692	0.9999826187785016
76.19954257824129	0.9999826963458448
76.29748543502568	0.9999827739140987
76.39542829181005	0.999982851483238
76.4933711485944	0.9999829290532377
76.59131400537879	0.9999830066240741
76.68925686216316	0.9999830841957238
76.78719971894753	0.999983161768164
76.88514257573189	0.9999832393413729
76.98308543251628	0.9999833169153288
77.08102828930065	0.9999833944900111
77.17897114608502	0.9999834720653993
77.27691400286938	0.9999835496414738
77.37485685965376	0.9999836272182155
77.47279971643813	0.9999837047956058
77.5707425732225	0.9999837823736266
77.66868543000687	0.9999838599522604
77.76662828679125	0.9999839375314898
77.86457114357562	0.9999840151112985
77.96251400035999	0.9999840926916703
78.06045685714436	0.9999841702725895
78.15839971392873	0.9999842478540406
78.2563425707131	0.999984325436009
78.35428542749746	0.9999844030184802
78.45222828428184	0.9999844806014403
78.55017114106622	0.9999845581848755
78.64811399785059	0.9999846357687726
78.74605685463494	0.9999847133531187
78.84399971141933	0.9999847909379013
78.9419425682037	0.9999848685231082
79.03988542498807	0.9999849461087276
79.13782828177244	0.999985023694748
79.23577113855681	0.9999851012811581
79.33371399534118	0.9999851788679472
79.43165685212556	0.9999852564551047
79.52959970890993	0.9999853340426202
79.6275425656943	0.9999854116304838
79.72548542247867	0.9999854892186858
79.82342827926304	0.9999855668072167
79.92137113604741	0.9999856443960674
80.01931399283178	0.999985721985229
80.11725684961615	0.9999857995746927
80.21519970640053	0.9999858771644502
80.3131425631849	0.9999859547544933
80.41108541996927	0.9999860323448139
80.50902827675364	0.9999861099354044
80.60697113353801	0.9999861875262571
80.70491399032238	0.9999862651173649
80.80285684710675	0.9999863427087206
80.90079970389112	0.9999864203003171
80.9987425606755	0.999986497892148
81.09668541745987	0.9999865754842066
81.19462827424424	0.9999866530764865
81.29257113102861	0.9999867306689816
81.39051398781298	0.9999868082616858
81.48845684459735	0.9999868858545935
81.58639970138172	0.9999869634476988
81.6843425581661	0.9999870410409962
81.78228541495046	0.9999871186344804
81.88022827173484	0.9999871962281462
81.97817112851921	0.9999872738219886
82.07611398530358	0.9999873514160025
82.17405684208795	0.9999874290101831
82.27199969887232	0.999987506604526
82.36994255565669	0.9999875841990263
82.46788541244106	0.9999876617936799
82.56582826922543	0.9999877393884825
82.6637711260098	0.9999878169834299
82.76171398279419	0.9999878945785179
82.85965683957855	0.9999879721737427
82.95759969636292	0.9999880497691005
83.05554255314729	0.9999881273645876
83.15348540993168	0.9999882049602004
83.25142826671603	0.9999882825559353
83.3493711235004	0.9999883601517889
83.44731398028478	0.999988437747758
83.54525683706915	0.9999885153438393
83.64319969385352	0.9999885929400295
83.74114255063789	0.9999886705363258
83.83908540742227	0.9999887481327251
83.93702826420663	0.9999888257292245
84.034971120991	0.9999889033258214
84.13291397777537	0.9999889809225129
84.23085683455976	0.9999890585192964
84.32879969134412	0.9999891361161694
84.42674254812849	0.9999892137131292
84.52468540491286	0.9999892913101736
84.62262826169724	0.9999893689073001
84.7205711184816	0.9999894465045063
84.81851397526597	0.9999895241017901
84.91645683205034	0.9999896016991494
85.01439968883473	0.999989679296582
85.11234254561909	0.9999897568940859
85.21028540240346	0.9999898344916589
85.30822825918784	0.9999899120892993
85.4061711159722	0.9999899896870051
85.50411397275657	0.9999900672847746
85.60205682954094	0.9999901448826057
85.69999968632533	0.999990222480497
85.79794254310968	0.9999903000784466
85.89588539989406	0.9999903776764529
85.99382825667843	0.9999904552745145
86.09177111346281	0.9999905328726296
86.18971397024717	0.9999906104707968
86.28765682703154	0.9999906880690147
86.38559968381593	0.9999907656672817
86.4835425406003	0.9999908432655965
86.58148539738465	0.9999909208639578
86.67942825416903	0.9999909984623642
86.77737111095341	0.9999910760608145
86.87531396773778	0.9999911536593075
86.97325682452214	0.9999912312578418
87.07119968130651	0.9999913088564164
87.1691425380909	0.9999913864550302
87.26708539487525	0.9999914640536819
87.36502825165962	0.9999915416523706
87.462971108444	0.9999916192510951
87.56091396522838	0.9999916968498546
87.65885682201274	0.9999917744486478
87.75679967879711	0.999991852047474
87.8547425355815	0.9999919296463321
87.95268539236586	0.9999920072452212
88.05062824915022	0.9999920848441405
88.1485711059346	0.9999921624430891
88.24651396271898	0.9999922400420661
88.34445681950335	0.9999923176410708
88.4423996762877	0.9999923952401023
88.54034253307208	0.9999924728391599
88.63828538985646	0.9999925504382428
88.73622824664083	0.9999926280373502
88.83417110342519	0.9999927056364816
88.93211396020958	0.999992783235636
89.03005681699395	0.999992860834813
89.12799967377832	0.9999929384340118
89.22594253056268	0.9999930160332318
89.32388538734706	0.9999930936324724
89.42182824413143	0.9999931712317328
89.51977110091579	0.9999932488310127
89.61771395770016	0.9999933264303114
89.71565681448455	0.9999934040296282
89.81359967126892	0.9999934816289628
89.91154252805327	0.9999935592283146
90.00948538483765	0.9999936368276829
90.10742824162203	0.9999937144270674
90.2053710984064	0.9999937920264675
90.30331395519076	0.9999938696258828
90.40125681197514	0.9999939472253128
90.49919966875952	0.999994024824757
90.59714252554389	0.9999941024242149
90.69508538232824	0.9999941800236862
90.79302823911263	0.9999942576231705
90.890971095897	0.9999943352226672
90.98891395268137	0.999994412822176
91.08685680946573	0.9999944904216966
91.18479966625011	0.9999945680212285
91.28274252303449	0.9999946456207714
91.38068537981884	0.9999947232203249
91.47862823660323	0.9999948008198886
91.5765710933876	0.9999948784194622
91.67451395017197	0.9999949560190454
91.77245680695633	0.9999950336186378
91.87039966374071	0.9999951112182391
91.96834252052508	0.999995188817849
92.06628537730946	0.999995266417467
92.16422823409381	0.9999953440170931
92.2621710908782	0.9999954216167268
92.36011394766257	0.9999954992163679
92.45805680444694	0.999995576816016
92.5559996612313	0.999995654415671
92.65394251801568	0.9999957320153324
92.75188537480005	0.9999958096150001
92.84982823158442	0.9999958872146738
92.9477710883688	0.9999959648143532
93.04571394515317	0.9999960424140379
93.14365680193754	0.999996120013728
93.2415996587219	0.999996197613423
93.33954251550628	0.9999962752131226
93.43748537229065	0.9999963528128268
93.53542822907502	0.9999964304125353
93.63337108585938	0.9999965080122477
93.73131394264377	0.9999965856119639
93.82925679942814	0.9999966632116837
93.92719965621251	0.9999967408114068
94.02514251299688	0.999996818411133
94.12308536978125	0.9999968960108621
94.22102822656562	0.9999969736105938
94.31897108335	0.999997051210328
94.41691394013436	0.9999971288100644
94.51485679691874	0.9999972064098029
94.6127996537031	0.9999972840095432
94.71074251048748	0.9999973616092851
94.80868536727185	0.9999974392090284
94.90662822405622	0.9999975168087729
95.00457108084059	0.9999975944085184
95.10251393762496	0.9999976720082647
95.20045679440933	0.9999977496080116
95.2983996511937	0.9999978272077589
95.39634250797808	0.9999979048075064
95.49428536476245	0.9999979824072538
95.59222822154682	0.999998060007001
95.69017107833119	0.9999981376067478
95.78811393511556	0.999998215206494
95.88605679189993	0.9999982928062394
95.9839996486843	0.9999983704059837
96.08194250546867	0.9999984480057268
96.17988536225305	0.9999985256054684
96.27782821903742	0.9999986032052084
96.37577107582179	0.9999986808049466
96.47371393260616	0.9999987584046827
96.57165678939053	0.9999988360044165
96.6695996461749	0.9999989136041478
96.76754250295927	0.9999989912038765
96.86548535974364	0.9999990688036021
96.96342821652802	0.9999991464033247
97.06137107331239	0.9999992240030439
97.15931393009676	0.9999993016027595
97.25725678688113	0.9999993792024713
97.3551996436655	0.999999456802179
97.45314250044987	0.9999995344018825
97.55108535723424	0.9999996120015815
97.64902821401861	0.9999996896012757
97.74697107080299	0.999999767200965
97.84491392758736	0.9999998448006489
97.94285678437173	0.9999999224003273
97.94285678437338	1.0
