0.0	109592.26263484701
0.47972578815322964	370.6009487222593
0.9594515763064593	98.76768017104195
1.4391773644596886	45.15114125135825
1.9189031526129186	25.944936538897153
2.398628940766148	16.945854360490245
2.8783547289193776	12.020685488627871
3.358080517072607	9.03625577009719
3.837806305225837	7.0927854349968005
4.317532093379066	5.757442353923238
4.797257881532295	4.801072574937627
5.276983669685524	4.093138132597825
5.756709457838753	3.5548466603259823
6.2364352459919825	3.136352391721807
6.7161610341452125	2.80487067831902
7.1958868222984425	2.5381195943546815
7.675612610451674	2.320524905623394
8.155338398604902	2.14093362669426
8.635064186758134	1.9911878040333473
9.114789974911362	1.865207601535768
9.594515763064592	1.758385971806192
10.074241551217822	1.667179534666869
10.553967339371052	1.588826213960026
11.033693127524282	1.5211466615856606
11.513418915677514	1.462402216380246
11.993144703830742	1.4111917257279156
12.472870491983972	1.366375537168394
12.9525962801372	1.3270187804626932
13.432322068290432	1.2923485405708048
13.912047856443662	1.2617211641625448
14.39177364459689	1.2345970477763029
14.87149943275012	1.2105210113688958
15.351225220903352	1.1891068848141528
15.830951009056582	1.1700253028006682
16.31067679720981	1.1529939651220176
16.79040258536304	1.1377698074078977
17.270128373516272	1.1241426639994312
17.749854161669504	1.1119301049643922
18.229579949822732	1.1009732035412443
18.709305737975964	1.0911330458172377
19.18903152612919	1.0822878362732478
19.66875731428242	1.0743304845868453
20.14848310243565	1.0671665833757906
20.62820889058888	1.060712705271661
21.107934678742108	1.0548949622154236
21.58766046689534	1.0496477811787552
22.067386255048568	1.0449128593906403
22.5471120432018	1.0406382691521028
23.02683783135503	1.0367776878774593
23.50656361950826	1.0332897334300806
23.986289407661484	1.030137388369888
24.466015195814716	1.0272874995869934
24.945740983967948	1.024710342106488
25.42546677212118	1.0223792377260674
25.905192560274408	1.020270220678986
26.38491834842764	1.0183617437685903
26.864644136580868	1.016634419451716
27.344369924734096	1.0150707911993766
27.824095712887328	1.013655131168556
28.30382150104056	1.01237326080566
28.78354728919379	1.0112123914920714
29.263273077347023	1.0101609827527183
29.742998865500248	1.0092086158937659
30.222724653653483	1.008345881226802
30.702450441806704	1.0075642772835496
31.182176229959932	1.0068561206346867
31.661902018113167	1.0062144651049918
32.1416278062664	1.0056330293298101
32.621353594419624	1.005106131728903
33.10107938257286	1.0046286320865438
33.58080517072608	1.0041958790240948
34.06053095887932	1.0038036627355926
34.54025674703255	1.0034481724300632
35.019982535185775	1.0031259579879912
35.499708323339014	1.002833895395
35.97943411149223	1.0025691555644514
36.45915989964547	1.002329176203377
36.938885687798695	1.00211163641369
37.41861147595193	1.0019144337537027
37.89833726410516	1.0017356635141819
38.37806305225838	1.001573599989012
38.85778884041162	1.001426679543461
39.33751462856484	1.0012934853033515
39.81724041671808	1.0011727333065596
40.2969662048713	1.0010632599743647
40.77669199302454	1.0009640107745374
41.25641778117776	1.0008740299609171
41.736143569331	1.0007924512856834
42.21586935748423	1.0007184895908334
42.69559514563746	1.0006514331945655
43.175320933790694	1.000590636996564
43.65504672194392	1.0005355162335752
44.13477251009714	1.0004855408233597
44.61449829825037	1.0004402302410949
45.09422408640361	1.0003991488777026
45.57394987455684	1.000361901834448
46.05367566271007	1.0003281311125338
46.533401450863295	1.0002975121603637
47.01312723901653	1.0002697507447285
47.49285302716976	1.000244580115366
47.97257881532299	1.000221758435272
48.45230460347622	1.0002010664517438
48.932030391629446	1.0001823053855325
49.41175617978267	1.0001652950175997
49.89148196793591	1.0001498719549256
50.371207756089134	1.000135888058573
50.85093354424238	1.000123209018776
51.33065933239559	1.0001117130632822
51.81038512054882	1.0001012897864516
52.290110908702054	1.0000918390878106
52.769836696855286	1.000083270209803
53.24956248500852	1.0000755008654592
53.729288273161735	1.0000684564475693
54.20901406131498	1.0000620693117308
54.6887398494682	1.0000562781263673
55.168465637621445	1.000051027283452
55.64819142577466	1.0000462663642633
56.127917213927894	1.0000419496550277
56.60764300208112	1.0000380357077885
57.08736879023436	1.0000344869422735
57.56709457838759	1.0000312692849331
58.04682036654082	1.0000283518416746
58.526546154694046	1.0000257066011464
59.00627194284728	1.0000233081657197
59.48599773100051	1.0000211335075782
59.96572351915373	1.0000191617475769
60.445449307306966	1.0000173739547362
60.9251750954602	1.0000157529644549
61.40490088361342	1.000014283213681
61.88462667176666	1.0000129505914719
62.36435245991989	1.0000117423034993
62.84407824807312	1.000010646749194
63.32380403622635	1.000009653410361
63.803529824379574	1.0000087527501855
64.28325561253281	1.0000079361216625
64.76298140068603	1.0000071956845746
65.24270718883926	1.0000065243302123
65.72243297699251	1.0000059156131231
66.20215876514573	1.0000053636892243
66.68188455329896	1.000004863259695
67.16161034145217	1.0000044095201002
67.64133612960542	1.0000039981142639
68.12106191775865	1.0000036250924453
68.60078770591187	1.0000032868734168
69.0805134940651	1.0000029802100812
69.56023928221833	1.0000027021582978
70.03996507037157	1.0000024500486142
70.5196908585248	1.0000022214606399
70.99941664667803	1.0000020141998058
71.47914243483126	1.000001826276297
71.95886822298448	1.0000016558859484
72.43859401113771	1.000001501392923
72.91831979929096	1.000001361314008
73.39804558744417	1.0000012343043732
73.8777713755974	1.0000011191446607
74.35749716375064	1.0000010147292793
74.83722295190387	1.000000920055788
75.3169487400571	1.0000008342152744
75.79667452821032	1.000000756383626
76.27640031636355	1.0000006858136206
76.75612610451678	1.000000621827751
77.23585189267001	1.0000005638117213
77.71557768082324	1.0000005112085493
78.19530346897648	1.0000004635132185
78.67502925712971	1.00000042026783
79.15475504528294	1.0000003810572078
79.63448083343616	1.0000003455049102
80.11420662158939	1.0000003132696182
80.59393240974264	1.0000002840418578
81.07365819789587	1.000000257541027
81.55338398604908	1.0000002335127063
82.03310977420232	1.0000002117262117
82.51283556235553	1.000000191972382
82.99256135050878	1.0000001740615716
83.472287138662	1.0000001578218276
83.95201292681523	1.000000143097241
84.43173871496846	1.0000001297464483
84.91146450312169	1.0000001176412756
85.39119029127492	1.0000001066655073
85.87091607942816	1.0000000967137712
86.3506418675814	1.0000000876905253
86.83036765573462	1.0000000795091424
87.31009344388784	1.0000000720910773
87.78981923204107	1.0000000653651127
88.26954502019431	1.0000000592666762
88.74927080834752	1.0000000537372202
89.22899659650076	1.0000000487236589
89.70872238465401	1.0000000441778596
90.18844817280724	1.0000000400561806
90.66817396096044	1.0000000363190518
91.14789974911369	1.0000000329305951
91.62762553726694	1.0000000298582794
92.10735132542014	1.0000000270726088
92.58707711357336	1.0000000245468401
93.0668029017266	1.000000022256724
93.54652868987984	1.0000000201802743
94.02625447803305	1.0000000182975568
94.50598026618628	1.0000000165904959
94.98570605433953	1.0000000150427029
95.46543184249276	1.0000000136393181
95.94515763064598	1.0000000123668689
96.42488341879921	1.0000000112131386
96.90460920695241	1.0000000101670508
97.38433499510563	1.000000009218563
97.86406078325886	1.0000000083585685
98.34378657141205	1.0000000075788118
98.82351235956527	1.000000006871806
99.3032381477185	1.000000006230764
99.78296393587172	1.000000005649531
100.26268972402492	1.0000000051225273
100.74241551217816	1.0000000046446926
101.22214130033139	1.0000000042114405
101.7018670884846	1.0000000038186108
102.18159287663784	1.0000000034624323
102.66131866479105	1.0000000031394856
103.14104445294426	1.0000000028466696
103.62077024109749	1.000000002581174
104.1004960292507	1.000000002340449
104.58022181740392	1.0000000021221842
105.05994760555714	1.0000000019242838
105.53967339371036	1.0000000017448476
106.01939918186358	1.0000000015821535
106.49912497001681	1.0000000014346386
106.97885075817001	1.0000000013008876
107.45857654632323	1.000000001179616
107.93830233447646	1.000000001069659
108.41802812262968	1.0000000009699614
108.89775391078288	1.000000000879566
109.37747969893611	1.000000000797605
109.85720548708933	1.0000000007232914
110.33693127524255	1.0000000006559115
110.81665706339577	1.0000000005948186
111.29638285154898	1.000000000539426
111.7761086397022	1.0000000004892022
112.25583442785543	1.0000000004436647
112.73556021600864	1.000000000402376
113.21528600416185	1.0000000003649399
113.6950117923151	1.000000000330997
114.17473758046832	1.0000000003002216
114.65446336862153	1.000000000272318
115.13418915677475	1.000000000247018
115.61391494492797	1.0000000002240792
116.09364073308119	1.0000000002032807
116.57336652123442	1.0000000001844234
117.05309230938761	1.000000000167326
117.53281809754083	1.0000000001518239
118.01254388569406	1.0000000001377687
118.49226967384726	1.0000000001250253
118.97199546200049	1.0000000001134715
119.45172125015371	1.0000000001029958
119.93144703830696	1.000000000093498
120.41117282646015	1.000000000084887
120.89089861461338	1.0000000000770797
121.3706244027666	1.0000000000700011
121.85035019091981	1.0000000000635836
122.33007597907304	1.0000000000577651
122.80980176722626	1.0000000000524902
123.28952755537948	1.0000000000477078
123.76925334353271	1.0000000000433718
124.2489791316859	1.0000000000394411
124.72870491983913	1.0000000000358773
125.20843070799235	1.0000000000326466
125.6881564961456	1.0000000000297178
126.16788228429878	1.0000000000270626
126.64760807245202	1.0000000000246556
127.12733386060523	1.0000000000224736
127.60705964875845	1.0000000000204958
128.08678543691164	1.000000000018703
128.5665112250649	1.0000000000170777
129.0462370132181	1.0000000000156046
129.52596280137132	1.0000000000142693
130.00568858952454	1.000000000013059
130.48541437767776	1.0000000000119622
130.96514016583097	1.0000000000109681
131.44486595398422	1.0000000000100673
131.92459174213744	1.0000000000092508
132.40431753029065	1.000000000008511
132.88404331844387	1.0000000000078408
133.3637691065971	1.0000000000072333
133.8434948947503	1.0000000000066833
134.32322068290352	1.0000000000061846
134.80294647105674	1.0000000000057334
135.28267225920996	1.0000000000053244
135.76239804736315	1.000000000004954
136.24212383551637	1.0000000000046187
136.72184962366958	1.0000000000043152
137.20157541182283	1.0000000000040403
137.68130119997605	1.0000000000037919
138.1610269881293	1.0000000000035665
138.64075277628248	1.000000000003363
139.1204785644357	1.000000000003179
139.60020435258892	1.0000000000030123
140.07993014074216	1.0000000000028617
140.55965592889538	1.0000000000027256
141.0393817170486	1.0000000000026028
141.51910750520182	1.0000000000024918
141.99883329335503	1.0000000000023914
142.47855908150822	1.0000000000023013
142.95828486966147	1.0000000000022196
143.4380106578147	1.000000000002146
143.9177364459679	1.0000000000020801
144.39746223412115	1.0000000000020204
144.87718802227434	1.0000000000019669
145.35691381042756	1.0000000000019187
145.8366395985808	1.0000000000018756
146.316365386734	1.000000000001837
146.7960911748872	1.0000000000018023
147.27581696304046	1.0000000000017715
147.75554275119364	1.0000000000017437
148.2352685393469	1.000000000001719
148.7149943275001	1.0000000000016973
149.19472011565333	1.000000000001678
149.67444590380654	1.000000000001661
150.15417169195976	1.0000000000016456
150.63389748011295	1.0000000000016325
151.1136232682662	1.0000000000016211
151.5933490564194	1.000000000001611
152.07307484457266	1.0000000000016025
152.55280063272585	1.000000000001595
153.03252642087907	1.0000000000015887
153.51225220903228	1.0000000000015836
153.9919779971855	1.0000000000015792
154.47170378533875	1.0000000000015759
154.95142957349194	1.000000000001573
155.43115536164518	1.0000000000015712
155.91088114979837	1.0000000000015699
156.39060693795162	1.000000000001569
156.87033272610483	1.000000000001569
157.35005851425805	1.000000000001569
157.82978430241127	1.0000000000015696
158.3095100905645	1.0000000000015707
158.7892358787177	1.000000000001572
159.26896166687092	1.0000000000015739
159.74868745502414	1.000000000001576
160.22841324317739	1.000000000001578
160.70813903133057	1.0000000000015807
161.1878648194838	1.0000000000015832
161.667590607637	1.0000000000015863
162.14731639579023	1.0000000000015894
162.62704218394347	1.0000000000015925
163.1067679720967	1.000000000001596
163.5864937602499	1.0000000000015994
164.06621954840313	1.0000000000016032
164.54594533655631	1.000000000001607
165.02567112470953	1.0000000000016107
165.50539691286278	1.0000000000016147
165.98512270101602	1.0000000000016185
166.4648484891692	1.0000000000016227
166.94457427732246	1.000000000001627
167.42430006547565	1.0000000000016311
167.90402585362887	1.0000000000016354
168.38375164178208	1.0000000000016396
168.8634774299353	1.000000000001644
169.34320321808852	1.0000000000016485
169.82292900624174	1.000000000001653
170.30265479439495	1.0000000000016573
170.78238058254817	1.0000000000016618
171.26210637070142	1.0000000000016664
171.74183215885463	1.000000000001671
172.22155794700788	1.0000000000016755
172.70128373516104	1.0000000000016802
173.18100952331432	1.0000000000016847
173.66073531146748	1.0000000000016893
174.14046109962075	1.000000000001694
174.62018688777394	1.0000000000016986
175.0999126759272	1.0000000000017033
175.57963846408038	1.000000000001708
176.05936425223362	1.0000000000017126
176.53909004038678	1.0000000000017175
177.01881582854006	1.0000000000017222
177.49854161669325	1.0000000000017268
177.97826740484646	1.0000000000017317
178.4579931929997	1.0000000000017364
178.9377189811529	1.000000000001741
179.41744476930614	1.0000000000017457
179.89717055745936	1.0000000000017506
180.3768963456126	1.0000000000017555
180.85662213376577	1.0000000000017601
181.336347921919	1.0000000000017648
181.8160737100722	1.0000000000017695
182.29579949822545	1.0000000000017744
182.77552528637867	1.0000000000017792
183.2552510745319	1.000000000001784
183.7349768626851	1.0000000000017888
184.21470265083835	1.0000000000017935
184.69442843899157	1.0000000000017983
185.17415422714475	1.0000000000018032
185.653880015298	1.0000000000018079
186.13360580345122	1.0000000000018128
186.61333159160444	1.0000000000018174
187.09305737975762	1.000000000001822
187.57278316791087	1.000000000001827
188.05250895606406	1.0000000000018316
188.53223474421733	1.0000000000018365
189.0119605323705	1.0000000000018412
189.49168632052374	1.000000000001846
189.97141210867693	1.000000000001851
190.45113789683018	1.0000000000018556
190.9308636849834	1.0000000000018605
191.41058947313664	1.0000000000018652
191.89031526128986	1.00000000000187
192.3700410494431	1.000000000001875
192.8497668375963	1.0000000000018796
193.32949262574954	1.0000000000018845
193.8092184139027	1.0000000000018892
194.28894420205597	1.000000000001894
194.7686699902092	1.000000000001899
195.24839577836238	1.0000000000019036
195.72812156651563	1.0000000000019085
196.20784735466881	1.0000000000019131
196.68757314282206	1.000000000001918
197.16729893097525	1.000000000001923
197.64702471912852	1.0000000000019276
198.12675050728168	1.0000000000019325
198.60647629543493	1.0000000000019373
199.08620208358812	1.000000000001942
199.56592787174137	1.0000000000019469
200.04565365989458	1.0000000000019516
200.52537944804783	1.0000000000019564
201.00510523620105	1.0000000000019613
201.48483102435426	1.000000000001966
201.96455681250748	1.0000000000019709
202.44428260066067	1.0000000000019755
202.92400838881392	1.0000000000019804
203.40373417696713	1.0000000000019853
203.88345996512035	1.00000000000199
204.36318575327357	1.0000000000019948
204.8429115414268	1.0000000000019995
205.32263732957998	1.0000000000020044
205.80236311773325	1.0000000000020093
206.2820889058864	1.000000000002014
206.76181469403966	1.0000000000020188
207.24154048219287	1.0000000000020235
207.7212662703461	1.0000000000020284
208.2009920584993	1.0000000000020333
208.68071784665256	1.000000000002038
209.16044363480577	1.0000000000020428
209.640169422959	1.0000000000020475
210.11989521111218	1.0000000000020524
210.5996209992654	1.0000000000020572
211.07934678741861	1.000000000002062
211.55907257557186	1.0000000000020668
212.03879836372508	1.0000000000020715
212.5185241518783	1.0000000000020763
212.9982499400315	1.0000000000020812
213.47797572818473	1.0000000000020859
213.95770151633792	1.0000000000020908
214.43742730449117	1.0000000000020954
214.91715309264438	1.0000000000021003
215.3968788807976	1.0000000000021052
215.87660466895082	1.0000000000021099
216.35633045710404	1.0000000000021148
216.83605624525725	1.0000000000021196
217.3157820334105	1.0000000000021243
217.7955078215637	1.0000000000021292
218.2752336097169	1.0000000000021338
218.75495939787012	1.0000000000021387
219.23468518602334	1.0000000000021436
219.7144109741766	1.0000000000021483
220.1941367623298	1.0000000000021532
220.67386255048305	1.0000000000021578
221.15358833863624	1.0000000000021627
221.6333141267895	1.0000000000021676
222.11303991494265	1.0000000000021723
222.59276570309592	1.0000000000021771
223.0724914912491	1.0000000000021818
223.55221727940233	1.0000000000021867
224.03194306755555	1.0000000000021916
224.51166885570876	1.0000000000021962
224.99139464386198	1.0000000000022011
225.4711204320152	1.0000000000022058
225.95084622016847	1.0000000000022107
226.43057200832163	1.0000000000022156
226.91029779647488	1.0000000000022202
227.39002358462807	1.000000000002225
227.8697493727813	1.0000000000022298
228.34947516093453	1.0000000000022347
228.82920094908778	1.0000000000022395
229.30892673724097	1.0000000000022442
229.7886525253942	1.000000000002249
230.26837831354737	1.0000000000022538
230.74810410170062	1.0000000000022586
231.22782988985384	1.0000000000022635
231.70755567800708	1.0000000000022682
232.1872814661603	1.000000000002273
232.6670072543135	1.0000000000022777
233.14673304246674	1.0000000000022826
233.6264588306199	1.0000000000022875
234.10618461877317	1.0000000000022922
234.58591040692636	1.000000000002297
235.0656361950796	1.0000000000023017
235.5453619832328	1.0000000000023066
236.02508777138604	1.0000000000023115
236.50481355953923	1.0000000000023161
236.98453934769248	1.000000000002321
237.46426513584566	1.000000000002326
237.94399092399894	1.0000000000023306
238.42371671215213	1.0000000000023355
238.90344250030535	1.0000000000023401
239.38316828845856	1.000000000002345
239.8628940766118	1.00000000000235
240.34261986476503	1.0000000000023546
240.82234565291824	1.0000000000023594
241.30207144107146	1.000000000002364
241.78179722922468	1.000000000002369
242.2615230173779	1.0000000000023739
242.7412488055311	1.0000000000023785
243.22097459368436	1.0000000000023834
243.70070038183752	1.000000000002388
244.1804261699908	1.000000000002393
244.66015195814396	1.0000000000023979
245.13987774629717	1.0000000000024025
245.61960353445042	1.0000000000024074
246.09932932260364	1.000000000002412
246.57905511075685	1.000000000002417
247.05878089891007	1.0000000000024218
247.5385066870633	1.0000000000024265
248.0182324752165	1.0000000000024314
248.49795826336975	1.000000000002436
248.97768405152297	1.000000000002441
249.4574098396762	1.0000000000024458
249.9371356278294	1.0000000000024505
250.41686141598262	1.0000000000024554
250.89658720413584	1.00000000000246
251.3763129922891	1.000000000002465
251.8560387804423	1.0000000000024698
252.33576456859547	1.0000000000024745
252.81549035674868	1.0000000000024794
253.2952161449019	1.000000000002484
253.77494193305512	1.000000000002489
254.25466772120836	1.0000000000024938
254.73439350936158	1.0000000000024984
255.2141192975148	1.0000000000025033
255.69384508566802	1.0000000000025082
256.17357087382123	1.0000000000025129
256.6532966619745	1.0000000000025178
257.1330224501277	1.0000000000025224
257.6127482382809	1.0000000000025273
258.0924740264341	1.0000000000025322
258.57219981458735	1.0000000000025369
259.0519256027406	1.0000000000025417
259.5316513908938	1.0000000000025464
260.011377179047	1.0000000000025513
260.49110296720016	1.0000000000025562
260.9708287553534	1.0000000000025608
261.45055454350666	1.0000000000025657
261.93028033165984	1.0000000000025704
262.4100061198131	1.0000000000025753
262.8897319079663	1.0000000000025802
263.3694576961196	1.0000000000025848
263.8491834842727	1.0000000000025897
264.328909272426	1.0000000000025944
264.8086350605792	1.0000000000025993
265.2883608487324	1.0000000000026041
265.76808663688564	1.0000000000026088
266.24781242503883	1.0000000000026137
266.7275382131921	1.0000000000026183
267.2072640013453	1.0000000000026232
267.6869897894985	1.0000000000026281
268.16671557765176	1.0000000000026328
268.6464413658049	1.0000000000026377
269.1261671539582	1.0000000000026423
269.6058929421114	1.0000000000026472
270.08561873026457	1.000000000002652
270.5653445184179	1.0000000000026568
271.045070306571	1.0000000000026616
271.5247960947243	1.0000000000026663
272.00452188287744	1.0000000000026712
272.48424767103074	1.000000000002676
272.96397345918393	1.0000000000026807
273.4436992473371	1.0000000000026856
273.92342503549037	1.0000000000026903
274.40315082364356	1.0000000000026952
274.8828766117968	1.0000000000027
275.36260239995	1.0000000000027047
275.84232818810324	1.0000000000027096
276.3220539762565	1.0000000000027145
276.8017797644097	1.0000000000027192
277.2815055525629	1.000000000002724
277.7612313407161	1.0000000000027287
278.24095712886935	1.0000000000027336
278.7206829170226	1.0000000000027385
279.20040870517573	1.0000000000027431
279.68013449332904	1.000000000002748
280.15986028148217	1.0000000000027527
280.63958606963547	1.0000000000027576
281.11931185778866	1.0000000000027625
281.59903764594185	1.0000000000027671
282.0787634340951	1.000000000002772
282.5584892222483	1.0000000000027767
283.03821501040153	1.0000000000027816
283.5179407985547	1.0000000000027864
283.99766658670796	1.000000000002791
284.4773923748612	1.000000000002796
284.9571181630144	1.0000000000028006
285.43684395116765	1.0000000000028055
285.91656973932083	1.0000000000028104
286.3962955274741	1.000000000002815
286.87602131562727	1.00000000000282
287.3557471037805	1.0000000000028246
287.83547289193376	1.0000000000028295
288.31519868008695	1.0000000000028344
288.79492446824014	1.000000000002839
289.27465025639333	1.000000000002844
289.7543760445466	1.0000000000028486
290.2341018326998	1.0000000000028535
290.713827620853	1.0000000000028584
291.19355340900626	1.000000000002863
291.67327919715945	1.000000000002868
292.1530049853127	1.0000000000028726
292.63273077346594	1.0000000000028775
293.11245656161907	1.0000000000028824
293.59218234977243	1.000000000002887
294.07190813792556	1.000000000002892
294.5516339260788	1.0000000000028968
295.031359714232	1.0000000000029015
295.51108550238524	1.0000000000029063
295.9908112905385	1.000000000002911
296.4705370786916	1.000000000002916
296.9502628668449	1.0000000000029208
297.42998865499806	1.0000000000029254
297.9097144431513	1.0000000000029303
298.38944023130455	1.000000000002935
298.8691660194578	1.0000000000029399
299.348891807611	1.0000000000029448
299.8286175957642	1.0000000000029494
300.3083433839175	1.0000000000029543
300.78806917207066	1.000000000002959
301.26779496022385	1.0000000000029639
301.7475207483771	1.0000000000029687
302.2272465365303	1.0000000000029734
302.70697232468353	1.0000000000029783
303.1866981128367	1.000000000002983
303.66642390098997	1.0000000000029878
304.1461496891432	1.0000000000029927
304.6258754772964	1.0000000000029974
305.1056012654496	1.0000000000030023
305.5853270536028	1.000000000003007
306.0650528417561	1.0000000000030118
306.5447786299093	1.0000000000030167
307.02450441806246	1.0000000000030214
307.50423020621577	1.0000000000030262
307.98395599436896	1.000000000003031
308.46368178252214	1.0000000000030358
308.94340757067533	1.0000000000030407
309.42313335882864	1.0000000000030453
309.9028591469818	1.0000000000030502
310.382584935135	1.000000000003055
310.86231072328826	1.0000000000030598
311.34203651144145	1.0000000000030647
311.8217622995947	1.0000000000030693
312.3014880877479	1.0000000000030742
312.7812138759012	1.0000000000030789
313.2609396640544	1.0000000000030838
313.74066545220757	1.0000000000030886
314.2203912403608	1.0000000000030933
314.700117028514	1.0000000000030982
315.17984281666725	1.000000000003103
315.6595686048205	1.0000000000031077
316.1392943929737	1.0000000000031126
316.6190201811269	1.0000000000031173
317.0987459692801	1.0000000000031222
317.5784717574333	1.000000000003127
318.0581975455865	1.0000000000031317
318.53792333373974	1.0000000000031366
319.017649121893	1.0000000000031413
319.4973749100462	1.0000000000031462
319.9771006981994	1.000000000003151
320.4568264863526	1.0000000000031557
320.93655227450586	1.0000000000031606
321.4162780626591	1.0000000000031652
321.8960038508123	1.0000000000031701
322.37572963896554	1.000000000003175
322.8554554271187	1.0000000000031797
323.335181215272	1.0000000000031846
323.81490700342516	1.0000000000031892
324.2946327915784	1.0000000000031941
324.77435857973165	1.000000000003199
325.2540843678848	1.0000000000032037
325.73381015603803	1.0000000000032085
326.2135359441912	1.0000000000032132
326.69326173234447	1.000000000003218
327.1729875204977	1.000000000003223
327.6527133086509	1.0000000000032276
328.13243909680415	1.0000000000032325
328.61216488495734	1.0000000000032372
329.0918906731106	1.000000000003242
329.5716164612638	1.000000000003247
330.051342249417	1.0000000000032516
330.5310680375703	1.0000000000032565
331.01079382572345	1.0000000000032612
331.4905196138767	1.000000000003266
331.9702454020299	1.000000000003271
332.4499711901832	1.0000000000032756
332.9296969783363	1.0000000000032805
333.4094227664895	1.0000000000032854
333.88914855464276	1.00000000000329
334.36887434279595	1.000000000003295
334.8486001309492	1.0000000000032996
335.32832591910244	1.0000000000033045
335.80805170725563	1.0000000000033094
336.2877774954089	1.000000000003314
336.76750328356206	1.000000000003319
337.2472290717153	1.0000000000033236
337.72695485986856	1.0000000000033284
338.20668064802175	1.0000000000033333
338.686406436175	1.000000000003338
339.1661322243282	1.0000000000033429
339.6458580124815	1.0000000000033475
340.1255838006346	1.0000000000033524
340.60530958878786	1.0000000000033573
341.08503537694105	1.000000000003362
341.56476116509435	1.0000000000033669
342.0444869532475	1.0000000000033715
342.5242127414007	1.0000000000033764
343.00393852955403	1.0000000000033813
343.4836643177071	1.000000000003386
343.96339010586036	1.0000000000033908
344.4431158940136	1.0000000000033955
344.92284168216685	1.0000000000034004
345.40256747032004	1.0000000000034053
345.8822932584732	1.00000000000341
346.3620190466265	1.0000000000034148
346.8417448347797	1.0000000000034195
347.3214706229329	1.0000000000034244
347.80119641108615	1.0000000000034293
348.28092219923934	1.000000000003434
348.76064798739264	1.0000000000034388
349.2403737755457	1.0000000000034435
349.72009956369897	1.0000000000034484
350.1998253518523	1.0000000000034532
350.6795511400055	1.000000000003458
351.15927692815865	1.0000000000034628
351.63900271631184	1.0000000000034674
352.11872850446514	1.0000000000034723
352.5984542926183	1.0000000000034772
353.0781800807715	1.0000000000034819
353.55790586892476	1.0000000000034868
354.037631657078	1.0000000000034917
354.5173574452312	1.0000000000034963
354.9970832333844	1.0000000000035012
355.4768090215377	1.0000000000035059
355.95653480969094	1.0000000000035107
356.436260597844	1.0000000000035156
356.91598638599726	1.0000000000035203
357.39571217415056	1.0000000000035252
357.8754379623038	1.0000000000035298
358.35516375045694	1.0000000000035347
358.8348895386101	1.0000000000035396
359.31461532676343	1.0000000000035443
359.7943411149166	1.0000000000035492
360.2740669030698	1.0000000000035538
360.753792691223	1.0000000000035587
361.2335184793763	1.0000000000035636
361.71324426752955	1.0000000000035683
362.1929700556827	1.0000000000035731
362.672695843836	1.0000000000035778
363.15242163198917	1.0000000000035827
363.63214742014236	1.0000000000035876
364.1118732082956	1.0000000000035922
364.59159899644885	1.0000000000035971
365.0713247846021	1.0000000000036018
365.5510505727552	1.0000000000036067
366.0307763609084	1.0000000000036116
366.5105021490617	1.0000000000036162
366.9902279372149	1.000000000003621
367.4699537253681	1.0000000000036258
367.94967951352135	1.0000000000036307
368.4294053016746	1.0000000000036355
368.9091310898278	1.0000000000036402
369.38885687798097	1.000000000003645
369.8685826661343	1.0000000000036497
370.34830845428746	1.0000000000036546
370.8280342424407	1.0000000000036595
371.30776003059384	1.0000000000036642
371.78748581874714	1.000000000003669
372.26721160690033	1.000000000003674
372.74693739505346	1.0000000000036786
373.2266631832067	1.0000000000036835
373.70638897136	1.0000000000036882
374.18611475951326	1.000000000003693
374.66584054766633	1.000000000003698
375.14556633581964	1.0000000000037026
375.6252921239729	1.0000000000037075
376.1050179121261	1.0000000000037121
376.58474370027926	1.000000000003717
377.0644694884325	1.000000000003722
377.54419527658575	1.0000000000037266
378.02392106473894	1.0000000000037315
378.50364685289213	1.0000000000037361
378.98337264104543	1.000000000003741
379.4630984291986	1.000000000003746
379.94282421735187	1.0000000000037506
380.42255000550506	1.0000000000037554
380.9022757936583	1.00000000000376
381.38200158181155	1.000000000003765
381.86172736996474	1.0000000000037699
382.341453158118	1.0000000000037745
382.8211789462711	1.0000000000037794
383.30090473442436	1.000000000003784
383.78063052257755	1.000000000003789
384.2603563107308	1.0000000000037939
384.74008209888405	1.0000000000037985
385.21980788703723	1.0000000000038034
385.6995336751904	1.000000000003808
386.17925946334367	1.000000000003813
386.6589852514969	1.0000000000038178
387.13871103965016	1.0000000000038225
387.61843682780335	1.0000000000038274
388.0981626159566	1.000000000003832
388.5778884041098	1.000000000003837
389.05761419226303	1.0000000000038418
389.5373399804162	1.0000000000038465
390.01706576856947	1.0000000000038514
390.49679155672266	1.000000000003856
390.97651734487584	1.000000000003861
391.4562431330291	1.0000000000038658
391.9359689211823	1.0000000000038705
392.4156947093355	1.0000000000038753
392.8954204974888	1.0000000000038802
393.37514628564196	1.000000000003885
393.8548720737952	1.0000000000038898
394.3345978619484	1.0000000000038944
394.81432365010164	1.0000000000038993
395.29404943825483	1.0000000000039042
395.7737752264081	1.0000000000039089
396.2535010145613	1.0000000000039138
396.7332268027145	1.0000000000039184
397.21295259086776	1.0000000000039233
397.69267837902095	1.0000000000039282
398.17240416717414	1.0000000000039329
398.6521299553274	1.0000000000039377
399.13185574348057	1.0000000000039424
399.6115815316338	1.0000000000039473
400.091307319787	1.0000000000039522
400.57103310794025	1.0000000000039568
401.0507588960935	1.0000000000039617
401.5304846842467	1.0000000000039664
402.01021047239993	1.0000000000039713
402.4899362605531	1.0000000000039762
402.96966204870637	1.0000000000039808
403.44938783685956	1.0000000000039857
403.9291136250128	1.0000000000039904
404.40883941316605	1.0000000000039952
404.88856520131924	1.0000000000040001
405.36829098947254	1.0000000000040048
405.8480167776257	1.0000000000040097
406.32774256577886	1.0000000000040143
406.8074683539321	1.0000000000040192
407.2871941420854	1.0000000000040241
407.76691993023854	1.0000000000040288
408.24664571839173	1.0000000000040337
408.726371506545	1.0000000000040383
409.20609729469817	1.0000000000040432
409.6858230828514	1.000000000004048
410.16554887100466	1.0000000000040528
410.6452746591579	1.0000000000040576
411.1250004473111	1.0000000000040625
411.6047262354643	1.0000000000040672
412.08445202361753	1.000000000004072
412.5641778117708	1.0000000000040767
413.04390359992396	1.0000000000040816
413.5236293880772	1.0000000000040865
414.00335517623034	1.0000000000040912
414.4830809643837	1.000000000004096
414.9628067525368	1.0000000000041007
415.44253254069	1.0000000000041056
415.92225832884327	1.0000000000041105
416.4019841169965	1.0000000000041152
416.8817099051497	1.00000000000412
417.3614356933029	1.0000000000041247
417.8411614814562	1.0000000000041296
418.3208872696094	1.0000000000041345
418.8006130577626	1.0000000000041391
419.2803388459158	1.000000000004144
419.76006463406907	1.0000000000041487
420.23979042222226	1.0000000000041536
420.71951621037545	1.0000000000041585
421.1992419985287	1.0000000000041631
421.678967786682	1.000000000004168
422.15869357483507	1.0000000000041727
422.6384193629883	1.0000000000041775
423.1181451511416	1.0000000000041824
423.59787093929486	1.000000000004187
424.077596727448	1.000000000004192
424.5573225156012	1.0000000000041966
425.0370483037545	1.0000000000042015
425.5167740919077	1.0000000000042064
425.99649988006087	1.000000000004211
426.47622566821406	1.000000000004216
426.95595145636736	1.0000000000042206
427.43567724452055	1.0000000000042255
427.91540303267374	1.0000000000042304
428.395128820827	1.000000000004235
428.87485460898023	1.00000000000424
429.35458039713336	1.0000000000042446
429.8343061852866	1.0000000000042495
430.3140319734399	1.0000000000042544
430.79375776159316	1.000000000004259
431.27348354974623	1.000000000004264
431.7532093378995	1.0000000000042688
432.2329351260527	1.0000000000042735
432.71266091420597	1.0000000000042784
433.19238670235916	1.000000000004283
433.67211249051235	1.000000000004288
434.15183827866565	1.0000000000042928
434.63156406681884	1.0000000000042975
435.11128985497203	1.0000000000043023
435.59101564312533	1.000000000004307
436.0707414312785	1.0000000000043119
436.55046721943177	1.0000000000043168
437.0301930075849	1.0000000000043214
437.5099187957382	1.0000000000043263
437.9896445838914	1.000000000004331
438.4693703720445	1.0000000000043359
438.94909616019777	1.0000000000043407
439.42882194835107	1.0000000000043454
439.90854773650426	1.0000000000043503
440.3882735246574	1.000000000004355
440.86799931281064	1.0000000000043598
441.34772510096394	1.0000000000043647
441.82745088911713	1.0000000000043694
442.3071766772703	1.0000000000043743
442.78690246542357	1.000000000004379
443.2666282535768	1.0000000000043838
443.74635404173	1.0000000000043887
444.2260798298832	1.0000000000043934
444.7058056180365	1.0000000000043983
445.1855314061897	1.000000000004403
445.6652571943429	1.0000000000044078
446.144982982496	1.0000000000044127
446.62470877064936	1.0000000000044174
447.1044345588026	1.0000000000044222
447.5841603469557	1.000000000004427
448.063886135109	1.0000000000044318
448.5436119232622	1.0000000000044367
449.0233377114154	1.0000000000044413
449.5030634995686	1.0000000000044462
449.98278928772186	1.000000000004451
450.4625150758751	1.0000000000044558
450.9422408640283	1.0000000000044607
451.4219666521815	1.0000000000044653
451.9016924403347	1.0000000000044702
452.381418228488	1.000000000004475
452.8611440166412	1.0000000000044797
453.3408698047943	1.0000000000044846
453.82059559294765	1.0000000000044893
454.30032138110084	1.0000000000044942
454.7800471692541	1.000000000004499
455.2597729574073	1.0000000000045037
455.73949874556047	1.0000000000045086
456.2192245337137	1.0000000000045133
456.69895032186685	1.0000000000045182
457.17867611002015	1.000000000004523
457.65840189817334	1.0000000000045277
458.1381276863266	1.0000000000045326
458.6178534744798	1.0000000000045373
459.097579262633	1.0000000000045421
459.57730505078626	1.000000000004547
460.05703083893945	1.0000000000045517
460.5367566270927	1.0000000000045566
461.0164824152459	1.0000000000045612
461.49620820339914	1.0000000000045661
461.9759339915524	1.000000000004571
462.45565977970557	1.0000000000045757
462.9353855678588	1.0000000000045806
463.41511135601195	1.0000000000045852
463.8948371441652	1.00000000000459
464.37456293231844	1.000000000004595
464.85428872047163	1.0000000000045997
465.3340145086249	1.0000000000046045
465.81374029677806	1.0000000000046092
466.2934660849313	1.000000000004614
466.77319187308456	1.000000000004619
467.25291766123775	1.0000000000046236
467.732643449391	1.0000000000046285
468.2123692375442	1.0000000000046332
468.6920950256974	1.000000000004638
469.1718208138506	1.000000000004643
469.65154660200386	1.0000000000046476
470.1312723901571	1.0000000000046525
470.6109981783103	1.0000000000046574
471.0907239664635	1.000000000004662
471.5704497546167	1.000000000004667
472.0501755427699	1.0000000000046716
472.52990133092317	1.0000000000046765
473.00962711907636	1.0000000000046814
473.4893529072296	1.000000000004686
473.9690786953828	1.000000000004691
474.44880448353604	1.0000000000046956
474.9285302716892	1.0000000000047005
475.4082560598425	1.0000000000047053
475.8879818479957	1.00000000000471
476.3677076361489	1.000000000004715
476.84743342430215	1.0000000000047196
477.32715921245534	1.0000000000047244
477.8068850006086	1.0000000000047293
478.28661078876183	1.000000000004734
478.766336576915	1.0000000000047389
479.24606236506827	1.0000000000047435
479.72578815322146	1.0000000000047484
479.72578815322953	1.0000000000047484
