0.0	5.098096884784257
0.0979428567843734	5.098096884432431
0.1958857135687468	1.1384396445993474
0.29382857035312016	0.6092880281834785
0.3917714271374936	0.4141889298596812
0.489714283921867	0.3133652614077827
0.5876571407062404	0.2518229516005942
0.6855999974906137	0.21033618135080331
0.7835428542749872	0.18045877688567788
0.8814857110593605	0.1579019332930138
0.9794285678437338	0.14025743848467864
1.077371424628107	0.12606897760143262
1.1753142814124804	0.11440419310614003
1.2732571381968536	0.10463852851669875
1.3711999949812272	0.0963379128687979
1.4691428517656007	0.08919129647838836
1.5670857085499743	0.08296996051834905
1.6650285653343475	0.0775019739107355
1.7629714221187212	0.0726556036728435
1.8609142789030946	0.06832821949196335
1.958857135687468	0.06443868076901174
2.0567999924718414	0.06092199435221581
2.154742849256215	0.05772549024336651
2.2526857060405883	0.05480603482601235
2.350628562824962	0.05212796743470467
2.448571419609335	0.049661550305956016
2.5465142763937085	0.047381788827872307
2.644457133178082	0.04526752283551089
2.742399989962456	0.04330071898171692
2.8403428467468292	0.041465914122441466
2.938285703531202	0.0397497734106469
3.0362285603155756	0.03814073643732848
3.1341714170999495	0.036628731613006615
3.232114273884323	0.03520494391687798
3.3300571306686964	0.0338616247337404
3.4279999874530698	0.03259193514387499
3.525942844237443	0.031389815998205804
3.623885701021817	0.030249879587975745
3.7218285578061905	0.029167318836957747
3.819771414590564	0.028137830798824676
3.9177142713749373	0.027157551900268986
4.015657128159311	0.026223002880811686
4.113599984943685	0.02533104177887459
4.211542841728058	0.0244788236271361
4.309485698512431	0.023663765768207973
4.407428555296804	0.022883517899089975
4.505371412081177	0.02213593611089717
4.603314268865551	0.02141906031755053
4.701257125649925	0.020731094570022257
4.799199982434298	0.020070389836381923
4.897142839218671	0.019435428896217445
4.995085696003044	0.018824813054064034
5.093028552787418	0.018237250422665236
5.190971409571792	0.017671545565106556
5.288914266356165	0.017126590316605194
5.386857123140539	0.01660135563320583
5.4847999799249125	0.016094884336778893
5.5827428367092855	0.015606284644314924
5.680685693493659	0.015134724385177234
5.778628550278032	0.014679425823219497
5.876571407062406	0.014239661011904839
5.97451426384678	0.013814747620113707
6.072457120631153	0.013404045174473881
6.170399977415527	0.013006951671013558
6.2683428341999	0.012622900514914107
6.366285690984273	0.012251357752277514
6.464228547768647	0.011891819562253193
6.56217140455302	0.011543809981696854
6.660114261337394	0.011206878837850057
6.7580571181217675	0.010880599867408036
6.85599997490614	0.01056456900284844
6.953942831690514	0.010258402809078158
7.051885688474887	0.00996173705536428
7.149828545259261	0.00967422540918658
7.247771402043635	0.009395538240115407
7.345714258828008	0.00912536152310754
7.443657115612382	0.00886339583174774
7.541599972396755	0.008609355412964755
7.639542829181128	0.00836296733563542
7.737485685965503	0.00812397070627352
7.835428542749875	0.007892115945694408
7.933371399534249	0.007667164121162853
8.031314256318622	0.00744888632907987
8.129257113102996	0.007237063123752534
8.22719996988737	0.007031483988226247
8.325142826671744	0.006831946843547871
8.423085683456115	0.006638257593175867
8.52102854024049	0.00645022969956509
8.618971397024863	0.006267683790232979
8.716914253809238	0.006090447290864546
8.81485711059361	0.005918354083238737
8.912799967377984	0.005751244185961343
9.010742824162357	0.005588963456172071
9.10868568094673	0.005431363310557908
9.206628537731104	0.00527830046415333
9.304571394515477	0.005129636685542026
9.402514251299852	0.004985238567196032
9.500457108084223	0.004844977309797912
9.598399964868598	0.004708728519491014
9.696342821652971	0.0045763720170929265
9.794285678437346	0.00444779165838901
9.892228535221719	0.004322875164697142
9.990171392006092	0.004201513962962221
10.088114248790465	0.004083603034700385
10.18605710557484	0.003969040773168672
10.283999962359212	0.0038577288481867456
10.381942819143587	0.0037495720780835987
10.479885675927958	0.003644478308284466
10.577828532712331	0.0035423582960916657
10.675771389496706	0.0034431256012483545
10.773714246281079	0.0033466964819063327
10.871657103065454	0.0032529897956484377
10.969599959849825	0.0031619269052429776
11.0675428166342	0.0030734315888322813
11.165485673418573	0.0029874299542799864
11.263428530202948	0.002903850357422358
11.36137138698732	0.002822623323987867
11.459314243771693	0.0027436814749666454
11.557257100556066	0.002666959455227386
11.655199957340441	0.002592393865193894
11.753142814124814	0.0025199231954069665
11.851085670909189	0.0024494877638096494
11.94902852769356	0.002381029655605292
12.046971384477935	0.0023144926655483053
12.144914241262308	0.002249822242537167
12.24285709804668	0.0021869654363881022
12.340799954831056	0.002125870846676062
12.438742811615429	0.002066488573537168
12.536685668399802	0.0020087701703337727
12.634628525184175	0.001952668598089709
12.73257138196855	0.0018981381816092532
12.830514238752922	0.0018451345671988274
12.928457095537297	0.001793614681915533
13.026399952321668	0.0017435366942713327
13.124342809106043	0.0016948599763260343
13.222285665890416	0.0016475450671062802
13.32022852267479	0.0016015536372914775
13.418171379459164	0.0015568484551110823
13.516114236243537	0.0015133933534008665
13.61405709302791	0.0014711531977688003
13.711999949812283	0.0014300938558239507
13.809942806596657	0.0013901821674243975
13.90788566338103	0.0013513859159025698
14.005828520165403	0.001313673800228652
14.103771376949776	0.0012770154080747995
14.201714233734151	0.0012413811897448558
14.299657090518524	0.001206742432936083
14.397599947302899	0.0011730712383011199
14.49554280408727	0.0011403404957799693
14.593485660871645	0.0011085238616733112
14.691428517656018	0.0010775957364298244
14.789371374440393	0.0010475312431215084
14.887314231224765	0.0010183062065822215
14.985257088009138	0.0009898971331858022
15.083199944793513	0.000962281191241218
15.181142801577884	0.0009354361919831983
15.27908565836226	0.000909340571137774
15.377028515146634	0.0008839733710430296
15.474971371931005	0.0008593142233062366
15.572914228715378	0.0008353433319793255
15.670857085499753	0.0008120414572354146
15.768799942284128	0.000789389899529823
15.866742799068499	0.000767370484229673
15.964685655852874	0.0007459655466968229
16.062628512637247	0.0007251579178094735
16.16057136942162	0.0007049309099083712
16.258514226205993	0.000685268303154066
16.356457082990367	0.0006661543322822056
16.454399939774742	0.0006475736737443302
16.552342796559117	0.0006295114332221072
16.650285653343488	0.0006119531335033795
16.748228510127863	0.0005948847027088316
16.846171366912234	0.0005782924628584752
16.94411422369661	0.0005621631187675424
17.04205708048098	0.0005464837472617414
17.139999937265355	0.0005312417867021773
17.23794279404973	0.0005164250268105802
17.3358856508341	0.0005020215987857963
17.433828507618475	0.0004880199657028109
17.53177136440285	0.0004744089131858597
17.629714221187225	0.00046117754034747066
17.727657077971596	0.00044831525098554514
17.825599934755967	0.0004358117450308468
17.923542791540342	0.00042365701023751534
18.021485648324717	0.0004118413141094605
18.119428505109088	0.00040035519605571964
18.217371361893463	0.00038918945976808495
18.315314218677837	0.0003783351658145161
18.413257075462212	0.0003677836244420591
18.511199932246583	0.0003575263885831891
18.609142789030958	0.00034755524705968216
18.707085645815333	0.0003378622179783055
18.805028502599704	0.000328439542312791
18.902971359384075	0.00031927967766672444
19.00091421616845	0.00031037529221214895
19.098857072952825	0.00030171925879883836
19.196799929737196	0.0002933046492293473
19.29474278652157	0.00028512472869509335
19.392685643305946	0.00027717295036886933
19.49062850009032	0.0002694429501493192
19.58857135687469	0.00026192854155304576
19.686514213659063	0.0002546237107501469
19.784457070443434	0.0002475226117390991
19.882399927227805	0.00024061956165703156
19.980342784012176	0.0002339090362215446
20.078285640796544	0.0002273856653003452
20.176228497580915	0.00022104422860507646
20.274171354365286	0.0002148796515058258
20.372114211149658	0.0002088870009628991
20.47005706793403	0.0002030614815725456
20.5679999247184	0.000197398431723416
20.665942781502775	0.00019189331986062827
20.763885638287146	0.00018654174085440606
20.861828495071517	0.00018133941247034212
20.95977135185589	0.00017628217193842378
21.05771420864026	0.00017136597261804002
21.15565706542463	0.00016658688075626895
21.253599922209002	0.00016194107233682175
21.351542778993373	0.00015742483001709493
21.449485635777744	0.00015303454015085433
21.547428492562116	0.00014876668989414593
21.645371349346487	0.0001446178643920963
21.743314206130858	0.00014058474404433233
21.84125706291523	0.00013666410184681418
21.9391999196996	0.00013285280080793836
22.03714277648397	0.00012914779143682827
22.135085633268343	0.00012554610930178852
22.233028490052714	0.00012204487265695703
22.330971346837085	0.00011864128013524385
22.428914203621456	0.00011533260850570044
22.526857060405828	0.00011211621049351503
22.6247999171902	0.00010898951266088062
22.72274277397457	0.000105950013347032
22.82068563075894	0.00010299528066579554
22.918628487543312	0.00010012295055904305
23.016571344327684	9.733072490448556e-05
23.114514201112055	9.461636967628723e-05
23.21245705789643	9.197771315702198e-05
23.3103999146808	8.941264419953774e-05
23.408342771465172	8.691911053733265e-05
23.506285628249543	8.449511714208714e-05
23.604228485033914	8.21387246270342e-05
23.702171341818286	7.98480476948867e-05
23.800114198602657	7.762125362907634e-05
23.898057055387024	7.545656082709476e-05
23.995999912171396	7.335223737476008e-05
24.093942768955767	7.130659966026571e-05
24.191885625740138	6.931801102690053e-05
24.28982848252451	6.738488046335988e-05
24.38777133930888	6.55056613305982e-05
24.485714196093255	6.367885012420226e-05
24.583657052877626	6.190298527129343e-05
24.681599909661998	6.017664596099479e-05
24.77954276644637	5.849845100752628e-05
24.87748562323074	5.686705774501657e-05
24.97542848001511	5.528116095314653e-05
25.073371336799482	5.373949181276351e-05
25.171314193583854	5.2240816890629936e-05
25.269257050368225	5.0783937152492976e-05
25.367199907152596	4.936768700368489e-05
25.465142763936967	4.799093335648569e-05
25.56308562072134	4.6652574723501185e-05
25.661028477505713	4.5351540336330434e-05
25.75897133429008	4.4086789288816845e-05
25.856914191074452	4.285730970419711e-05
25.954857047858823	4.1662117925480865e-05
26.052799904643194	4.050025772841293e-05
26.150742761427566	3.93707995563882e-05
26.248685618211937	3.8272839776706536e-05
26.346628474996308	3.7205499957572196e-05
26.44457133178068	3.61679261652592e-05
26.54251418856505	3.515928828087987e-05
26.64045704534942	3.417877933620983e-05
26.738399902133793	3.322561486803756e-05
26.836342758918164	3.22990322905218e-05
26.93428561570254	3.139829028505459e-05
27.03222847248691	3.052266820714166e-05
27.13017132927128	2.967146550982497e-05
27.228114186055652	2.8844001183186416e-05
27.326057042840024	2.8039613209484022e-05
27.423999899624395	2.725765803348437e-05
27.521942756408766	2.6497510047567733e-05
27.619885613193137	2.575856109119332e-05
27.717828469977505	2.5040219964324584e-05
27.815771326761876	2.4341911954424838e-05
27.913714183546247	2.3663078376644927e-05
28.01165704033062	2.3003176126834915e-05
28.10959989711499	2.2361677247021723e-05
28.207542753899364	2.1738068503005793e-05
28.305485610683736	2.1131850973737916e-05
28.403428467468107	2.0542539652148276e-05
28.501371324252478	1.9969663057107922e-05
28.59931418103685	1.9412762856212448e-05
28.69725703782122	1.887139349908559e-05
28.79519989460559	1.8345121860909958e-05
28.893142751389963	1.78335268958991e-05
28.991085608174334	1.7336199300433885e-05
29.089028464958705	1.6852741185593732e-05
29.186971321743076	1.6382765758820466e-05
29.284914178527448	1.5925897014460094e-05
29.38285703531182	1.5481769432935205e-05
29.480799892096194	1.505002768830673e-05
29.57874274888056	1.4630326363991801e-05
29.676685605664932	1.4222329676409385e-05
29.774628462449304	1.3825711206333474e-05
29.87257131923367	1.3440153637738196e-05
29.970514176018046	1.3065348503926287e-05
30.06845703280242	1.270099594073749e-05
30.16639988958679	1.2346804446639712e-05
30.264342746371163	1.2002490649510786e-05
30.36228560315553	1.1667779079924426e-05
30.460228459939906	1.1342401950758877e-05
30.558171316724273	1.1026098942951686e-05
30.656114173508648	1.0718616997229724e-05
30.754057030293016	1.0419710111647288e-05
30.85199988707739	1.0129139144770725e-05
30.949942743861758	9.846671624351612e-06
31.047885600646133	9.572081561335994e-06
31.1458284574305	9.305149269060487e-06
31.243771314214875	9.045661187490587e-06
31.341714170999246	8.793409712360856e-06
31.439657027783618	8.548193029079791e-06
31.53759988456799	8.3098149512672e-06
31.635542741352356	8.078084763794114e-06
31.73348559813673	7.852817070200146e-06
31.8314284549211	7.633831644366265e-06
31.929371311705474	7.4209532863238714e-06
32.027314168489845	7.214011682085223e-06
32.125257025274216	7.012841267382986e-06
32.22319988205859	6.817281095209825e-06
32.32114273884296	6.627174707051966e-06
32.41908559562733	6.442370007713945e-06
32.5170284524117	6.262719143634015e-06
32.61497130919607	6.088078384593507e-06
32.71291416598044	5.918308008724726e-06
32.810857022764814	5.7532721907259815e-06
32.908799879549186	5.592838893193928e-06
33.00674273633356	5.436879760986589e-06
33.10468559311793	5.285270018532333e-06
33.2026284499023	5.137888370002592e-06
33.30057130668667	4.994616902268841e-06
33.39851416347104	4.855340990565607e-06
33.49645702025541	4.719949206784563e-06
33.594399877039784	4.588333230326045e-06
33.692342733824155	4.4603877614368755e-06
33.790285590608526	4.336010436964808e-06
33.888228447392905	4.215101748462513e-06
33.98617130417727	4.097564962575555e-06
34.08411416096165	3.9833060436505624e-06
34.18205701774601	3.8722335785015405e-06
34.27999987453038	3.7642587032747274e-06
34.377942731314754	3.659295032352499e-06
34.475885588099125	3.557258589240357e-06
34.573828444883496	3.458067739381222e-06
34.67177130166787	3.361643124843524e-06
34.76971415845224	3.2679076008305947e-06
34.86765701523661	3.1767861739606797e-06
34.96559987202098	3.088205942268275e-06
35.06354272880535	3.002096036878702e-06
35.16148558558973	2.9183875653092415e-06
35.259428442374094	2.837013556351429e-06
35.35737129915847	2.7579089064904755e-06
35.45531415594284	2.6810103278192174e-06
35.553257012727215	2.6062562974041776e-06
35.65119986951158	2.5335870080641285e-06
35.74914272629596	2.462944320521073e-06
35.84708558308032	2.3942717168858135e-06
35.9450284398647	2.3275142554405235e-06
36.042971296649064	2.2626185266826025e-06
36.14091415343344	2.199532610594178e-06
36.23885701021781	2.1382060351033445e-06
36.33679986700218	2.0785897357037705e-06
36.434742723786556	2.0206360162005363e-06
36.53268558057092	1.96429851055063e-06
36.6306284373553	1.909532145767759e-06
36.72857129413966	1.8562931058614145e-06
36.82651415092404	1.8045387967818658e-06
36.924457007708405	1.7542278123426138e-06
37.02239986449278	1.7053199010932696e-06
37.12034272127715	1.657775934116311e-06
37.218285578061526	1.6115578737217571e-06
37.31622843484589	1.5666287430151027e-06
37.41417129163027	1.522952596313747e-06
37.51211414841463	1.480494490388664e-06
37.61005700519901	1.4392204565079174e-06
37.70799986198338	1.3990974732598692e-06
37.80594271876775	1.360093440134294e-06
37.903885575552124	1.3221771518402133e-06
38.001828432336495	1.2853182733401594e-06
38.099771289120866	1.2494873155804436e-06
38.19771414590523	1.214655611898341e-06
38.29565700268961	1.1807952950872198e-06
38.39359985947397	1.147879275101447e-06
38.49154271625835	1.1158812173828158e-06
38.589485573042715	1.0847755217914591e-06
38.687428429827094	1.0545373021244616e-06
38.78537128661146	1.025142366205574e-06
38.883314143395836	9.965671965300812e-07
38.98125700018021	9.687889314497323e-07
39.07919985696458	9.4178534688206e-07
39.17714271374895	9.155348385300023e-07
39.27508557053333	8.900164045973583e-07
39.37302842731769	8.652096289862068e-07
39.47097128410207	8.410946649628972e-07
39.568914140886434	8.176522192797322e-07
39.66685699767081	7.948635367391764e-07
39.764799854455184	7.727103851889397e-07
39.86274271123955	7.51175040935064e-07
39.960685568023926	7.302402745621132e-07
40.05862842480829	7.098893371487627e-07
40.15657128159267	6.901059468677361e-07
40.25451413837703	6.708742759594915e-07
40.35245699516141	6.521789380692416e-07
40.450399851945775	6.340049759369425e-07
40.548342708730154	6.163378494307253e-07
40.64628556551452	5.991634239141357e-07
40.744228422298896	5.824679589374851e-07
40.84217127908326	5.662380972449356e-07
40.94011413586764	5.504608540878556e-07
41.03805699265201	5.351236068364305e-07
41.13599984943638	5.202140848808998e-07
41.23394270622075	5.057203598142901e-07
41.33188556300512	4.916308358891826e-07
41.429828419789494	4.779342407405028e-07
41.527771276573866	4.646196163669709e-07
41.62571413335824	4.5167631036409773e-07
41.72365699014261	4.3909396740180267e-07
41.82159984692698	4.268625209395461e-07
41.91954270371134	4.1497218517248037e-07
42.01748556049572	4.0341344720241413e-07
42.115428417280086	3.9217705942696547e-07
42.213371274064464	3.812540321409673e-07
42.311314130848835	3.7063562634421736e-07
42.409256987633206	3.603133467497842e-07
42.50719984441758	3.5027893498742583e-07
42.60514270120195	3.4052436299639575e-07
42.70308555798632	3.310418266025641e-07
42.80102841477069	3.2182373927471287e-07
42.89897127155506	3.1286272605488233e-07
42.996914128339434	3.0415161765791645e-07
43.094856985123805	2.956834447357744e-07
43.192799841908176	2.874514323017093e-07
43.29074269869255	2.7944899430985575e-07
43.38868555547692	2.7166972838606e-07
43.48662841226129	2.641074107055752e-07
43.58457126904566	2.5675599101378614e-07
43.68251412583003	2.49609587785643e-07
43.7804569826144	2.4266248352007837e-07
43.878399839398774	2.3590912016571917e-07
43.976342696183146	2.2934409467426278e-07
44.07428555296752	2.2296215467763272e-07
44.17222840975189	2.1675819428585332e-07
44.27017126653626	2.107272500020259e-07
44.36811412332063	2.0486449675128826e-07
44.466056980105	1.9916524402054765e-07
44.56399983688937	1.9362493210571962e-07
44.661942693673744	1.882391284638519e-07
44.759885550458115	1.8300352416680833e-07
44.85782840724249	1.7791393045382924e-07
44.95577126402686	1.7296627538037609e-07
45.053714120811236	1.6815660056034156e-07
45.1516569775956	1.6348105799907618e-07
45.24959983437998	1.5893590701490158e-07
45.34754269116434	1.5451751124621626e-07
45.44548554794872	1.502223357424287e-07
45.543428404733085	1.460469441355563e-07
45.641371261517456	1.4198799589116437e-07
45.73931411830183	1.380422436356322e-07
45.8372569750862	1.3420653055817684e-07
45.93519983187057	1.3047778788515177e-07
46.03314268865494	1.2685303242491327e-07
46.13108554543932	1.233293641810487e-07
46.22902840222368	1.1990396403228793e-07
46.32697125900806	1.1657409147709355e-07
46.424914115792426	1.1333708244099245e-07
46.522856972576804	1.101903471452857e-07
46.62079982936117	1.0713136803500272e-07
46.718742686145546	1.0415769776480407e-07
46.81668554292991	1.0126695724092852e-07
46.91462839971429	9.845683371779718e-08
47.01257125649865	9.572507894775382e-08
47.11051411328303	9.306950738224288e-08
47.208456970067395	9.048799442329651e-08
47.306399826851774	8.797847472377093e-08
47.404342683636145	8.553894053495467e-08
47.50228554042051	8.316744010024742e-08
47.60022839720489	8.08620760936467e-08
47.69817125398925	7.862100410181765e-08
47.79611411077363	7.644243114841628e-08
47.894056967557994	7.432461425966147e-08
47.99199982434237	7.226585906974934e-08
48.089942681126736	7.026451846551701e-08
48.187885537911114	6.831899126841823e-08
48.28582839469548	6.64277209536147e-08
48.38377125147986	6.458919440466697e-08
48.48171410826422	6.280194070285356e-08
48.5796569650486	6.106452995054433e-08
48.67759982183297	5.937557212709277e-08
48.77554267861734	5.7733715976715966e-08
48.87348553540171	5.613764792748223e-08
48.971428392186084	5.458609104043048e-08
49.069371248970455	5.3077803987764256e-08
49.167314105754826	5.1611580059962353e-08
49.2652569625392	5.0186246200179954e-08
49.36319981932357	4.8800662065748596e-08
49.46114267610794	4.7453719115957165e-08
49.559085532892304	4.61443397250663e-08
49.65702838967668	4.48714763201591e-08
49.75497124646105	4.3634110543077173e-08
49.852914103245425	4.2431252435638354e-08
49.950856960029796	4.126193964754295e-08
50.04879981681417	4.0125236666614525e-08
50.14674267359854	3.902023407021758e-08
50.24468553038291	3.7946047797708584e-08
50.34262838716728	3.690181844312645e-08
50.44057124395165	3.588671056769646e-08
50.53851410073602	3.4899912031258116e-08
50.636456957520394	3.3940633342707696e-08
50.734399814304766	3.30081070282692e-08
50.83234267108914	3.21015870174454e-08
50.93028552787351	3.1220348046194605e-08
51.02822838465788	3.0363685076582004e-08
51.12617124144225	2.9530912732843536e-08
51.22411409822662	2.8721364752948494e-08
51.32205695501099	2.7934393455622715e-08
51.419999811795364	2.716936922213386e-08
51.517942668579735	2.6425679992556597e-08
51.61588552536411	2.5702730776058454e-08
51.71382838214848	2.4999943174924113e-08
51.81177123893285	2.4316754921825457e-08
51.90971409571722	2.3652619429921113e-08
52.00765695250159	2.30070053556517e-08
52.10559980928596	2.2379396173537015e-08
52.203542666070334	2.1769289762932178e-08
52.301485522854705	2.1176198006383976e-08
52.399428379639076	2.0599646399065966e-08
52.497371236423454	2.0039173669110574e-08
52.59531409320782	1.9494331408594207e-08
52.6932569499922	1.8964683714859712e-08
52.79119980677656	1.844980684167385e-08
52.88914266356094	1.7949288860215036e-08
52.9870855203453	1.7462729329575605e-08
53.085028377129674	1.6989738976343334e-08
53.182971233914046	1.6529939383113886e-08
53.28091409069842	1.60829626859055e-08
53.37885694748279	1.564845127961968e-08
53.47679980426716	1.522605753207881e-08
53.57474266105153	1.4815443505904066e-08
53.6726855178359	1.4416280688128405e-08
53.77062837462028	1.4028249727281457e-08
53.868571231404644	1.3651040178051646e-08
53.96651408818902	1.3284350252817505e-08
54.06445694497339	1.2927886580196516e-08
54.162399801757765	1.2581363970343577e-08
54.26034265854213	1.224450518677427e-08
54.35828551532651	1.1917040724612478e-08
54.45622837211087	1.1598708594937056e-08
54.55417122889525	1.1289254115151046e-08
54.652114085679614	1.0988429705239466e-08
54.75005694246399	1.069599468972434e-08
54.847999799248356	1.0411715105111287e-08
54.945942656032734	1.0135363512660224e-08
55.043885512817106	9.866718816422796e-09
55.14182836960147	9.605566086431714e-09
55.23977122638585	9.351696386621069e-09
55.33771408317021	9.104906607774162e-09
55.43565693995459	8.864999304996624e-09
55.533599796738955	8.63178253969566e-09
55.63154265352333	8.40506972611803e-09
55.7294855103077	8.184679481930179e-09
55.827428367092075	7.970435483299698e-09
55.92537122387644	7.762166323612311e-09
56.02331408066082	7.559705376541914e-09
56.12125693744519	7.3628906625648026e-09
56.21919979422956	7.171564719496874e-09
56.31714265101393	6.985574476398488e-09
56.4150855077983	6.80477113125355e-09
56.513028364582674	6.629010031820124e-09
56.610971221367045	6.458150559853465e-09
56.708914078151416	6.292056018715818e-09
56.80685693493579	6.130593523985536e-09
56.90479979172016	5.973633897122886e-09
57.00274264850452	5.821051562077774e-09
57.1006855052889	5.672724444887193e-09
57.198628362073265	5.528533875961058e-09
57.29657121885764	5.388364495214255e-09
57.394514075642014	5.2521041597148605e-09
57.492456932426386	5.1196438539537615e-09
57.59039978921076	4.990877602687843e-09
57.68834264599513	4.865702386050589e-09
57.7862855027795	4.744018057245815e-09
57.88422835956387	4.6257272623605345e-09
57.98217121634824	4.5107353625121985e-09
58.08011407313261	4.398950358052888e-09
58.178056929916984	4.290282815064833e-09
58.275999786701355	4.1846457937071775e-09
58.37394264348573	4.08195477877276e-09
58.4718855002701	3.982127612010033e-09
58.56982835705447	3.8850844263919015e-09
58.66777121383885	3.790747582231022e-09
58.76571407062321	3.6990416050411044e-09
58.86365692740758	3.609893125187281e-09
58.961599784191954	3.523230819138965e-09
59.059542640976325	3.4389853524687206e-09
59.157485497760696	3.3570893243340433e-09
59.25542835454507	3.277477213528154e-09
59.35337121132944	3.200085326176339e-09
59.45131406811381	3.124851744656893e-09
59.54925692489818	3.0517162781054266e-09
59.64719978168255	2.980620414268135e-09
59.74514263846692	2.9115072726992637e-09
59.84308549525129	2.8443215592070815e-09
59.94102835203567	2.779009521672741e-09
60.03897120882004	2.715518906969364e-09
60.13691406560441	2.653798919254016e-09
60.234856922388786	2.5938001792594432e-09
60.33279977917316	2.5354746848104113e-09
60.43074263595752	2.478775772382862e-09
60.52868549274189	2.423658079863749e-09
60.62662834952627	2.370077510195833e-09
60.724571206310635	2.317991196074869e-09
60.82251406309501	2.267357465646559e-09
60.92045691987938	2.2181358092750268e-09
61.018399776663756	2.170286847033612e-09
61.11634263344812	2.1237722971954333e-09
61.21428549023249	2.0785549456328346e-09
61.31222834701687	2.034598616087437e-09
61.41017120380124	1.9918681411577307e-09
61.508114060585605	1.9503293342003317e-09
61.606056917369976	1.909948961972691e-09
61.703999774154354	1.8706947180268262e-09
61.801942630938726	1.8325351968827788e-09
61.89988548772309	1.7954398689196045e-09
61.99782834450746	1.7593790558499632e-09
62.09577120129184	1.7243239071370735e-09
62.19371405807621	1.6902463768278366e-09
62.291656914860575	1.6571192011035017e-09
62.389599771644946	1.6249158764569744e-09
62.487542628429324	1.5936106384824276e-09
62.585485485213695	1.5631784413298285e-09
62.68342834199806	1.5335949376569577e-09
62.78137119878244	1.504836459059786e-09
62.87931405556681	1.4768799972490905e-09
62.97725691235117	1.4497031855810544e-09
63.075199769135544	1.423284281157114e-09
63.17314262591992	1.3976021474308642e-09
63.271085482704294	1.3726362373507245e-09
63.36902833948866	1.348366576856592e-09
63.46697119627303	1.3247737489218192e-09
63.56491405305741	1.3018388780400672e-09
63.66285690984178	1.2795436151139797e-09
63.76079976662614	1.2578701227217564e-09
63.85874262341053	1.2368010609338431e-09
63.95668548019489	1.21631957337358e-09
64.05462833697926	1.1964092737896952e-09
64.15257119376363	1.1770542328631928e-09
64.250514050548	1.1582389655117342e-09
64.34845690733238	1.13994841855757e-09
64.44639976411675	1.1221679586059503e-09
64.54434262090112	1.1048833603253553e-09
64.64228547768549	1.0880807951391146e-09
64.74022833446986	1.0717468200700993e-09
64.83817119125423	1.0558683670781245e-09
64.93611404803859	1.0404327325743435e-09
65.03405690482298	1.025427567217873e-09
65.13199976160735	1.0108408660951044e-09
65.22994261839172	9.966609590664422e-10
65.32788547517609	9.828765014574568e-10
65.42582833196046	9.694764649653022e-10
65.52377118874483	9.564501288425778e-10
65.6217140455292	9.43787071349073e-10
65.71965690231357	9.314771613374517e-10
65.81759975909794	9.1951055024554e-10
65.91554261588232	9.078776641316661e-10
66.01348547266669	8.965691960735542e-10
66.11142832945106	8.855760987059396e-10
66.20937118623543	8.748895769543126e-10
66.3073140430198	8.645010810508925e-10
66.40525689980417	8.544022996367061e-10
66.50319975658854	8.445851531411141e-10
66.60114261337291	8.350417873526807e-10
66.69908547015729	8.257645670665801e-10
66.79702832694166	8.167460700190181e-10
66.89497118372603	8.079790809364592e-10
66.9929140405104	7.994565857379291e-10
67.09085689729477	7.911717659860621e-10
67.18879975407914	7.831179933812021e-10
67.28674261086351	7.752888244946809e-10
67.38468546764788	7.676779955499336e-10
67.48262832443227	7.602794175049794e-10
67.58057118121663	7.530871711062007e-10
67.678514038001	7.460955021860835e-10
67.77645689478537	7.392988170183637e-10
67.87439975156975	7.326916778788641e-10
67.97234260835411	7.262687987498407e-10
68.07028546513848	7.200250409477917e-10
68.16822832192285	7.139554091435185e-10
68.26617117870722	7.080550473152187e-10
68.3641140354916	7.023192348546518e-10
68.46205689227597	6.967433827833285e-10
68.55999974906034	6.913230301456918e-10
68.65794260584471	6.860538403735965e-10
68.75588546262908	6.809315978516992e-10
68.85382831941345	6.759522044780655e-10
68.95177117619784	6.711116764974397e-10
69.0497140329822	6.664061412675459e-10
69.14765688976657	6.618318340445221e-10
69.24559974655094	6.573850951414746e-10
69.34354260333532	6.530623669339571e-10
69.44148546011968	6.488601909993902e-10
69.53942831690405	6.447752054095561e-10
69.63737117368842	6.408041419656891e-10
69.73531403047281	6.369438235579399e-10
69.83325688725716	6.331911617448852e-10
69.93119974404154	6.295431542182299e-10
70.02914260082592	6.259968824110176e-10
70.12708545761028	6.2254950907714e-10
70.22502831439465	6.191982761387254e-10
70.32297117117902	6.159405024378574e-10
70.4209140279634	6.127735815648288e-10
70.51885688474776	6.096949798586067e-10
70.61679974153213	6.067022342637878e-10
70.7147425983165	6.037929503884661e-10
70.81268545510089	6.00964800667338e-10
70.91062831188525	5.982155224195692e-10
71.00857116866962	5.955429160980047e-10
71.10651402545399	5.929448435001102e-10
71.20445688223838	5.904192260171821e-10
71.30239973902273	5.879640429600946e-10
71.4003425958071	5.855773301050918e-10
71.49828545259149	5.832571779286465e-10
71.59622830937586	5.810017302058725e-10
71.69417116616022	5.788091824702108e-10
71.79211402294459	5.766777805400879e-10
71.89005687972897	5.746058192129986e-10
71.98799973651334	5.725916407682456e-10
72.0859425932977	5.706336337853955e-10
72.18388545008207	5.687302317379062e-10
72.28182830686646	5.668799117972326e-10
72.37977116365082	5.650811936082298e-10
72.47771402043519	5.633326381554451e-10
72.57565687721957	5.616328464428499e-10
72.67359973400394	5.599804585993108e-10
72.7715425907883	5.58374152606157e-10
72.86948544757267	5.568126433213304e-10
72.96742830435706	5.552946814556997e-10
73.06537116114143	5.538190525637248e-10
73.16331401792579	5.523845760580399e-10
73.26125687471016	5.509901042718719e-10
73.35919973149454	5.496345215501602e-10
73.45714258827891	5.483167433885122e-10
73.55508544506327	5.470357154669208e-10
73.65302830184764	5.457904129035254e-10
73.75097115863203	5.445798393840017e-10
73.8489140154164	5.434030263961872e-10
73.94685687220075	5.422590324168742e-10
74.04479972898514	5.411469422038394e-10
74.14274258576951	5.400658660304716e-10
74.24068544255387	5.390149389586669e-10
74.33862829933824	5.379933202073975e-10
74.43657115612262	5.370001924447405e-10
74.534514012907	5.360347611086107e-10
74.63245686969135	5.350962537896785e-10
74.73039972647572	5.341839196095048e-10
74.82834258326011	5.332970286752125e-10
74.92628544004448	5.324348714193529e-10
75.02422829682884	5.315967580593615e-10
75.12217115361322	5.307820181096323e-10
75.2201140103976	5.299899997118168e-10
75.31805686718197	5.292200692330043e-10
75.41599972396632	5.284716106534222e-10
75.51394258075071	5.277440251837511e-10
75.61188543753508	5.270367307054447e-10
75.70982829431945	5.263491613497762e-10
75.80777115110381	5.256807670194792e-10
75.9057140078882	5.250310129677935e-10
76.00365686467256	5.243993793822933e-10
76.10159972145692	5.237853608778278e-10
76.19954257824129	5.231884662382079e-10
76.29748543502568	5.226082179378489e-10
76.39542829181005	5.22044151682546e-10
76.4933711485944	5.214958161989973e-10
76.59131400537879	5.209627728281993e-10
76.68925686216316	5.204445950949253e-10
76.78719971894753	5.199408684111425e-10
76.88514257573189	5.194511897889985e-10
76.98308543251628	5.189751674724846e-10
77.08102828930065	5.185124205930187e-10
77.17897114608502	5.180625789589677e-10
77.27691400286938	5.176252826251254e-10
77.37485685965376	5.172001817396374e-10
77.47279971643813	5.16786936237853e-10
77.5707425732225	5.163852154405038e-10
77.66868543000687	5.159946979963011e-10
77.76662828679125	5.15615071470548e-10
77.86457114357562	5.152460321250947e-10
77.96251400035999	5.148872846791593e-10
78.06045685714436	5.145385421945225e-10
78.15839971392873	5.141995256163037e-10
78.2563425707131	5.138699637107741e-10
78.35428542749746	5.135495928118276e-10
78.45222828428184	5.132381566105027e-10
78.55017114106622	5.129354059636401e-10
78.64811399785059	5.126410985829492e-10
78.74605685463494	5.123549990684938e-10
78.84399971141933	5.120768785355725e-10
78.9419425682037	5.118065144425103e-10
79.03988542498807	5.115436905236879e-10
79.13782828177244	5.112881964499082e-10
79.23577113855681	5.110398278331792e-10
79.33371399534118	5.107983860162371e-10
79.43165685212556	5.105636777855314e-10
79.52959970890993	5.103355153855753e-10
79.6275425656943	5.101137162606331e-10
79.72548542247867	5.098981029733982e-10
79.82342827926304	5.09688503018435e-10
79.92137113604741	5.094847487169389e-10
80.01931399283178	5.092866770397447e-10
80.11725684961615	5.090941294973036e-10
80.21519970640053	5.089069520392285e-10
80.3131425631849	5.087249949203539e-10
80.41108541996927	5.085481125811458e-10
80.50902827675364	5.083761634850605e-10
80.60697113353801	5.082090100611416e-10
80.70491399032238	5.080465186083484e-10
80.80285684710675	5.07888559118563e-10
80.90079970389112	5.07735005200054e-10
80.9987425606755	5.075857340200725e-10
81.09668541745987	5.074406261374276e-10
81.19462827424424	5.07299565469001e-10
81.29257113102861	5.071624391653738e-10
81.39051398781298	5.070291374864539e-10
81.48845684459735	5.068995538349606e-10
81.58639970138172	5.067735845124624e-10
81.6843425581661	5.06651128728944e-10
81.78228541495046	5.065320885167015e-10
81.88022827173484	5.064163686251046e-10
81.97817112851921	5.063038764631925e-10
82.07611398530358	5.061945220709736e-10
82.17405684208795	5.060882179567828e-10
82.27199969887232	5.059848790446626e-10
82.36994255565669	5.058844226600123e-10
82.46788541244106	5.057867684434836e-10
82.56582826922543	5.056918382840108e-10
82.6637711260098	5.055995562135709e-10
82.76171398279419	5.055098483832673e-10
82.85965683957855	5.054226430585452e-10
82.95759969636292	5.053378704182811e-10
83.05554255314729	5.052554626743734e-10
83.15348540993168	5.051753538995323e-10
83.25142826671603	5.050974799746614e-10
83.3493711235004	5.050217786175582e-10
83.44731398028478	5.049481892776764e-10
83.54525683706915	5.048766530595879e-10
83.64319969385352	5.048071127708188e-10
83.74114255063789	5.047395127352899e-10
83.83908540742227	5.046737988555031e-10
83.93702826420663	5.046099185790566e-10
84.034971120991	5.045478208221071e-10
84.13291397777537	5.044874558784824e-10
84.23085683455976	5.044287754627333e-10
84.32879969134412	5.043717326383799e-10
84.42674254812849	5.043162817652923e-10
84.52468540491286	5.042623784853399e-10
84.62262826169724	5.042099796649883e-10
84.7205711184816	5.041590433761652e-10
84.81851397526597	5.04109528862775e-10
84.91645683205034	5.040613965263486e-10
85.01439968883473	5.04014607811237e-10
85.11234254561909	5.039691253385517e-10
85.21028540240346	5.039249126956871e-10
85.30822825918784	5.038819345415597e-10
85.4061711159722	5.038401564343986e-10
85.50411397275657	5.037995449656861e-10
85.60205682954094	5.037600676501352e-10
85.69999968632533	5.037216929161231e-10
85.79794254310968	5.036843900674211e-10
85.89588539989406	5.036481292640619e-10
85.99382825667843	5.036128814888536e-10
86.09177111346281	5.03578618523462e-10
86.18971397024717	5.035453129771122e-10
86.28765682703154	5.035129382196182e-10
86.38559968381593	5.034814683144134e-10
86.4835425406003	5.034508781094377e-10
86.58148539738465	5.034211431127653e-10
86.67942825416903	5.033922395691416e-10
86.77737111095341	5.033641443212592e-10
86.87531396773778	5.033368348958627e-10
86.97325682452214	5.033102894367783e-10
87.07119968130651	5.032844867144814e-10
87.1691425380909	5.032594060734764e-10
87.26708539487525	5.032350274514319e-10
87.36502825165962	5.032113313313446e-10
87.462971108444	5.031882987941581e-10
87.56091396522838	5.031659113752567e-10
87.65885682201274	5.031441512127553e-10
87.75679967879711	5.031230008705074e-10
87.8547425355815	5.031024434289931e-10
87.95268539236586	5.030824624566176e-10
88.05062824915022	5.030630419475247e-10
88.1485711059346	5.030441663455144e-10
88.24651396271898	5.030258205775286e-10
88.34445681950335	5.030079899627623e-10
88.4423996762877	5.029906602557167e-10
88.54034253307208	5.029738175887951e-10
88.63828538985646	5.029574484388192e-10
88.73622824664083	5.029415397370502e-10
88.83417110342519	5.029260787639509e-10
88.93211396020958	5.029110531491854e-10
89.03005681699395	5.02896450866835e-10
89.12799967377832	5.028822602449667e-10
89.22594253056268	5.028684699225795e-10
89.32388538734706	5.02855068863956e-10
89.42182824413143	5.028420463634458e-10
89.51977110091579	5.028293919737119e-10
89.61771395770016	5.02817095587051e-10
89.71565681448455	5.028051473540736e-10
89.81359967126892	5.027935377267555e-10
89.91154252805327	5.027822574345198e-10
90.00948538483765	5.027712974603198e-10
90.10742824162203	5.02760648997586e-10
90.2053710984064	5.027503035506815e-10
90.30331395519076	5.027402528583649e-10
90.40125681197514	5.02730488874656e-10
90.49919966875952	5.02721003773619e-10
90.59714252554389	5.027117899445792e-10
90.69508538232824	5.027028400590933e-10
90.79302823911263	5.026941469274416e-10
90.890971095897	5.026857035847325e-10
90.98891395268137	5.026775032669852e-10
91.08685680946573	5.026695394589644e-10
91.18479966625011	5.026618057793755e-10
91.28274252303449	5.026542960143492e-10
91.38068537981884	5.026470041844112e-10
91.47862823660323	5.026399244392439e-10
91.5765710933876	5.02633051124657e-10
91.67451395017197	5.026263787347503e-10
91.77245680695633	5.026199019406168e-10
91.87039966374071	5.026136155616401e-10
91.96834252052508	5.026075145654946e-10
92.06628537730946	5.026015940824967e-10
92.16422823409381	5.025958493577688e-10
92.2621710908782	5.02590275827776e-10
92.36011394766257	5.025848690055211e-10
92.45805680444694	5.025796245570811e-10
92.5559996612313	5.02574538311175e-10
92.65394251801568	5.02569606173059e-10
92.75188537480005	5.025648242010636e-10
92.84982823158442	5.025601886065943e-10
92.9477710883688	5.025556956393246e-10
93.04571394515317	5.025513416828687e-10
93.14365680193754	5.02547123312184e-10
93.2415996587219	5.025430371213617e-10
93.33954251550628	5.025390798575682e-10
93.43748537229065	5.025352483445067e-10
93.53542822907502	5.025315395302537e-10
93.63337108585938	5.025279504059378e-10
93.73131394264377	5.025244781396803e-10
93.82925679942814	5.025211199235197e-10
93.92719965621251	5.02517873088219e-10
94.02514251299688	5.025147350506455e-10
94.12308536978125	5.025117032850692e-10
94.22102822656562	5.025087753709991e-10
94.31897108335	5.02505948978832e-10
94.41691394013436	5.025032218411513e-10
94.51485679691874	5.025005917766448e-10
94.6127996537031	5.024980566853214e-10
94.71074251048748	5.024956145341599e-10
94.80868536727185	5.024932633427582e-10
94.90662822405622	5.024910012455206e-10
95.00457108084059	5.024888264055526e-10
95.10251393762496	5.024867371294671e-10
95.20045679440933	5.02484731747795e-10
95.2983996511937	5.024828086532536e-10
95.39634250797808	5.02480966300747e-10
95.49428536476245	5.024792031930145e-10
95.59222822154682	5.024775179236842e-10
95.69017107833119	5.024759091246522e-10
95.78811393511556	5.024743755474043e-10
95.88605679189993	5.024729159912622e-10
95.9839996486843	5.02471529260331e-10
96.08194250546867	5.024702142448203e-10
96.17988536225305	5.024689698827756e-10
96.27782821903742	5.024677951552944e-10
96.37577107582179	5.024666891678475e-10
96.47371393260616	5.024656510259054e-10
96.57165678939053	5.02464679901909e-10
96.6695996461749	5.024637750065677e-10
96.76754250295927	5.024629356127774e-10
96.86548535974364	5.02462161074755e-10
96.96342821652802	5.024614507706353e-10
97.06137107331239	5.024608041072541e-10
97.15931393009676	5.024602205871194e-10
97.25725678688113	5.024596997510076e-10
97.3551996436655	5.024592411588294e-10
97.45314250044987	5.024588444374657e-10
97.55108535723424	5.024585092807671e-10
97.64902821401861	5.024582354304206e-10
97.74697107080299	5.024580226568143e-10
97.84491392758736	5.024578708068737e-10
97.94285678437173	5.024577797370915e-10
97.94285678437338	5.024577493757137e-10
