0.0	4.936615983447322
0.0979428567843734	4.936615983117402
0.1958857135687468	1.1269492647416957
0.29382857035312016	0.6058899274421657
0.3917714271374936	0.4126057997950036
0.489714283921867	0.31245463428771064
0.5876571407062404	0.2512321926708266
0.6855999974906137	0.20992200914648002
0.7835428542749872	0.18015223898747013
0.8814857110593605	0.15766580264872582
0.9794285678437338	0.1400698679742056
1.077371424628107	0.12591630760184208
1.1753142814124804	0.11427744725448764
1.2732571381968536	0.10453156627614557
1.3711999949812272	0.0962463922307851
1.4691428517656007	0.08911206074112452
1.5670857085499743	0.08290065985119213
1.6650285653343475	0.07744082315450769
1.7629714221187212	0.07260122241266884
1.8609142789030946	0.06827952355308763
1.958857135687468	0.06439480683089517
2.0567999924718414	0.060882246460913364
2.154742849256215	0.05768930114503897
2.2526857060405883	0.05477293754257362
2.350628562824962	0.052097574050803376
2.448571419609335	0.04963353591975963
2.5465142763937085	0.04735587925655417
2.644457133178082	0.04524348508925089
2.742399989962456	0.04327835380532334
2.8403428467468292	0.041445050099397154
2.938285703531202	0.03973026226068759
3.0362285603155756	0.03812244923494604
3.1341714170999495	0.03661155572317768
3.232114273884323	0.035188780494232276
3.3300571306686964	0.03384638666794693
3.4279999874530698	0.03257754536109086
3.525942844237443	0.03137620604866552
3.623885701021817	0.03023698846506303
3.7218285578061905	0.02915509198471675
3.819771414590564	0.028126219273777772
3.9177142713749373	0.027146511660295435
4.015657128159311	0.026212494179203818
4.113599984943685	0.025321028645891554
4.211542841728058	0.024469273424691542
4.309485698512431	0.023654648805960257
4.407428555296804	0.022874807102305533
4.505371412081177	0.022127606732144707
4.603314268865551	0.02141108968564569
4.701257125649925	0.020723461870746838
4.799199982434298	0.020063075920402004
4.897142839218671	0.019428416110361765
4.995085696003044	0.018818085092730027
5.093028552787418	0.018230792196620677
5.190971409571792	0.017665343085369593
5.288914266356165	0.017120630591431055
5.386857123140539	0.01659562657649681
5.4847999799249125	0.01608937468647626
5.5827428367092855	0.015600983889534684
5.680685693493659	0.015129622701023552
5.778628550278032	0.014674514012354822
5.876571407062406	0.014234930452079377
5.97451426384678	0.01381019021696194
6.072457120631153	0.013399653318975756
6.170399977415527	0.013002718201094833
6.2683428341999	0.012618818680726491
6.366285690984273	0.012247421184756059
6.464228547768647	0.01188802224459759
6.56217140455302	0.011540146223465676
6.660114261337394	0.011203343251393936
6.7580571181217675	0.010877187346399695
6.85599997490614	0.010561274702695465
6.953942831690514	0.010255222129028718
7.051885688474887	0.009958665622137269
7.149828545259261	0.009671259061976401
7.247771402043635	0.009392673016837879
7.345714258828008	0.009122593647767963
7.443657115612382	0.00886072170282473
7.541599972396755	0.008606771592714765
7.639542829181128	0.008360470540232727
7.737485685965503	0.008121557796709235
7.835428542749875	0.007889783919365883
7.933371399534249	0.007664910104091762
8.031314256318622	0.0074467075687033825
8.129257113102996	0.007234956982237499
8.22719996988737	0.007029447936261188
8.325142826671744	0.006829978454571956
8.423085683456115	0.006636354538007949
8.52102854024049	0.0064483897413993695
8.618971397024863	0.006265904779971024
8.716914253809238	0.0060887271627561865
8.81485711059361	0.005916690850806898
8.912799967377984	0.005749635938188143
9.010742824162357	0.005587408353925585
9.10868568094673	0.00542985958324081
9.206628537731104	0.005276846406556328
9.304571394515477	0.00512823065488648
9.402514251299852	0.004983878980351536
9.500457108084223	0.004843662640661819
9.598399964868598	0.004707457296518022
9.696342821652971	0.004575142820963845
9.794285678437346	0.004446603119808749
9.892228535221719	0.004321725962312782
9.990171392006092	0.0042004028213927964
10.088114248790465	0.004082528722670687
10.18605710557484	0.003968002101740014
10.283999962359212	0.0038567246690781798
10.381942819143587	0.003748601282077634
10.479885675927958	0.003643539823711754
10.577828532712331	0.003541451087389599
10.675771389496706	0.0034422486675888975
10.773714246281079	0.0033458488558887546
10.871657103065454	0.0032521705420529663
10.969599959849825	0.0031611351198416763
11.0675428166342	0.0030726663972537377
11.165485673418573	0.002986690510924646
11.263428530202948	0.0029031358444255714
11.36137138698732	0.0028219329502279264
11.459314243771693	0.0027430144751152898
11.557257100556066	0.0026663150888404192
11.655199957340441	0.0025917714158397347
11.753142814124814	0.0025193219698310962
11.851085670909189	0.0024489070911330618
11.94902852769356	0.002380468886555176
12.046971384477935	0.002313951171719312
12.144914241262308	0.0022492994156817167
12.24285709804668	0.0021864606877342947
12.340799954831056	0.0021253836062718307
12.438742811615429	0.0020660182896194254
12.536685668399802	0.0020083163087213493
12.634628525184175	0.0019522306415989809
12.73257138196855	0.0018977156294914086
12.830514238752922	0.0018447269345977892
12.928457095537297	0.0017932214993456141
13.026399952321668	0.0017431575071137492
13.124342809106043	0.0016944943443434558
13.222285665890416	0.001647192563974643
13.32022852267479	0.0016012138501483243
13.418171379459164	0.001556520984119739
13.516114236243537	0.0015130778113298018
13.61405709302791	0.0014708492095855423
13.711999949812283	0.0014298010583029775
13.809942806596657	0.0013899002087684419
13.90788566338103	0.0013511144553768081
14.005828520165403	0.0013134125078072742
14.103771376949776	0.001276763964099483
14.201714233734151	0.0012411392845946875
14.299657090518524	0.0012065097667084941
14.397599947302899	0.0011728475205034236
14.49554280408727	0.0011401254450311062
14.593485660871645	0.0011083172054154253
14.691428517656018	0.0010773972106493121
14.789371374440393	0.0010473405920791976
14.887314231224765	0.0010181231825523531
14.985257088009138	0.0009897214962034993
15.083199944793513	0.0009621127088581422
15.181142801577884	0.000935274639031108
15.27908565836226	0.0009091857294997057
15.377028515146634	0.000883825029431841
15.474971371931005	0.000859172177050255
15.572914228715378	0.0008352073828148602
15.670857085499753	0.000811911413105899
15.768799942284128	0.0007892655743913611
15.866742799068499	0.0007672516978627761
15.964685655852874	0.0007458521245241262
16.062628512637247	0.0007250496907192364
16.16057136942162	0.0007048277140835661
16.258514226205993	0.0006851699799068733
16.356457082990367	0.0006660607278937335
16.454399939774742	0.0006474846393093914
16.552342796559117	0.0006294268244988843
16.650285653343488	0.0006118728107678213
16.748228510127863	0.0005948085306136256
16.846171366912234	0.0005782203102964483
16.94411422369661	0.0005620948587393479
17.04205708048098	0.0005464192567476916
17.139999937265355	0.000531180946538092
17.23794279404973	0.000516367721567519
17.3358856508341	0.0005019677166535531
17.433828507618475	0.000487969398377049
17.53177136440285	0.00047436155575877247
17.629714221187225	0.0004611332912018553
17.727657077971596	0.0004482740116921815
17.825599934755967	0.0004357734202490763
17.923542791540342	0.0004236215076189196
18.021485648324717	0.0004118085442045407
18.119428505109088	0.000400325072223483
18.217371361893463	0.0003891618980884466
18.315314218677837	0.0003783100850034278
18.413257075462212	0.000367760945769279
18.511199932246583	0.0003575060357926098
18.609142789030958	0.00034753714629213723
18.707085645815333	0.00033784629769677694
18.805028502599704	0.00032842573322994174
18.902971359384075	0.00031926791267468423
19.00091421616845	0.00031036550631448307
19.098857072952825	0.0003017113890446304
19.196799929737196	0.00029329863464933113
19.29474278652157	0.0002851205102397697
19.392685643305946	0.0002771704708485455
19.49062850009032	0.0002694421541760119
19.58857135687469	0.0002619293754841896
19.686514213659063	0.0002546261226340515
19.784457070443434	0.00024752655126210186
19.882399927227805	0.00024062498009229166
19.980342784012176	0.0002339158863794292
20.078285640796544	0.0002273939014803568
20.176228497580915	0.00022105380654927447
20.274171354365286	0.00021489052835369586
20.372114211149658	0.00020889913520762515
20.47005706793403	0.0002030748330186412
20.5679999247184	0.0001974129614456729
20.665942781502775	0.00019190899016434114
20.763885638287146	0.00018655851523683413
20.861828495071517	0.00018135725558336924
20.95977135185589	0.00017630104955237996
21.05771420864026	0.00017138585158664815
21.15565706542463	0.00016660772898268217
21.253599922209002	0.00016196285874071748
21.351542778993373	0.00015744752450279296
21.449485635777744	0.00015305811357642723
21.547428492562116	0.00014879111404149094
21.645371349346487	0.0001446431119379391
21.743314206130858	0.00014061078853213363
21.84125706291523	0.0001366909176595514
21.9391999196996	0.00013288036314173512
22.03714277648397	0.00012917607627540559
22.135085633268343	0.00012557509339171198
22.233028490052714	0.00012207453348365567
22.330971346837085	0.00011867159589977647
22.428914203621456	0.00011536355810224652
22.526857060405828	0.00011214777348756754
22.6247999171902	0.00010902166926811907
22.72274277397457	0.00010598274441285463
22.82068563075894	0.00010302856764549032
22.918628487543312	0.00010015677549857766
23.016571344327684	9.736507042189697e-05
23.114514201112055	9.46512189436525e-05
23.21245705789643	9.201304988299227e-05
23.3103999146808	8.944845261241783e-05
23.408342771465172	8.695537536868931e-05
23.506285628249543	8.45318236108698e-05
23.604228485033914	8.217585842419225e-05
23.702171341818286	7.98855949684674e-05
23.800114198602657	7.765920096978924e-05
23.898057055387024	7.549489525432761e-05
23.995999912171396	7.339094632303227e-05
24.093942768955767	7.13456709661059e-05
24.191885625740138	6.935743291613501e-05
24.28982848252451	6.742464153879912e-05
24.38777133930888	6.5545750560109e-05
24.485714196093255	6.371925682915372e-05
24.583657052877626	6.194369911536499e-05
24.681599909661998	6.021765693933519e-05
24.77954276644637	5.853974943625243e-05
24.87748562323074	5.690863425104183e-05
24.97542848001511	5.532300646432802e-05
25.073371336799482	5.3781597548358795e-05
25.171314193583854	5.2283174352053087e-05
25.269257050368225	5.082653811436102e-05
25.367199907152596	4.941052350514548e-05
25.465142763936967	4.803399769281713e-05
25.56308562072134	4.669585943797643e-05
25.661028477505713	4.539503821233704e-05
25.75897133429008	4.413049334222443e-05
25.856914191074452	4.2901213175965034e-05
25.954857047858823	4.170621427449834e-05
26.052799904643194	4.054454062456465e-05
26.150742761427566	3.9415262873838116e-05
26.248685618211937	3.831747758739313e-05
26.346628474996308	3.725030652490865e-05
26.44457133178068	3.621289593803208e-05
26.54251418856505	3.520441588734007e-05
26.64045704534942	3.422405957834966e-05
26.738399902133793	3.327104271604845e-05
26.836342758918164	3.234460287742693e-05
26.93428561570254	3.14439989015107e-05
27.03222847248691	3.056851029640492e-05
27.13017132927128	2.971743666287594e-05
27.228114186055652	2.8890097134008823e-05
27.326057042840024	2.8085829830492814e-05
27.423999899624395	2.7303991331098162e-05
27.521942756408766	2.6543956157921238e-05
27.619885613193137	2.5805116275985264e-05
27.717828469977505	2.5086880606797182e-05
27.815771326761876	2.4388674555470364e-05
27.913714183546247	2.3709939551035425e-05
28.01165704033062	2.3050132599571332e-05
28.10959989711499	2.2408725849798865e-05
28.207542753899364	2.1785206170789007e-05
28.305485610683736	2.117907474144844e-05
28.403428467468107	2.0589846651453575e-05
28.501371324252478	2.0017050513313914e-05
28.59931418103685	1.946022808525416e-05
28.69725703782122	1.8918933904613515e-05
28.79519989460559	1.839273493146881e-05
28.893142751389963	1.788121020219611e-05
28.991085608174334	1.738395049269394e-05
29.089028464958705	1.690055799099857e-05
29.186971321743076	1.643064597902923e-05
29.284914178527448	1.5973838523208802e-05
29.38285703531182	1.552977017371241e-05
29.480799892096194	1.50980856721035e-05
29.57874274888056	1.4678439667122838e-05
29.676685605664932	1.427049643840402e-05
29.774628462449304	1.3873929627893474e-05
29.87257131923367	1.3488421978760943e-05
29.970514176018046	1.311366508159074e-05
30.06845703280242	1.2749359127651216e-05
30.16639988958679	1.2395212669045113e-05
30.264342746371163	1.2050942385548642e-05
30.36228560315553	1.1716272857952813e-05
30.460228459939906	1.1390936347725603e-05
30.558171316724273	1.107467258281898e-05
30.656114173508648	1.076722854944913e-05
30.754057030293016	1.0468358289683394e-05
30.85199988707739	1.0177822704671999e-05
30.949942743861758	9.895389363367173e-06
31.047885600646133	9.620832316576467e-06
31.1458284574305	9.353931916201807e-06
31.243771314214875	9.09447463951944e-06
31.341714170999246	8.842252918360078e-06
31.439657027783618	8.597064973053053e-06
31.53759988456799	8.35871465100099e-06
31.635542741352356	8.127011269756555e-06
31.73348559813673	7.901769464475072e-06
31.8314284549211	7.68280903962137e-06
31.929371311705474	7.4699548248122555e-06
32.027314168489845	7.26303653467891e-06
32.125257025274216	7.061888632637526e-06
32.22319988205859	6.866350198458913e-06
32.32114273884296	6.676264799531387e-06
32.41908559562733	6.491480365713425e-06
32.5170284524117	6.311849067676759e-06
32.61497130919607	6.137227198641901e-06
32.71291416598044	5.967475059411695e-06
32.810857022764814	5.8024568466111574e-06
32.908799879549186	5.642040544043858e-06
33.00674273633356	5.486097817078131e-06
33.10468559311793	5.334503909978574e-06
33.2026284499023	5.187137546100545e-06
33.30057130668667	5.043880830868128e-06
33.39851416347104	4.904619157457697e-06
33.49645702025541	4.769241115111712e-06
33.594399877039784	4.637638400009456e-06
33.692342733824155	4.509705728623084e-06
33.790285590608526	4.385340753490297e-06
33.888228447392905	4.264443981335635e-06
33.98617130417727	4.146918693475201e-06
34.08411416096165	4.032670868441001e-06
34.18205701774601	3.921609106763249e-06
34.27999987453038	3.8136445578501182e-06
34.377942731314754	3.7086908489067386e-06
34.475885588099125	3.60666401583629e-06
34.573828444883496	3.5074824360681524e-06
34.67177130166787	3.4110667632593446e-06
34.76971415845224	3.317339863816934e-06
34.86765701523661	3.2262267551905387e-06
34.96559987202098	3.137654545885842e-06
35.06354272880535	3.0515523771507664e-06
35.16148558558973	2.967851366288101e-06
35.259428442374094	2.886484551548823e-06
35.35737129915847	2.807386838562252e-06
35.45531415594284	2.7304949482599542e-06
35.553257012727215	2.655747366252212e-06
35.65119986951158	2.5830842936159115e-06
35.74914272629596	2.5124475990550684e-06
35.84708558308032	2.44378077239527e-06
35.9450284398647	2.377028879375177e-06
36.042971296649064	2.3121385176987057e-06
36.14091415343344	2.2490577743128196e-06
36.23885701021781	2.1877361838766015e-06
36.33679986700218	2.128124688388603e-06
36.434742723786556	2.0701755979402354e-06
36.53268558057092	2.0138425525632124e-06
36.6306284373553	1.9590804851414e-06
36.72857129413966	1.9058455853567446e-06
36.82651415092404	1.8540952646406645e-06
36.924457007708405	1.803788122102772e-06
37.02239986449278	1.7548839114099602e-06
37.12034272127715	1.707343508588799e-06
37.218285578061526	1.6611288807263234e-06
37.31622843484589	1.6162030555432974e-06
37.41417129163027	1.5725300918158898e-06
37.51211414841463	1.5300750506226733e-06
37.61005700519901	1.4888039673929614e-06
37.70799986198338	1.4486838247350975e-06
37.80594271876775	1.4096825260220226e-06
37.903885575552124	1.3717688697139357e-06
38.001828432336495	1.3349125243966001e-06
38.099771289120866	1.2990840045160129e-06
38.19771414590523	1.2642546467897705e-06
38.29565700268961	1.2303965872761202e-06
38.39359985947397	1.1974827390825916e-06
38.49154271625835	1.1654867706961905e-06
38.589485573042715	1.1343830849180043e-06
38.687428429827094	1.1041467983851758e-06
38.78537128661146	1.074753721664064e-06
38.883314143395836	1.0461803398983968e-06
38.98125700018021	1.018403793997249e-06
39.07919985696458	9.914018623474598e-07
39.17714271374895	9.651529430361662e-07
39.27508557053333	9.396360365691064e-07
39.37302842731769	9.148307290708106e-07
39.47097128410207	8.907171759532737e-07
39.568914140886434	8.672760860402033e-07
39.66685699767081	8.444887061337243e-07
39.764799854455184	8.223368060117924e-07
39.86274271123955	8.008026638437737e-07
39.960685568023926	7.798690520127811e-07
40.05862842480829	7.595192233334892e-07
40.15657128159267	7.397368976541371e-07
40.25451413837703	7.205062488322578e-07
40.35245699516141	7.018118920736588e-07
40.450399851945775	6.836388716243723e-07
40.548342708730154	6.659726488059583e-07
40.64628556551452	6.4879909038435e-07
40.744228422298896	6.321044572631905e-07
40.84217127908326	6.158753934923536e-07
40.94011413586764	6.000989155830684e-07
41.03805699265201	5.847624021209848e-07
41.13599984943638	5.698535836689507e-07
41.23394270622075	5.553605329512468e-07
41.33188556300512	5.412716553117133e-07
41.429828419789494	5.275756794378926e-07
41.527771276573866	5.142616483438248e-07
41.62571413335824	5.013189106043624e-07
41.72365699014261	4.887371118339666e-07
41.82159984692698	4.765061864029488e-07
41.91954270371134	4.646163493849752e-07
42.01748556049572	4.5305808872895926e-07
42.115428417280086	4.4182215764933446e-07
42.213371274064464	4.3089956722853096e-07
42.311314130848835	4.202815792257444e-07
42.409256987633206	4.0995969908618446e-07
42.50719984441758	3.9992566914544553e-07
42.60514270120195	3.901714620231495e-07
42.70308555798632	3.8068927420107643e-07
42.80102841477069	3.7147151978016815e-07
42.89897127155506	3.625108244117541e-07
42.996914128339434	3.5380001939799645e-07
43.094856985123805	3.4533213595680926e-07
43.192799841908176	3.3710039964680244e-07
43.29074269869255	3.29098224947625e-07
43.38868555547692	3.2131920999145546e-07
43.48662841226129	3.137571314414435e-07
43.58457126904566	3.064059395129221e-07
43.68251412583003	2.9925975313359774e-07
43.7804569826144	2.923128552385841e-07
43.878399839398774	2.8555968819663563e-07
43.976342696183146	2.7899484936402077e-07
44.07428555296752	2.7261308676231443e-07
44.17222840975189	2.6640929487675035e-07
44.27017126653626	2.603785105718007e-07
44.36811412332063	2.545159091205178e-07
44.466056980105	2.4881680034471675e-07
44.56399983688937	2.4327662486286513e-07
44.661942693673744	2.3789095044235975e-07
44.759885550458115	2.3265546845385155e-07
44.85782840724249	2.2756599042415054e-07
44.95577126402686	2.226184446854578e-07
45.053714120811236	2.1780887311797264e-07
45.1516569775956	2.1313342798333068e-07
45.24959983437998	2.0858836884636567e-07
45.34754269116434	2.0417005958275121e-07
45.44548554794872	1.9987496547000086e-07
45.543428404733085	1.9569965035963601e-07
45.641371261517456	1.9164077392829749e-07
45.73931411830183	1.8769508900537487e-07
45.8372569750862	1.8385943897522652e-07
45.93519983187057	1.8013075525189444e-07
46.03314268865494	1.7650605482412848e-07
46.13108554543932	1.729824378689686e-07
46.22902840222368	1.695570854318715e-07
46.32697125900806	1.6622725717146838e-07
46.424914115792426	1.629902891672887e-07
46.522856972576804	1.5984359178853218e-07
46.62079982936117	1.567846476223867e-07
46.718742686145546	1.5381100946003623e-07
46.81668554292991	1.5092029833884687e-07
46.91462839971429	1.481102016392106e-07
47.01257125649865	1.4537847123433784e-07
47.11051411328303	1.4272292169179926e-07
47.208456970067395	1.4014142852511787e-07
47.306399826851774	1.3763192649414896e-07
47.404342683636145	1.3519240795283668e-07
47.50228554042051	1.328209212431177e-07
47.60022839720489	1.3051556913352736e-07
47.69817125398925	1.282745073014084e-07
47.79611411077363	1.2609594285740618e-07
47.894056967557994	1.2397813291113654e-07
47.99199982434237	1.2191938317689177e-07
48.089942681126736	1.1991804661812768e-07
48.187885537911114	1.1797252212975937e-07
48.28582839469548	1.1608125325742502e-07
48.38377125147986	1.1424272695214807e-07
48.48171410826422	1.1245547235991443e-07
48.5796569650486	1.1071805964498871e-07
48.67759982183297	1.0902909884597862e-07
48.77554267861734	1.0738723876394931e-07
48.87348553540171	1.0579116588129617e-07
48.971428392186084	1.0423960331104131e-07
49.069371248970455	1.0273130977521877e-07
49.167314105754826	1.0126507861184181e-07
49.2652569625392	9.983973680959574e-08
49.36319981932357	9.845414406941437e-08
49.46114267610794	9.710719189215114e-08
49.559085532892304	9.579780269180863e-08
49.65702838967668	9.452492893349465e-08
49.75497124646105	9.328755229530555e-08
49.852914103245425	9.208468285368269e-08
49.950856960029796	9.09153582914718e-08
50.04879981681417	8.977864312804895e-08
50.14674267359854	8.867362797090084e-08
50.24468553038291	8.759942878807583e-08
50.34262838716728	8.655518620102275e-08
50.44057124395165	8.554006479698e-08
50.53851410073602	8.455325246067602e-08
50.636456957520394	8.359395972469062e-08
50.734399814304766	8.266141913774493e-08
50.83234267108914	8.175488465079611e-08
50.93028552787351	8.087363102017573e-08
51.02822838465788	8.001695322736074e-08
51.12617124144225	7.918416591498472e-08
51.22411409822662	7.837460283855835e-08
51.32205695501099	7.758761633338735e-08
51.419999811795364	7.682257679645823e-08
51.517942668579735	7.607887218275129e-08
51.61588552536411	7.53559075156365e-08
51.71382838214848	7.465310441084519e-08
51.81177123893285	7.39699006137305e-08
51.90971409571722	7.330574954946263e-08
52.00765695250159	7.266011988580494e-08
52.10559980928596	7.203249510796851e-08
52.203542666070334	7.142237310547357e-08
52.301485522854705	7.082926577036711e-08
52.399428379639076	7.025269860676797e-08
52.497371236423454	6.969221035128986e-08
52.59531409320782	6.914735260400733e-08
52.6932569499922	6.861768946968257e-08
52.79119980677656	6.81027972090568e-08
52.88914266356094	6.760226389991932e-08
52.9870855203453	6.711568910746155e-08
53.085028377129674	6.66426835640259e-08
53.182971233914046	6.618286885758478e-08
53.28091409069842	6.573587712905482e-08
53.37885694748279	6.530135077803021e-08
53.47679980426716	6.487894217665291e-08
53.57474266105153	6.44683133914714e-08
53.6726855178359	6.406913591318768e-08
53.77062837462028	6.368109039378029e-08
53.868571231404644	6.330386639098004e-08
53.96651408818902	6.293716211998777e-08
54.06445694497339	6.258068421198974e-08
54.162399801757765	6.223414747952787e-08
54.26034265854213	6.189727468821294e-08
54.35828551532651	6.156979633510616e-08
54.45622837211087	6.125145043295588e-08
54.55417122889525	6.094198230065283e-08
54.652114085679614	6.064114435956449e-08
54.75005694246399	6.034869593535136e-08
54.847999799248356	6.006440306545187e-08
54.945942656032734	5.978803831196784e-08
55.043885512817106	5.951938057962062e-08
55.14182836960147	5.925821493892606e-08
55.23977122638585	5.9004332454263125e-08
55.33771408317021	5.875753001663038e-08
55.43565693995459	5.851761018130087e-08
55.533599796738955	5.828438100971529e-08
55.63154265352333	5.805765591603909e-08
55.7294855103077	5.783725351784304e-08
55.827428367092075	5.762299749093595e-08
55.92537122387644	5.741471642840696e-08
56.02331408066082	5.721224370341336e-08
56.12125693744519	5.701541733595786e-08
56.21919979422956	5.682407986324406e-08
56.31714265101393	5.66380782136961e-08
56.4150855077983	5.6457263584494247e-08
56.513028364582674	5.628149132257858e-08
56.610971221367045	5.6110620808910274e-08
56.708914078151416	5.5944515345957045e-08
56.80685693493579	5.57830420483453e-08
56.90479979172016	5.5626071736478165e-08
57.00274264850452	5.547347883332009e-08
57.1006855052889	5.532514126384615e-08
57.198628362073265	5.5180940357389925e-08
57.29657121885764	5.5040760752684785e-08
57.394514075642014	5.490449030559333e-08
57.492456932426386	5.477201999946795e-08
57.59039978921076	5.464324385777876e-08
57.68834264599513	5.451805885947769e-08
57.7862855027795	5.439636485644829e-08
57.88422835956387	5.427806449350993e-08
57.98217121634824	5.416306313045021e-08
58.08011407313261	5.4051268766324873e-08
58.178056929916984	5.39425919659198e-08
58.275999786701355	5.3836945788069085e-08
58.37394264348573	5.373424571619268e-08
58.4718855002701	5.363440959069485e-08
58.56982835705447	5.3537357543218656e-08
58.66777121383885	5.344301193266561e-08
58.76571407062321	5.335129728321958e-08
58.86365692740758	5.326214022385847e-08
58.961599784191954	5.317546942970749e-08
59.059542640976325	5.309121556496634e-08
59.157485497760696	5.300931122745309e-08
59.25542835454507	5.292969089466462e-08
59.35337121132944	5.2852290871286355e-08
59.45131406811381	5.277704923837634e-08
59.54925692489818	5.2703905803735554e-08
59.64719978168255	5.263280205377078e-08
59.74514263846692	5.2563681106706446e-08
59.84308549525129	5.249648766703533e-08
59.94102835203567	5.243116798130396e-08
60.03897120882004	5.236766979510825e-08
60.13691406560441	5.23059423113137e-08
60.234856922388786	5.224593614938062e-08
60.33279977917316	5.218760330587091e-08
60.43074263595752	5.2130897116012e-08
60.52868549274189	5.207577221644711e-08
60.62662834952627	5.2022184508865704e-08
60.724571206310635	5.197009112473415e-08
60.82251406309501	5.1919450391030974e-08
60.92045691987938	5.1870221796900477e-08
61.018399776663756	5.1822365961196186e-08
61.11634263344812	5.177584460106708e-08
61.21428549023249	5.1730620501237444e-08
61.31222834701687	5.168665748427213e-08
61.41017120380124	5.164392038169333e-08
61.508114060585605	5.1602375005714393e-08
61.606056917369976	5.156198812195427e-08
61.703999774154354	5.152272742296042e-08
61.801942630938726	5.1484561502152666e-08
61.89988548772309	5.144745982881942e-08
61.99782834450746	5.1411392723707043e-08
62.09577120129184	5.1376331335216815e-08
62.19371405807621	5.134224761634801e-08
62.291656914860575	5.1309114302286904e-08
62.389599771644946	5.127690488854578e-08
62.487542628429324	5.1245593609786e-08
62.585485485213695	5.12151554192343e-08
62.68342834199806	5.118556596856784e-08
62.78137119878244	5.11568015885024e-08
62.87931405556681	5.1128839269835096e-08
62.97725691235117	5.110165664497496e-08
63.075199769135544	5.107523197016239e-08
63.17314262591992	5.1049544107999504e-08
63.271085482704294	5.1024572510568886e-08
63.36902833948866	5.100029720301159e-08
63.46697119627303	5.0976698767459036e-08
63.56491405305741	5.095375832758213e-08
63.66285690984178	5.093145753350377e-08
63.76079976662614	5.09097785470368e-08
63.85874262341053	5.088870402746238e-08
63.95668548019489	5.086821711763368e-08
64.05462833697926	5.0848301430562775e-08
64.15257119376363	5.082894103620833e-08
64.250514050548	5.081012044879918e-08
64.34845690733238	5.079182461441611e-08
64.44639976411675	5.077403889896598e-08
64.54434262090112	5.075674907646192e-08
64.64228547768549	5.073994131766713e-08
64.74022833446986	5.072360217893954e-08
64.83817119125423	5.0707718591612335e-08
64.93611404803859	5.06922778514461e-08
65.03405690482298	5.06772676084733e-08
65.13199976160735	5.0662675857187166e-08
65.22994261839172	5.064849092686929e-08
65.32788547517609	5.063470147226642e-08
65.42582833196046	5.062129646450169e-08
65.52377118874483	5.060826518227279e-08
65.6217140455292	5.059559720327984e-08
65.71965690231357	5.058328239587324e-08
65.81759975909794	5.057131091092156e-08
65.91554261588232	5.055967317397606e-08
66.01348547266669	5.054835987764091e-08
66.11142832945106	5.05373619740055e-08
66.20937118623543	5.052667066754088e-08
66.3073140430198	5.051627740795787e-08
66.40525689980417	5.050617388344306e-08
66.50319975658854	5.049635201399527e-08
66.60114261337291	5.048680394493429e-08
66.69908547015729	5.047752204062955e-08
66.79702832694166	5.0468498878367593e-08
66.89497118372603	5.045972724243959e-08
66.9929140405104	5.0451200118396224e-08
67.09085689729477	5.0442910687393516e-08
67.18879975407914	5.043485232072523e-08
67.28674261086351	5.0427018574536934e-08
67.38468546764788	5.041940318471244e-08
67.48262832443227	5.041200006181752e-08
67.58057118121663	5.040480328623977e-08
67.678514038001	5.0397807103443356e-08
67.77645689478537	5.039100591936716e-08
67.87439975156975	5.038439429598565e-08
67.97234260835411	5.037796694684575e-08
68.07028546513848	5.0371718733010446e-08
68.16822832192285	5.036564465880134e-08
68.26617117870722	5.035973986785698e-08
68.3641140354916	5.035399963932519e-08
68.46205689227597	5.03484193839213e-08
68.55999974906034	5.034299464038841e-08
68.65794260584471	5.033772107185222e-08
68.75588546262908	5.033259446241515e-08
68.85382831941345	5.032761071372174e-08
68.95177117619784	5.032276584172015e-08
69.0497140329822	5.0318055973495445e-08
69.14765688976657	5.03134773440885e-08
69.24559974655094	5.03090262935541e-08
69.34354260333532	5.0304699264023855e-08
69.44148546011968	5.030049279685991e-08
69.53942831690405	5.029640352984703e-08
69.63737117368842	5.029242819456163e-08
69.73531403047281	5.0288563613745566e-08
69.83325688725716	5.0284806698699096e-08
69.93119974404154	5.028115444688432e-08
70.02914260082592	5.027760393945684e-08
70.12708545761028	5.027415233902224e-08
70.22502831439465	5.027079688731132e-08
70.32297117117902	5.0267534902950894e-08
70.4209140279634	5.026436377936862e-08
70.51885688474776	5.026128098268342e-08
70.61679974153213	5.025828404967724e-08
70.7147425983165	5.0255370585790756e-08
70.81268545510089	5.025253826326253e-08
70.91062831188525	5.0249784819258665e-08
71.00857116866962	5.024710805406935e-08
71.10651402545399	5.024450582930551e-08
71.20445688223838	5.024197606619101e-08
71.30239973902273	5.0239516743941034e-08
71.4003425958071	5.0237125898140505e-08
71.49828545259149	5.0234801619117596e-08
71.59622830937586	5.023254205048e-08
71.69417116616022	5.02303453876607e-08
71.79211402294459	5.022820987632982e-08
71.89005687972897	5.022613381114614e-08
71.98799973651334	5.0224115534278956e-08
72.0859425932977	5.022215343412126e-08
72.18388545008207	5.022024594408432e-08
72.28182830686646	5.0218391541186525e-08
72.37977116365082	5.021658874497227e-08
72.47771402043519	5.021483611625389e-08
72.57565687721957	5.021313225599232e-08
72.67359973400394	5.021147580414899e-08
72.7715425907883	5.020986543863825e-08
72.86948544757267	5.0208299874179335e-08
72.96742830435706	5.0206777861377866e-08
73.06537116114143	5.0205298185740456e-08
73.16331401792579	5.0203859666550603e-08
73.26125687471016	5.0202461156064987e-08
73.35919973149454	5.020110153854244e-08
73.45714258827891	5.019977972936855e-08
73.55508544506327	5.019849467413721e-08
73.65302830184764	5.019724534789002e-08
73.75097115863203	5.019603075420742e-08
73.8489140154164	5.019484992450549e-08
73.94685687220075	5.0193701917184474e-08
74.04479972898514	5.019258581690172e-08
74.14274258576951	5.019150073385406e-08
74.24068544255387	5.019044580306512e-08
74.33862829933824	5.018942018365821e-08
74.43657115612262	5.018842305820095e-08
74.534514012907	5.018745363206906e-08
74.63245686969135	5.018651113282931e-08
74.73039972647572	5.018559480953149e-08
74.82834258326011	5.018470393222054e-08
74.92628544004448	5.0183837791305093e-08
75.02422829682884	5.018299569687822e-08
75.12217115361322	5.018217697840647e-08
75.2201140103976	5.01813809840028e-08
75.31805686718197	5.0180607079929055e-08
75.41599972396632	5.0179854650155905e-08
75.51394258075071	5.0179123095812686e-08
75.61188543753508	5.017841183475696e-08
75.70982829431945	5.017772030104345e-08
75.80777115110381	5.017704794455098e-08
75.9057140078882	5.017639423047059e-08
76.00365686467256	5.0175758638942027e-08
76.10159972145692	5.0175140664556225e-08
76.19954257824129	5.017453981604437e-08
76.29748543502568	5.017395561579478e-08
76.39542829181005	5.01733875995515e-08
76.4933711485944	5.017283531602212e-08
76.59131400537879	5.01722983264376e-08
76.68925686216316	5.017177620433228e-08
76.78719971894753	5.017126853510378e-08
76.88514257573189	5.017077491566858e-08
76.98308543251628	5.0170294954251516e-08
77.08102828930065	5.0169828269955326e-08
77.17897114608502	5.016937449255489e-08
77.27691400286938	5.0168933262104994e-08
77.37485685965376	5.0168504228749e-08
77.47279971643813	5.016808705236486e-08
77.5707425732225	5.016768140229243e-08
77.66868543000687	5.016728695709434e-08
77.76662828679125	5.016690340434544e-08
77.86457114357562	5.01665304403028e-08
77.96251400035999	5.016616776964737e-08
78.06045685714436	5.0165815105354836e-08
78.15839971392873	5.016547216842292e-08
78.2563425707131	5.016513868758442e-08
78.35428542749746	5.0164814399158876e-08
78.45222828428184	5.01644990468134e-08
78.55017114106622	5.016419238137136e-08
78.64811399785059	5.0163894160620996e-08
78.74605685463494	5.016360414907149e-08
78.84399971141933	5.016332211781422e-08
78.9419425682037	5.016304784434577e-08
79.03988542498807	5.016278111230965e-08
79.13782828177244	5.0162521711462757e-08
79.23577113855681	5.0162269437364475e-08
79.33371399534118	5.0162024091328856e-08
79.43165685212556	5.016178548014234e-08
79.52959970890993	5.016155341605421e-08
79.6275425656943	5.016132771651353e-08
79.72548542247867	5.016110820404472e-08
79.82342827926304	5.016089470617105e-08
79.92137113604741	5.016068705518501e-08
80.01931399283178	5.016048508808613e-08
80.11725684961615	5.016028864638488e-08
80.21519970640053	5.016009757603085e-08
80.3131425631849	5.0159911727278895e-08
80.41108541996927	5.0159730954569465e-08
80.50902827675364	5.015955511636602e-08
80.60697113353801	5.015938407509761e-08
80.70491399032238	5.0159217697082326e-08
80.80285684710675	5.0159055852302485e-08
80.90079970389112	5.01588984144094e-08
80.9987425606755	5.01587452605464e-08
81.09668541745987	5.015859627131059e-08
81.19462827424424	5.015845133060926e-08
81.29257113102861	5.015831032560735e-08
81.39051398781298	5.015817314657911e-08
81.48845684459735	5.0158039686889e-08
81.58639970138172	5.015790984289599e-08
81.6843425581661	5.015778351381006e-08
81.78228541495046	5.015766060171135e-08
81.88022827173484	5.015754101134923e-08
81.97817112851921	5.015742465013273e-08
82.07611398530358	5.0157311428120985e-08
82.17405684208795	5.0157201257870186e-08
82.27199969887232	5.015709405429958e-08
82.36994255565669	5.015698973476805e-08
82.46788541244106	5.0156888218968884e-08
82.56582826922543	5.0156789428757516e-08
82.6637711260098	5.015669328820898e-08
82.76171398279419	5.0156599723550914e-08
82.85965683957855	5.015650866304876e-08
82.95759969636292	5.015642003691967e-08
83.05554255314729	5.015633377739946e-08
83.15348540993168	5.015624981860867e-08
83.25142826671603	5.0156168096476043e-08
83.3493711235004	5.015608854872416e-08
83.44731398028478	5.015601111482162e-08
83.54525683706915	5.015593573593516e-08
83.64319969385352	5.015586235490102e-08
83.74114255063789	5.0155790916086165e-08
83.83908540742227	5.0155721365484e-08
83.93702826420663	5.015565365056125e-08
84.034971120991	5.0155587720277114e-08
84.13291397777537	5.0155523524949343e-08
84.23085683455976	5.015546101633556e-08
84.32879969134412	5.01554001475471e-08
84.42674254812849	5.015534087297254e-08
84.52468540491286	5.0155283148335066e-08
84.62262826169724	5.0155226930544196e-08
84.7205711184816	5.0155172177801014e-08
84.81851397526597	5.015511884936856e-08
84.91645683205034	5.0155066905705784e-08
85.01439968883473	5.015501630833355e-08
85.11234254561909	5.015496701993038e-08
85.21028540240346	5.015491900416978e-08
85.30822825918784	5.015487222573937e-08
85.4061711159722	5.015482665029782e-08
85.50411397275657	5.0154782244551427e-08
85.60205682954094	5.015473897606274e-08
85.69999968632533	5.015469681333667e-08
85.79794254310968	5.015465572574875e-08
85.89588539989406	5.015461568355467e-08
85.99382825667843	5.015457665779943e-08
86.09177111346281	5.0154538620384294e-08
86.18971397024717	5.0154501544014154e-08
86.28765682703154	5.0154465402135357e-08
86.38559968381593	5.015443016892615e-08
86.4835425406003	5.015439581934448e-08
86.58148539738465	5.0154362328989334e-08
86.67942825416903	5.0154329674205896e-08
86.77737111095341	5.015429783198037e-08
86.87531396773778	5.015426677993516e-08
86.97325682452214	5.015423649634805e-08
87.07119968130651	5.015420696010909e-08
87.1691425380909	5.0154178150706316e-08
87.26708539487525	5.015415004818261e-08
87.36502825165962	5.015412263316927e-08
87.462971108444	5.0154095886857254e-08
87.56091396522838	5.0154069790968524e-08
87.65885682201274	5.015404432772728e-08
87.75679967879711	5.01540194798648e-08
87.8547425355815	5.0153995230619446e-08
87.95268539236586	5.015397156374616e-08
88.05062824915022	5.015394846339217e-08
88.1485711059346	5.015392591417348e-08
88.24651396271898	5.015390390118925e-08
88.34445681950335	5.015388240991652e-08
88.4423996762877	5.01538614262868e-08
88.54034253307208	5.015384093660947e-08
88.63828538985646	5.0153820927653155e-08
88.73622824664083	5.0153801386492624e-08
88.83417110342519	5.0153782300604466e-08
88.93211396020958	5.015376365786709e-08
89.03005681699395	5.0153745446436366e-08
89.12799967377832	5.015372765486996e-08
89.22594253056268	5.0153710272079536e-08
89.32388538734706	5.015369328722551e-08
89.42182824413143	5.0153676689879665e-08
89.51977110091579	5.015366046982429e-08
89.61771395770016	5.015364461721956e-08
89.71565681448455	5.015362912250787e-08
89.81359967126892	5.0153613976385174e-08
89.91154252805327	5.015359916984399e-08
90.00948538483765	5.0153584694178196e-08
90.10742824162203	5.0153570540892154e-08
90.2053710984064	5.015355670178682e-08
90.30331395519076	5.0153543168916664e-08
90.40125681197514	5.015352993455143e-08
90.49919966875952	5.0153516991228724e-08
90.59714252554389	5.015350433169186e-08
90.69508538232824	5.0153491948947244e-08
90.79302823911263	5.015347983619741e-08
90.890971095897	5.015346798686972e-08
90.98891395268137	5.015345639461158e-08
91.08685680946573	5.015344505322826e-08
91.18479966625011	5.015343395676897e-08
91.28274252303449	5.0153423099464735e-08
91.38068537981884	5.015341247573789e-08
91.47862823660323	5.0153402080254745e-08
91.5765710933876	5.015339190776293e-08
91.67451395017197	5.015338195324925e-08
91.77245680695633	5.01533722118536e-08
91.87039966374071	5.0153362678907206e-08
91.96834252052508	5.0153353349880004e-08
92.06628537730946	5.0153344220428515e-08
92.16422823409381	5.015333528635275e-08
92.2621710908782	5.015332654364887e-08
92.36011394766257	5.015331798843737e-08
92.45805680444694	5.015330961696794e-08
92.5559996612313	5.01533014256481e-08
92.65394251801568	5.015329341104803e-08
92.75188537480005	5.0153285569857496e-08
92.84982823158442	5.0153277898933685e-08
92.9477710883688	5.0153270395258163e-08
93.04571394515317	5.015326305595599e-08
93.14365680193754	5.015325587825269e-08
93.2415996587219	5.015324885951251e-08
93.33954251550628	5.0153241997257556e-08
93.43748537229065	5.015323528909604e-08
93.53542822907502	5.015322873275577e-08
93.63337108585938	5.015322232612718e-08
93.73131394264377	5.015321606717725e-08
93.82925679942814	5.0153209954030814e-08
93.92719965621251	5.015320398488925e-08
94.02514251299688	5.0153198158092654e-08
94.12308536978125	5.015319247209593e-08
94.22102822656562	5.015318692547357e-08
94.31897108335	5.015318151689096e-08
94.41691394013436	5.0153176245156986e-08
94.51485679691874	5.015317110914272e-08
94.6127996537031	5.015316610785797e-08
94.71074251048748	5.015316124045125e-08
94.80868536727185	5.015315650611414e-08
94.90662822405622	5.015315190416259e-08
95.00457108084059	5.015314743402735e-08
95.10251393762496	5.0153143095263534e-08
95.20045679440933	5.015313888750282e-08
95.2983996511937	5.0153134810491683e-08
95.39634250797808	5.015313086408661e-08
95.49428536476245	5.015312704825412e-08
95.59222822154682	5.015312336307075e-08
95.69017107833119	5.015311980867044e-08
95.78811393511556	5.015311638532107e-08
95.88605679189993	5.0153113093395744e-08
95.9839996486843	5.015310993341111e-08
96.08194250546867	5.015310690592205e-08
96.17988536225305	5.0153104011636544e-08
96.27782821903742	5.0153101251339095e-08
96.37577107582179	5.0153098625938585e-08
96.47371393260616	5.015309613645869e-08
96.57165678939053	5.015309378399007e-08
96.6695996461749	5.015309156978603e-08
96.76754250295927	5.015308949519075e-08
96.86548535974364	5.015308756168714e-08
96.96342821652802	5.015308577081073e-08
97.06137107331239	5.0153084124221424e-08
97.15931393009676	5.015308262372741e-08
97.25725678688113	5.0153081271256467e-08
97.3551996436655	5.015308006884163e-08
97.45314250044987	5.0153079018645076e-08
97.55108535723424	5.015307812291029e-08
97.64902821401861	5.015307738406255e-08
97.74697107080299	5.015307680461325e-08
97.84491392758736	5.015307638721726e-08
97.94285678437173	5.0153076134620346e-08
97.94285678437338	5.0153076049745296e-08
