0.0	4.279034486048862
0.09796034216346627	0.9925710598561418
0.19592068432693255	0.5612541309661987
0.2938810264903988	0.3911252137934112
0.3918413686538651	0.30004796876942613
0.4898017108173314	0.24329372785212022
0.5877620529807976	0.20452365251992405
0.685722395144264	0.1763491642947821
0.7836827373077302	0.15494156779417098
0.8816430794711965	0.13811856144718698
0.9796034216346629	0.1245451778990154
1.077563763798129	0.11335892603029807
1.1755241059615953	0.10397775971159678
1.2734844481250616	0.09599466368871686
1.371444790288528	0.08911646274948395
1.4694051324519941	0.08312662403879764
1.5673654746154604	0.07786175002616727
1.6653258167789269	0.0731962232191497
1.763286158942393	0.0690318848218329
1.8612465011058592	0.06529092175143546
1.9592068432693257	0.061910855795775856
2.0571671854327915	0.058840944134603855
2.155127527596258	0.0560395482371414
2.2530878697597245	0.05347218023342133
2.3510482119231906	0.051110031619190144
2.4490085540866566	0.04892885085351215
2.546968896250123	0.046908076995392414
2.6449292384135896	0.045030163733543294
2.742889580577056	0.04328004671920035
2.840849922740522	0.04164471996834741
2.9388102649039882	0.040112896137679356
3.0367706070674547	0.03867473191799195
3.1347309492309208	0.03732160443391639
3.2326912913943873	0.036045927928753795
3.3306516335578538	0.034841002513595086
3.4286119757213203	0.033700888622874785
3.526572317884786	0.03262030221960523
3.6245326600482524	0.031594526856587306
3.7224930022117184	0.03061933951315394
3.8204533443751854	0.029690947754029643
3.9184136865386514	0.028805936243892254
4.016374028702118	0.0279612210321048
4.114334370865583	0.027154010321932074
4.21229471302905	0.026381770676082224
4.310255055192516	0.02564219779968563
4.408215397355982	0.024933191193493246
4.506175739519449	0.024252832092265694
4.604136081682916	0.023599364202264005
4.702096423846381	0.022971176832258574
4.800056766009847	0.02236679007828111
4.898017108173313	0.021784841776378853
4.99597745033678	0.021224075982185408
5.093937792500246	0.020683332773010155
5.191898134663713	0.020161539198808035
5.289858476827179	0.01965770123396936
5.387818818990646	0.019170896603284443
5.485779161154112	0.018700268373430237
5.583739503317578	0.018245019216492186
5.681699845481044	0.017804406264859476
5.77966018764451	0.017377736487710817
5.8776205298079764	0.01696436252856264
5.9755808719714425	0.016563678951248273
6.073541214134909	0.01617511884845217
6.1715015562983755	0.015798150772718653
6.2694618984618415	0.015432275954838814
6.367422240625308	0.015077025778816535
6.4653825827887745	0.01473195948632879
6.563342924952241	0.01439666208681269
6.6613032671157075	0.014070742452105484
6.759263609279174	0.013753831576994571
6.8572239514426405	0.013445580989154233
6.955184293606105	0.013145661293798289
7.053144635769572	0.012853760839999305
7.151104977933039	0.012569584497048182
7.249065320096505	0.012292852530477917
7.347025662259971	0.012023299568476874
7.444986004423437	0.011760673650387877
7.542946346586905	0.011504735349847943
7.640906688750371	0.011255256965883042
7.738867030913837	0.011012021775945815
7.836827373077303	0.010774823345482505
7.93478771524077	0.010543464889147114
8.032748057404236	0.010317758679254793
8.130708399567702	0.010097525497489239
8.228668741731166	0.009882594126256495
8.326629083894632	0.009672800876415418
8.4245894260581	0.00946798914841794
8.522549768221566	0.009268009024163484
8.620510110385032	0.009072716887116224
8.718470452548498	0.008881975068452893
8.816430794711964	0.008695651517206738
8.91439113687543	0.008513619492551087
9.012351479038898	0.008335757276527014
9.110311821202364	0.008161947905664805
9.208272163365832	0.007992078920080501
9.306232505529298	0.007826042128747882
9.404192847692762	0.007663733389754263
9.502153189856228	0.007505052404446599
9.600113532019694	0.007349902524463429
9.69807387418316	0.007198190570729301
9.796034216346627	0.0070498266635620884
9.893994558510094	0.0069047240631109645
9.99195490067356	0.006762799019404051
10.089915242837026	0.0066239706313408996
10.187875585000493	0.006488160714016216
10.285835927163959	0.00635529367380795
10.383796269327426	0.006225296390705997
10.481756611490892	0.0060980981073968914
10.579716953654358	0.005973630324656049
10.677677295817826	0.005851826702632169
10.775637637981292	0.005732622967638856
10.873597980144758	0.005615956824096454
10.971558322308224	0.005501767871292792
11.06951866447169	0.005389997524655285
11.167479006635157	0.005280588941248592
11.265439348798623	0.005173486949232203
11.363399690962089	0.005068637981030858
11.461360033125555	0.004965990009987887
11.55932037528902	0.00486549249028736
11.657280717452487	0.004767096299945576
11.755241059615953	0.004670753686686042
11.853201401779419	0.004576418216524493
11.951161743942885	0.004484044724902305
12.049122086106353	0.004393589270217245
12.147082428269819	0.004305009089610551
12.245042770433285	0.00421826255687869
12.343003112596751	0.004133309142386546
12.440963454760217	0.004050109374866955
12.538923796923683	0.003968624804998824
12.63688413908715	0.0038888179706630353
12.734844481250615	0.0038106523637816605
12.832804823414083	0.0037340923986521296
12.930765165577549	0.0036591033816934116
13.028725507741015	0.0035856514825265457
13.126685849904481	0.003513703706316667
13.224646192067947	0.003443227867308136
13.322606534231415	0.0033741925634886514
13.420566876394881	0.003306567152322061
13.518527218558347	0.003240321727493346
13.616487560721815	0.003175427096612551
13.714447902885281	0.0031118547598277565
13.812408245048744	0.0030495768893000386
13.91036858721221	0.0029885663094962787
14.008328929375677	0.002928796478258209
14.106289271539143	0.002870241468608543
14.20424961370261	0.0028128759512573457
14.302209955866077	0.002756675177773926
14.400170298029543	0.0027016149643915213
14.49813064019301	0.002647671676413954
14.596090982356476	0.002594822213195173
14.694051324519942	0.0025430439936642555
14.792011666683408	0.002492314942369995
14.889972008846874	0.0024426134760206497
14.987932351010341	0.0023939184904957665
15.08589269317381	0.002346209348308334
15.183853035337274	0.0022994658664966397
15.281813377500741	0.0022536683049263944
15.379773719664206	0.0022087973549847345
15.477734061827674	0.0021648341286486746
15.575694403991138	0.0021217601479115783
15.673654746154606	0.002079557334552027
15.771615088318072	0.0020382080002303627
15.86957543048154	0.001997694836898899
15.967535772645004	0.001958000907512574
16.06549611480847	0.0019191096370274803
16.163456456971936	0.0018810048036753699
16.261416799135404	0.001843670530502837
16.359377141298868	0.0018070912771644674
16.457337483462332	0.0017712518319597656
16.5552978256258	0.0017361373041042297
16.653258167789264	0.0017017331162253414
16.751218509952732	0.0016680249970748122
16.8491788521162	0.001634998974448728
16.947139194279668	0.0016026413683077538
17.045099536443132	0.0015709387840898504
17.1430598786066	0.001539878106208395
17.241020220770064	0.001509446491728862
17.338980562933532	0.001479631364217618
17.436940905096996	0.0014504204077566212
17.534901247260464	0.0014218015611181566
17.63286158942393	0.0013937630120939796
17.730821931587396	0.0013662931919734978
17.82878227375086	0.0013393807701658949
17.92674261591433	0.0013130146489612772
18.024702958077796	0.001287183958426208
18.12266330024126	0.0012618780514291345
18.22062364240473	0.0012370864987914544
18.318583984568196	0.00121279908456014
18.416544326731664	0.0011890058013980006
18.51450466889513	0.001165696846087855
18.612465011058596	0.0011428626151470153
18.71042535322206	0.0011204937005486596
18.808385695385525	0.0010985808855467944
18.906346037548992	0.001077115140601646
19.004306379712457	0.0010560876194024634
19.102266721875925	0.0010354896549848024
19.20022706403939	0.0010153127559395193
19.298187406202857	0.0009955486027107751
19.39614774836632	0.0009761890439804822
19.49410809052979	0.0009572260931366979
19.592068432693253	0.0009386519248235989
19.69002877485672	0.000920458871570718
19.78798911702019	0.0009026394204992582
19.885949459183657	0.0008851862101033242
19.98390980134712	0.0008680920271040532
20.081870143510585	0.0008513498033746346
20.179830485674053	0.000834952612934338
20.277790827837517	0.0008188936690096973
20.375751170000985	0.0008031663211610695
20.47371151216445	0.0007877640524728731
20.571671854327917	0.0007726804768058252
20.66963219649138	0.0007579093361096046
20.767592538654853	0.0007434444977943662
20.865552880818313	0.000729279952159641
20.963513222981785	0.0007154098098791464
21.061473565145246	0.0007018282995401325
21.159433907308717	0.0006885297652358902
21.25739424947218	0.0006755086642101241
21.355354591635653	0.0006627595645519071
21.453314933799117	0.0006502771429399979
21.551275275962585	0.0006380561824353145
21.64923561812605	0.0006260915703204209
21.747195960289517	0.0006143782959848901
21.84515630245298	0.0006029114488554686
21.94311664461645	0.0005916862163699713
22.041076986779913	0.0005806978819938965
22.13903732894338	0.0005699418232787486
22.236997671106845	0.0005594135099611138
22.334958013270313	0.000549108502101539
22.432918355433777	0.0005390224482623095
22.530878697597245	0.0005291510837232239
22.62883903976071	0.0005194902287345173
22.726799381924177	0.0005100357868060796
22.824759724087645	0.000500783743032159
22.92272006625111	0.0004917301624507523
23.020680408414577	0.00048287118843690644
23.11864075057804	0.000474203041129181
23.21660109274151	0.0004657220158885305
23.314561434904974	0.00045742448178890175
23.41252177706844	0.00044930688013883585
23.510482119231906	0.00044136572303341215
23.608442461395374	0.0004335975919358526
23.706402803558838	0.00042599913628816374
23.804363145722306	0.0004185670721501658
23.90232348788577	0.0004112981808663135
24.000283830049238	0.00040418930775969555
24.098244172212706	0.00039723736085264257
24.196204514376173	0.00039043930961336134
24.294164856539638	0.00038379218372805104
24.392125198703106	0.0003772930718979494
24.49008554086657	0.00037093912066078863
24.588045883030038	0.00036472753323613403
24.686006225193502	0.0003586555683941122
24.78396656735697	0.00035272053934702456
24.881926909520434	0.000346919812663374
24.979887251683902	0.00034125080720382865
25.077847593847366	0.0003357109930786679
25.17580793601083	0.00033029789062625527
25.2737682781743	0.0003250090694121089
25.371728620337763	0.0003198421472481328
25.46968896250123	0.0003147947892315939
25.567649304664698	0.0003098647068034353
25.665609646828166	0.00030504965682552447
25.76356998899163	0.000300347440676445
25.861530331155098	0.00029575590336545116
25.959490673318562	0.00029127293266420826
26.05745101548203	0.0002868964582559543
26.155411357645495	0.00028262445090172707
26.253371699808962	0.00027845492162330147
26.351332041972427	0.0002743859209025007
26.449292384135894	0.00027041553789654076
26.54725272629936	0.00026654189966908594
26.64521306846283	0.0002627631704366895
26.74317341062629	0.00025907755083030994
26.841133752789762	0.00025548327717159273
26.939094094953223	0.00025197862076361974
27.037054437116694	0.0002485618871958305
27.13501477928016	0.00024523141566282767
27.23297512144363	0.00024198557829678628
27.330935463607094	0.00023882277951318994
27.428895805770562	0.00023574145536962412
27.526856147934026	0.0002327400729373634
27.624816490097487	0.00022981712968549251
27.72277683226096	0.0002269711528773092
27.82073717442442	0.00022420069897876116
27.91869751658789	0.0002215043530786718
28.016657858751355	0.00021888072832052175
28.114618200914823	0.00021632846534554861
28.212578543078287	0.00021384623174694015
28.310538885241755	0.0002114327215348966
28.40849922740522	0.00020908665461234408
28.506459569568687	0.00020680677626108376
28.604419911732155	0.00020459185663816972
28.702380253895623	0.00020244069028230722
28.800340596059087	0.0002003520956300728
28.898300938222555	0.00019832491454175693
28.99626128038602	0.00019635801183663944
29.094221622549487	0.00019445027483750506
29.19218196471295	0.00019260061292421742
29.29014230687642	0.00019080795709616716
29.388102649039883	0.00018907125954341952
29.48606299120335	0.00018738949322638477
29.584023333366815	0.0001857616514638429
29.681983675530283	0.00018418674752915465
29.779944017693747	0.00018266381425449557
29.877904359857215	0.00018119190364295287
29.975864702020683	0.00017977008648832819
30.07382504418415	0.0001783974520024921
30.17178538634762	0.00017707310745014
30.269745728511076	0.00017579617779080127
30.367706070674547	0.0001745658053279578
30.46566641283801	0.00017338114936512946
30.563626755001483	0.00017224138586878742
30.66158709716494	0.00017114570713796053
30.75954743932841	0.00017009332148039923
30.857507781491876	0.00016908345289516928
30.955468123655347	0.00016811534076154367
31.05342846581881	0.00016718823953407102
31.151388807982276	0.00016630141844369426
31.24934915014574	0.00016545416120480172
31.34730949230921	0.00016464576572809038
31.445269834472676	0.00016387554383912763
31.543230176636143	0.0001631428210024963
31.641190518799608	0.00016244693605141393
31.73915086096308	0.00016178724092271463
31.837111203126543	0.0001611631003970906
31.935071545290008	0.0001605738918444847
32.03303188745347	0.00016001900497453504
32.13099222961694	0.00015949784159196903
32.22895257178041	0.00015900981535684923
32.32691291394387	0.00015855435154957514
32.42487325610734	0.00015813088684054512
32.52283359827081	0.00015773886906438734
32.620793940434275	0.00015737775699866782
32.718754282597736	0.00015704702014698684
32.816714624761204	0.0001567461385263773
32.914674966924665	0.00015647460245891905
33.01263530908814	0.00015623191236748484
33.1105956512516	0.00015601757857553692
33.20855599341507	0.00015583112111089388
33.30651633557853	0.0001556720695133873
33.404476677742004	0.0001555399626463333
33.502437019905464	0.00015543434851174136
33.60039736206893	0.00015535478406918752
33.6983577042324	0.00015530083505827774
33.79631804639587	0.00015527207582463262
33.894278388559336	0.00015526808914932038
33.992238730722796	0.00015528846608167253
34.090199072886264	0.00015533280577541376
34.18815941504973	0.0001554007153280399
34.2861197572132	0.00015549180962338093
34.38408009937666	0.00015560571117728418
34.48204044154013	0.00015574204998635723
34.580000783703596	0.00015590046337970903
34.677961125867064	0.0001560805958736297
34.775921468030525	0.00015628209902915143
34.87388181019399	0.00015650463131243247
34.97184215235746	0.0001567478579579089
35.06980249452093	0.0001570114508341588
35.167762836684396	0.00015729508831242528
35.26572317884786	0.00015759845513774556
35.363683521011325	0.00015792124230263463
35.46164386317479	0.00015826314692327233
35.55960420533826	0.00015862387211814478
35.65756454750172	0.00015900312688909099
35.75552488966519	0.00015940062600470733
35.85348523182866	0.0001598160898860631
35.951445573992125	0.00016024924449468072
36.04940591615559	0.0001606998212227369
36.14736625831905	0.00016116755678543951
36.24532660048252	0.00016165219311553748
36.34328694264599	0.00016215347725992175
36.44124728480946	0.0001626711612782756
36.539207626972924	0.000163205002143733
36.63716796913639	0.00016375476164550676
36.73512831129985	0.0001643202062934457
36.83308865346333	0.0001649011072244843
36.93104899562679	0.0001654972401109451
37.02900933779026	0.00016610838507065997
37.12696967995372	0.0001667343265788714
37.22493002211719	0.00016737485338188046
37.32289036428065	0.00016802975841240602
37.42085070644412	0.00016869883870662122
37.51881104860758	0.00016938189532283442
37.61677139077105	0.00017007873326178145
37.71473173293452	0.00017078916138849794
37.812692075097985	0.0001715129923557394
37.910652417261446	0.00017225004252891963
38.00861275942491	0.0001730001319125363
38.10657310158839	0.00017376308407805456
38.20453344375185	0.00017453872609322015
38.30249378591532	0.0001753268884527732
38.40045412807878	0.00017612740501053503
38.49841447024225	0.00017694011291284118
38.59637481240571	0.0001777648525332932
38.69433515456918	0.00017860146740880374
38.79229549673264	0.00017944980417690918
38.89025583889612	0.00018030971251432456
38.98821618105958	0.00018118104507671557
39.086176523223045	0.00018206365743966512
39.184136865386506	0.00018295740804080923
39.282097207549974	0.00018386215812311955
39.38005754971344	0.00018477777167931014
39.47801789187691	0.0001857041153973457
39.57597823404038	0.0001866410586070301
39.67393857620384	0.00018758847322765298
39.77189891836731	0.00018854623371667388
39.869859260530774	0.0001895142170194236
39.96781960269424	0.00019049230251980207
40.0657799448577	0.00019148037199195317
40.16374028702117	0.00019247830955289799
40.26170062918464	0.00019348600161610535
40.359660971348106	0.00019450333684598338
40.45762131351157	0.00019553020611327363
40.555581655675034	0.00019656650245132717
40.6535419978385	0.00019761212101324907
40.75150234000197	0.00019866695902989089
40.84946268216544	0.00019973091576867648
40.9474230243289	0.0002008038924932434
41.04538336649237	0.0002018857924238837
41.143343708655834	0.00020297652069876934
41.2413040508193	0.00020407598433594583
41.33926439298276	0.0002051840921960786
41.437224735146245	0.00020630075494593826
41.535185077309706	0.00020742588502260887
41.633145419473166	0.000208559396598406
41.73110576163663	0.0002097012055464897
41.82906610380011	0.00021085122940715947
41.92702644596357	0.00021200938735481536
42.02498678812703	0.00021317560016557687
42.12294713029049	0.00021434979018554055
42.22090747245397	0.0002155318812996686
42.318867814617434	0.00021672179890129266
42.4168281567809	0.0002179194698622232
42.51478849894436	0.00021912482250345045
42.61274884110784	0.00022033778656642595
42.710709183271305	0.00022155829318491334
42.808669525434766	0.00022278627485739747
42.906629867598234	0.0002240216654200392
43.00459020976169	0.0002252644000201675
43.10255055192517	0.00022651441509029548
43.20051089408863	0.00022777164832265228
43.2984712362521	0.00022903603864421945
43.39643157841555	0.00023030752619226187
43.494391920579034	0.00023158605229034376
43.592352262742494	0.00023287155942481943
43.69031260490596	0.0002341639912217911
43.78827294706942	0.00023546329242452198
43.8862332892329	0.0002367694088712979
43.984193631396366	0.00023808228747372706
44.08215397355983	0.00023940187619547024
44.180114315723294	0.00024072812403139253
44.27807465788676	0.00024206098098712774
44.37603500005023	0.0002434003980590478
44.47399534221369	0.0002447463272146303
44.57195568437716	0.00024609872137321316
44.669916026540626	0.0002474575343871323
44.767876368704094	0.00024882272102323173
44.865836710867555	0.00025019423694474206
44.96379705303102	0.0002515720386935155
45.06175739519449	0.0002529560836726153
45.15971773735796	0.0002543463301292481
45.25767807952142	0.0002557427371380371
45.35563842168489	0.0002571452645846236
45.453598763848355	0.00025855387314959626
45.55155910601182	0.0002599685242927369
45.64951944817529	0.0002613891802375796
45.74747979033875	0.0002628158039562754
45.84544013250222	0.00026424835915475733
45.94340047466569	0.00026568681025819865
46.041360816829155	0.0002671311223967594
46.139321158992615	0.0002685812613916164
46.23728150115608	0.0002700371937412692
46.33524184331955	0.0002714988866081176
46.43320218548302	0.0002729663078053045
46.53116252764648	0.00027443942578382125
46.62912286980995	0.0002759182096198667
46.727083211973415	0.0002774026290024577
46.82504355413688	0.0002788926542212846
46.92300389630035	0.00028038825615480826
47.02096423846381	0.00028188940625859226
47.11892458062729	0.00028339607655386583
47.21688492279075	0.00028490823961631475
47.314845264954215	0.00028642586856509375
47.412805607117676	0.000287948937052056
47.51076594928115	0.00028947741925119735
47.60872629144461	0.0002910112898483081
47.70668663360808	0.00029255052403083173
47.80464697577154	0.0002940950974779232
47.90260731793501	0.00029564498635070474
48.000567660098476	0.0002972001672827149
48.09852800226194	0.00029876061737054576
48.19648834442541	0.0003003263141646682
48.29444868658887	0.0003018972356604362
48.39240902875235	0.0003034733602892709
48.49036937091581	0.0003050546669100188
48.588329713079276	0.00030664113480048227
48.686290055242736	0.0003082327436491162
48.78425039740621	0.00030982947354689063
48.88221073956967	0.00031143130497931386
48.98017108173314	0.0003130382188186138
49.0781314238966	0.0003146501963160747
49.176091766060075	0.0003162672190945256
49.274052108223536	0.00031788926914097586
49.372012450387004	0.0003195163287994005
49.469972792550465	0.0003211483807636645
49.56793313471394	0.00032278540807058987
49.6658934768774	0.0003244273940931585
49.76385381904087	0.0003260743225338514
49.861814161204336	0.00032772617741811825
49.959774503367804	0.0003293829430879778
50.05773484553127	0.00033104460419574347
50.15569518769473	0.00033271114569787533
50.2536555298582	0.00033438255284895204
50.35161587202166	0.00033605881119576326
50.449576214185136	0.0003377399065715193
50.5475365563486	0.0003394258250901739
50.645496898512064	0.00034111655314086225
50.743457240675525	0.0003428120773824469
50.841417582839	0.00034451238473817263
50.93937792500246	0.000346217462390427
51.03733826716593	0.0003479272977756054
51.135298609329396	0.0003496418785790771
51.233258951492864	0.00035136119273025137
51.33121929365633	0.0003530852283977408
51.42917963581979	0.00035481397398462206
51.52713997798326	0.0003565474181237887
51.62510032014673	0.0003582855496733974
51.723060662310196	0.0003600283577124031
51.82102100447366	0.0003617758315361842
51.918981346637125	0.00036352796065225343
52.01694168880059	0.00036528473477605424
52.11490203096406	0.00036704614382683954
52.21286237312752	0.00036881217792363345
52.31082271529099	0.0003705828273812723
52.408783057454464	0.00037235808270652407
52.506743399617925	0.0003741379345942845
52.60470374178139	0.0003759223739238499
52.70266408394485	0.00037771139175526216
52.80062442610832	0.0003795049793257271
52.89858476827179	0.00038130312804610355
52.99654511043526	0.00038310582949746216
53.09450545259872	0.00038491307542771206
53.192465794762185	0.0003867248577482948
53.29042613692566	0.00038854116853094414
53.38838647908912	0.0003903620000045082
53.48634682125258	0.0003921873445518371
53.58430716341605	0.000394017194706731
53.682267505579524	0.00039585154315094817
53.78022784774299	0.00039769038271127285
53.878188189906446	0.00039953370635664173
53.976148532069914	0.0004013815071953271
54.07410887423339	0.000403233778472175
54.17206921639686	0.00040509051356589867
54.27002955856032	0.00040695170598642656
54.36798990072378	0.000408817349372301
54.46595024288726	0.0004106874374881308
54.56391058505072	0.00041256196422209077
54.66187092721419	0.0004144409235834753
54.75983126937764	0.000416324309700297
54.857791611541124	0.0004182121168169347
54.955751953704585	0.0004201043392918253
55.05371229586805	0.00042200097159520697
55.15167263803151	0.0004239020083069009
55.249632980194974	0.0004258074441141404
55.34759332235845	0.000427717273809443
55.44555366452192	0.0004296314922885225
55.54351400668538	0.0004315500945482455
55.64147434884884	0.00043347307568462635
55.73943469101232	0.00043540043089086174
55.83739503317578	0.00043733215545540557
55.93535537533925	0.0004392682447600805
56.03331571750271	0.00044120869427822845
56.131276059666185	0.0004431534995728971
56.229236401829645	0.00044510265629506046
56.32719674399311	0.00044705616018187865
56.425157086156574	0.00044901400705498845
56.52311742832005	0.0004509761928188302
56.62107777048351	0.0004529427134590056
56.71903811264698	0.0004549135650406708
56.81699845481044	0.00045688874370695883
56.91495879697391	0.00045886824567743486
57.012919139137374	0.00046085206724658096
57.11087948130084	0.00046284020478231237
57.20883982346431	0.0004648326547245213
57.30680016562778	0.00046682941358365163
57.404760507791245	0.00046883047793929946
57.502720849954706	0.00047083584443884357
57.600681192118174	0.00047284550979610225
57.698641534281634	0.0004748594707900165
57.79660187644511	0.0004768777242633589
57.89456221860857	0.0004789002671214697
57.99252256077204	0.0004809270963310159
58.0904829029355	0.00048295820891877667
58.18844324509897	0.0004849936019704523
58.286403587262434	0.0004870332726294948
58.3843639294259	0.0004890772180959661
58.48232427158937	0.0004911254356254137
58.58028461375284	0.0004931779225277734
58.678244955916306	0.0004952346761662892
58.776205298079766	0.0004972956939564584
58.874165640243234	0.0004993609733649962
58.9721259824067	0.0005014305119088196
59.07008632457017	0.0005035043071540527
59.16804666673363	0.0005055823567150534
59.2660070088971	0.0005076646582534551
59.363967351060566	0.000509751209477231
59.461927693224034	0.000511842008139776
59.559888035387495	0.0005139370520390058
59.657848377550955	0.0005160363390164755
59.75580871971443	0.0005181398669565143
59.8537690618779	0.0005202476337853773
59.951729404041366	0.0005223596374704162
60.04968974620483	0.0005244758760192634
60.1476500883683	0.0005265963474790343
60.24561043053177	0.0005287210499355445
60.34357077269524	0.0005308499815125441
60.441531114858684	0.0005329831403709645
60.53949145702215	0.0005351205247081822
60.63745179918563	0.0005372621327572966
60.735412141349094	0.0005394079627864218
60.833372483512555	0.0005415580130979931
60.93133282567602	0.0005437122820280868
61.0292931678395	0.000545870767945753
61.127253510002966	0.0005480334692523625
61.225213852166426	0.000550200384380967
61.32317419432988	0.0005523715117956696
61.421134536493355	0.0005545468499910117
61.51909487865682	0.0005567263974913673
61.61705522082029	0.0005589101528503536
61.71501556298375	0.0005610981146502514
61.81297590514723	0.000563290281501436
61.910936247310694	0.0005654866520418215
62.00889658947416	0.0005676872249363138
62.10685693163762	0.0005698919988762778
62.20481727380109	0.0005721009725790108
62.30277761596455	0.0005743141447872302
62.40073795812802	0.0005765315142685684
62.49869830029148	0.0005787530798150805
62.59665864245496	0.0005809788402427595
62.69461898461842	0.0005832087943910615
62.79257932678189	0.0005854429411224418
62.89053966894535	0.0005876812793218981
62.98850001110882	0.0005899238078965251
63.08646035327229	0.0005921705257750747
63.18442069543575	0.0005944214319075283
63.282381037599215	0.000596676525264676
63.380341379762676	0.0005989358048377033
63.47830172192616	0.0006011992696377882
63.57626206408962	0.0006034669186957033
63.67422240625309	0.0006057387510614295
63.77218274841655	0.0006080147658037738
63.870143090580015	0.0006102949620099971
63.968103432743476	0.000612579338785448
64.06606377490694	0.0006148678952532043
64.16402411707041	0.0006171606305537223
64.26198445923389	0.000619457543844492
64.35994480139735	0.0006217586342996991
64.45790514356082	0.0006240639011098947
64.55586548572428	0.0006263733434816714
64.65382582788774	0.0006286869606373441
64.7517861700512	0.0006310047518146397
64.84974651221468	0.0006333267162663911
64.94770685437814	0.0006356528532602372
65.04566719654161	0.0006379831620783317
65.14362753870508	0.0006403176420170528
65.24158788086855	0.0006426562923867223
65.33954822303201	0.0006449991125113303
65.43750856519547	0.0006473461017282631
65.53546890735893	0.0006496972593880381
65.63342924952241	0.0006520525848540433
65.73138959168587	0.000654412077502283
65.82934993384933	0.000656775736721127
65.9273102760128	0.0006591435619110663
66.02527061817628	0.0006615155524844718
66.12323096033974	0.0006638917078653599
66.2211913025032	0.0006662720274891612
66.31915164466668	0.0006686565108024951
66.41711198683014	0.0006710451572629459
66.5150723289936	0.000673437966338849
66.61303267115706	0.000675834937509074
66.71099301332055	0.0006782360702628198
66.80895335548401	0.0006806413640994057
66.90691369764747	0.0006830508185280746
67.00487403981093	0.0006854644330677944
67.1028343819744	0.0006878822072470659
67.20079472413786	0.0006903041406037331
67.29875506630133	0.0006927302326847987
67.3967154084648	0.0006951604830462434
67.49467575062828	0.0006975948912528462
67.59263609279174	0.0007000334568780109
67.6905964349552	0.0007024761795035957
67.78855677711867	0.0007049230587197448
67.88651711928213	0.0007073740941247249
67.98447746144559	0.0007098292853247639
68.08243780360905	0.0007122886319338928
68.18039814577253	0.0007147521335737916
68.27835848793599	0.0007172197898736375
68.37631883009946	0.0007196916004699568
68.47427917226292	0.0007221675650064775
68.5722395144264	0.0007246476831339895
68.67019985658986	0.000727131954510202
68.76816019875332	0.0007296203787996082
68.8661205409168	0.000732112955673349
68.96408088308026	0.0007346096848090832
69.06204122524372	0.0007371105658908577
69.16000156740719	0.0007396155986089801
69.25796190957067	0.0007421247826598947
69.35592225173413	0.000744638117746063
69.45388259389759	0.0007471556035758411
69.55184293606105	0.0007496772398633665
69.64980327822452	0.0007522030263284398
69.74776362038799	0.0007547329626964156
69.84572396255145	0.0007572670486980908
69.94368430471492	0.0007598052840695975
70.0416446468784	0.000762347668552296
70.13960498904186	0.0007648942018926731
70.23756533120532	0.0007674448838422388
70.33552567336879	0.0007699997141574281
70.43348601553225	0.0007725586925995024
70.53144635769571	0.0007751218189344538
70.62940669985917	0.0007776890929329124
70.72736704202265	0.0007802605143700538
70.82532738418612	0.0007828360830255087
70.92328772634959	0.0007854157986832746
71.02124806851305	0.0007879996611316303
71.11920841067652	0.0007905876701630496
71.21716875284	0.0007931798255741196
71.31512909500344	0.0007957761271654574
71.41308943716692	0.0007983765747416326
71.51104977933038	0.0008009811681110864
71.60901012149385	0.0008035899070860578
71.70697046365731	0.0008062027914825044
71.80493080582079	0.0008088198211200332
71.90289114798425	0.0008114409958218245
72.00085149014772	0.0008140663154145638
72.09881183231118	0.0008166957797283706
72.19677217447465	0.0008193293885967308
72.2947325166381	0.0008219671418564307
72.39269285880158	0.0008246090393474905
72.49065320096504	0.0008272550809131011
72.58861354312852	0.0008299052663995606
72.68657388529198	0.0008325595956562132
72.78453422745544	0.000835218068535389
72.88249456961891	0.0008378806848923444
72.98045491178239	0.000840547444585203
73.07841525394585	0.0008432183474749018
73.1763755961093	0.0008458933934251323
73.27433593827278	0.0008485725823022883
73.37229628043625	0.0008512559139754104
73.4702566225997	0.0008539433883161347
73.56821696476317	0.0008566350051986414
73.66617730692666	0.0008593307644996043
73.76413764909012	0.0008620306660981399
73.86209799125358	0.0008647347098757615
73.96005833341704	0.0008674428957163304
74.05801867558051	0.0008701552235060088
74.15597901774397	0.0008728716931332155
74.25393935990743	0.0008755923044885798
74.3518997020709	0.0008783170574648991
74.44986004423438	0.0008810459519570951
74.54782038639785	0.0008837789878621714
74.6457807285613	0.000886516165079173
74.74374107072478	0.0008892574835091459
74.84170141288824	0.0008920029430550969
74.9396617550517	0.0008947525436219544
75.03762209721516	0.0008975062851165311
75.13558243937864	0.0009002641674474869
75.2335427815421	0.0009030261905252913
75.33150312370557	0.0009057923542621887
75.42946346586903	0.0009085626585721611
75.52742380803251	0.0009113371033708965
75.62538415019597	0.0009141156885757537
75.72334449235943	0.0009168984141057286
75.82130483452289	0.0009196852798814222
75.91926517668637	0.0009224762858250096
76.01722551884983	0.0009252714318602084
76.1151858610133	0.0009280707179122471
76.21314620317678	0.000930874143907836
76.31110654534024	0.0009336817097751385
76.4090668875037	0.0009364934154437409
76.50702722966716	0.0009393092608446257
76.60498757183063	0.0009421292459101419
76.7029479139941	0.00094495337057398
76.80090825615756	0.000947781634771145
76.89886859832103	0.0009506140384379291
76.9968289404845	0.0009534505815118867
77.09478928264797	0.0009562912639318111
77.19274962481143	0.0009591360856377073
77.29070996697489	0.0009619850465707698
77.38867030913836	0.000964838146673358
77.48663065130182	0.0009676953858889737
77.58459099346528	0.0009705567641622392
77.68255133562877	0.0009734222814388731
77.78051167779223	0.00097629193766567
77.8784720199557	0.0009791657327904793
77.97643236211916	0.0009820436667621832
78.07439270428263	0.0009849257395306778
78.17235304644609	0.0009878119510468516
78.27031338860955	0.000990702301262566
78.36827373077301	0.0009935967901306365
78.46623407293649	0.0009964954176048147
78.56419441509995	0.0009993981836397673
78.66215475726341	0.0010023050881910606
78.76011509942688	0.00100521613121514
78.85807544159036	0.001008131312669316
78.95603578375382	0.0010110506325117427
79.05399612591728	0.0010139740907014058
79.15195646808075	0.0010169016871981013
79.24991681024422	0.001019833421962425
79.34787715240768	0.001022769294955751
79.44583749457114	0.0010257093061402198
79.54379783673463	0.0010286534554787233
79.64175817889809	0.0010316017429348857
79.73971852106155	0.0010345541684730552
79.83767886322501	0.0010375107320582853
79.93563920538848	0.0010404714336563212
80.03359954755194	0.0010434362732335885
80.1315598897154	0.0010464052507571776
80.22952023187888	0.0010493783661948309
80.32748057404234	0.0010523556195149294
80.42544091620582	0.0010553370106864822
80.52340125836928	0.0010583225396791109
80.62136160053275	0.00106131220646304
80.71932194269621	0.0010643060110090848
80.81728228485967	0.0010673039532886376
80.91524262702313	0.0010703060332736582
81.01320296918661	0.001073312250936662
81.11116331135007	0.0010763226062507091
81.20912365351356	0.0010793370991893942
81.307083995677	0.001082355729726834
81.40504433784048	0.0010853784978376582
81.50300468000394	0.0010884054034970003
81.6009650221674	0.001091436446680486
81.69892536433088	0.0010944716273642242
81.79688570649434	0.0010975109455247972
81.8948460486578	0.0011005544011392508
81.99280639082129	0.0011036019941850876
82.09076673298475	0.0011066537246402532
82.18872707514821	0.001109709592483132
82.28668741731167	0.0011127695976925363
82.38464775947513	0.0011158337402476992
82.4826081016386	0.0011189020201282638
82.58056844380206	0.0011219744373142776
82.67852878596553	0.0011250509917861838
82.77648912812899	0.0011281316835248124
82.87444947029249	0.0011312165125113736
82.97240981245595	0.0011343054787274493
83.07037015461941	0.0011373985821549876
83.16833049678287	0.0011404958227762935
83.26629083894633	0.0011435972005740228
83.3642511811098	0.0011467027155311759
83.46221152327325	0.001149812367631088
83.56017186543673	0.0011529261568574273
83.65813220760022	0.001156044083194184
83.75609254976368	0.0011591661466256644
83.85405289192714	0.0011622923471364883
83.95201323409061	0.0011654226847115793
84.04997357625406	0.0011685571593361588
84.14793391841752	0.0011716957709957427
84.24589426058098	0.001174838519676133
84.34385460274446	0.001177985405363413
84.44181494490795	0.0011811364280439427
84.53977528707141	0.0011842915877043505
84.63773562923487	0.0011874508843315317
84.73569597139834	0.0011906143179126407
84.8336563135618	0.0011937818884350858
84.93161665572525	0.0011969535958865263
85.02957699788873	0.0012001294402548645
85.12753734005219	0.0012033094215282431
85.22549768221567	0.0012064935396950403
85.32345802437914	0.0012096817947438636
85.42141836654261	0.0012128741866635469
85.51937870870607	0.001216070715443145
85.61733905086953	0.0012192713810719302
85.71529939303299	0.0012224761835393867
85.81325973519647	0.001225685122835208
85.91122007735991	0.0012288981989492902
86.00918041952337	0.001232115411871732
86.10714076168686	0.0012353367615928264
86.20510110385034	0.0012385622481030593
86.3030614460138	0.0012417918713931051
86.40102178817726	0.0012450256314538233
86.49898213034074	0.0012482635282762547
86.5969424725042	0.001251505561851617
86.69490281466766	0.001254751732171302
86.7928631568311	0.0012580020392268727
86.8908234989946	0.0012612564830100598
86.98878384115807	0.001264515063512755
87.08674418332153	0.0012677777807270142
87.18470452548499	0.0012710446346450488
87.28266486764846	0.001274315625259225
87.38062520981192	0.0012775907525620603
87.47858555197539	0.0012808700165462203
87.57654589413885	0.0012841534172045163
87.67450623630234	0.0012874409545299023
87.7724665784658	0.0012907326285154705
87.87042692062926	0.0012940284391544513
87.96838726279273	0.0012973283864402096
88.06634760495619	0.00130063247036624
88.16430794711965	0.001303940690926168
88.26226828928311	0.0013072530481137445
88.36022863144659	0.001310569541922844
88.45818897361005	0.0013138901723474625
88.55614931577352	0.0013172149393817164
88.65410965793698	0.0013205438430198358
88.75207000010046	0.0013238768832561677
88.85003034226392	0.0013272140600851699
88.94799068442738	0.0013305553735014108
89.04595102659084	0.001333900823499566
89.14391136875432	0.0013372504100744162
89.24187171091778	0.0013406041332208463
89.33983205308125	0.0013439619929338424
89.43779239524473	0.0013473239892084895
89.53575273740819	0.00135069012203997
89.63371307957165	0.0013540603914235624
89.73167342173511	0.0013574347973546383
89.82963376389858	0.0013608133398286613
89.92759410606205	0.0013641960188411847
90.0255544482255	0.0013675828343878503
90.12351479038898	0.001370973786464386
90.22147513255246	0.001374368875066603
90.31943547471592	0.0013777681001903982
90.41739581687938	0.001381171461831748
90.51535615904284	0.0013845789599867084
90.61331650120631	0.0013879905946514149
90.71127684336977	0.0013914063658220786
90.80923718553323	0.0013948262734949858
90.90719752769671	0.0013982503176664964
91.00515786986018	0.001401678498333043
91.10311821202365	0.001405110815491128
91.2010785541871	0.001408547269137323
91.29903889635058	0.001411987859268269
91.39699923851404	0.001415432585880672
91.4949595806775	0.0014188814489713042
91.59291992284096	0.0014223344485370015
91.69088026500444	0.0014257915845746624
91.78884060716791	0.0014292528570812473
91.88680094933137	0.0014327182660537757
91.98476129149483	0.0014361878114893276
92.08272163365831	0.0014396614933850401
92.18068197582177	0.0014431393117381069
92.27864231798523	0.0014466212665457774
92.3766026601487	0.0014501073578053565
92.47456300231217	0.0014535975855142005
92.57252334447564	0.0014570919496697213
92.6704836866391	0.0014605904502693779
92.76844402880258	0.001464093087310682
92.86640437096604	0.0014675998607911955
92.9643647131295	0.0014711107707085272
93.06232505529296	0.0014746258170603335
93.16028539745643	0.0014781449998443174
93.2582457396199	0.001481668319058227
93.35620608178336	0.001485195774699856
93.45416642394683	0.0014887273667670417
93.5521267661103	0.0014922630952576624
93.65008710827377	0.0014958029601696407
93.74804745043723	0.0014993469615009393
93.8460077926007	0.0015028950992495614
93.94396813476416	0.0015064473734135505
94.04192847692762	0.0015100037839909876
94.13988881909108	0.0015135643309799923
94.23784916125457	0.0015171290143787227
94.33580950341803	0.0015206978341853702
94.4337698455815	0.001524270790398165
94.53173018774496	0.0015278478830153723
94.62969052990843	0.0015314291120352896
94.72765087207189	0.0015350144774562502
94.82561121423535	0.001538603979276619
94.92357155639883	0.0015421976174947944
95.0215318985623	0.001545795392109206
95.11949224072576	0.0015493973031183142
95.21745258288922	0.0015530033505206098
95.3154129250527	0.001556613534314615
95.41337326721616	0.0015602278544988796
95.51133360937962	0.001563846311071983
95.60929395154308	0.0015674689040325327
95.70725429370655	0.0015710956333791631
95.80521463587002	0.001574726499110537
95.90317497803349	0.0015783615012253428
96.00113532019695	0.0015820006397222947
96.09909566236043	0.001585643914600132
96.19705600452389	0.0015892913258576207
96.29501634668735	0.0015929428734935498
96.39297668885082	0.0015965985575067325
96.49093703101428	0.0016002583778960062
96.58889737317774	0.0016039223346602305
96.68685771534122	0.0016075904277982893
96.7848180575047	0.001611262657309085
96.88277839966815	0.0016149390231915454
96.98073874183162	0.0016186195254446175
97.07869908399508	0.0016223041640672704
97.17665942615855	0.001625992939058494
97.27461976832201	0.001629685850417295
97.37258011048547	0.001633382898142704
97.47054045264895	0.0016370840822337689
97.56850079481242	0.0016407894026895552
97.66646113697588	0.0016444988595091488
97.76442147913934	0.0016482124526916533
97.8623818213028	0.00165193018223619
