0.0	-0.15000001295222454
0.0979428567843734	-0.11223046979450149
0.1958857135687468	-0.09750175245060065
0.29382857035312016	-0.08818072022230884
0.3917714271374936	-0.08134821283651915
0.489714283921867	-0.07595339083139009
0.5876571407062403	-0.07149664798577546
0.6855999974906137	-0.06770087322462669
0.7835428542749872	-0.06439625688988647
0.8814857110593605	-0.06147117241005568
0.979428567843734	-0.0588482987576428
1.0773714246281072	-0.05647185967799319
1.1753142814124806	-0.05430029459442115
1.273257138196854	-0.05230180315030504
1.3711999949812275	-0.05045150910610651
1.4691428517656007	-0.04872958493119752
1.5670857085499743	-0.047119971239434504
1.6650285653343475	-0.045609478104801926
1.762971422118721	-0.04418713925836661
1.8609142789030944	-0.04284373830771346
1.958857135687468	-0.04157145476368275
2.056799992471841	-0.04036359526300243
2.1547428492562144	-0.039214386506957695
2.252685706040588	-0.03811881365537969
2.3506285628249612	-0.037072492704059386
2.4485714196093347	-0.036071568615585185
2.546514276393708	-0.03511263320897979
2.6444571331780815	-0.0341926583808343
2.742399989962455	-0.033308941346449045
2.840342846746828	-0.03245905939504746
2.9382857035312013	-0.03164083224223223
3.0362285603155748	-0.030852290498810813
3.1341714170999486	-0.030091649101315177
3.2321142738843216	-0.029357284796118155
3.330057130668695	-0.028647716957225466
3.4279999874530684	-0.027961591162711626
3.525942844237442	-0.02729766506726053
3.6238857010218153	-0.026654796196295027
3.7218285578061887	-0.026031931356564404
3.819771414590562	-0.025428097413129506
3.917714271374936	-0.024842393226681716
4.015657128159309	-0.024273982580497955
4.113599984943682	-0.023722087954927827
4.211542841728056	-0.023185985030556907
4.309485698512429	-0.02266499782018983
4.407428555296803	-0.02215849434540257
4.505371412081176	-0.021665882786292587
4.6033142688655495	-0.021186608043731993
4.7012571256499225	-0.02072014866231855
4.7991999824342955	-0.02026601406965104
4.897142839218669	-0.019823742093792885
4.995085696003043	-0.019392896726043454
5.093028552787416	-0.018973066100579403
5.19097140957179	-0.01856386066629872
5.288914266356163	-0.018164911529409362
5.386857123140536	-0.017775868948045136
5.48479997992491	-0.01739640096253936
5.582742836709283	-0.01702619214700394
5.680685693493656	-0.016664942469599323
5.77862855027803	-0.01631236625038253
5.876571407062403	-0.015968191206920845
5.9745142638467765	-0.01563215757898837
6.0724571206311495	-0.015304017324646074
6.170399977415523	-0.014983533380863938
6.268342834199897	-0.01467047898259434
6.36628569098427	-0.01436463703486381
6.464228547768643	-0.014065799533028117
6.562171404553017	-0.013773767026844562
6.66011426133739	-0.01348834812446384
6.758057118121764	-0.013209359032840859
6.855999974906137	-0.012936623131414596
6.95394283169051	-0.01266997057621907
7.051885688474884	-0.012409237931863938
7.149828545259257	-0.012154267829070078
7.247771402043631	-0.011904908645664816
7.3457142588280036	-0.011661014209138227
7.443657115612377	-0.0114224435190371
7.54159997239675	-0.011189060487630739
7.639542829181124	-0.010960733697423801
7.737485685965497	-0.010737336174218234
7.835428542749872	-0.010518745174540607
7.933371399534244	-0.010304841986353777
8.031314256318618	-0.010095511742064892
8.129257113102991	-0.009890643242925415
8.227199969887364	-0.009690128793994746
8.325142826671737	-0.009493864048907749
8.423085683456112	-0.009301747863748858
8.521028540240485	-0.00911368215939183
8.618971397024858	-0.0089295717917159
8.71691425380923	-0.008749324429155629
8.814857110593605	-0.008572850437084577
8.912799967377978	-0.008400062768571675
9.010742824162351	-0.00823087686108474
9.108685680946724	-0.008065210538747975
9.206628537731099	-0.007902983919789967
9.304571394515472	-0.007744119328845902
9.402514251299845	-0.0075885412138025
9.500457108084218	-0.007436176066897186
9.598399964868591	-0.0072869523498038016
9.696342821652964	-0.007140800422456515
9.794285678437339	-0.006997652475381343
9.892228535221712	-0.006857442465320868
9.990171392006086	-0.006720106053952962
10.088114248790458	-0.006585580549517929
10.186057105574832	-0.006453804851181508
10.283999962359205	-0.006324719395972764
10.38194281914358	-0.006198266108146964
10.479885675927953	-0.006074388350833463
10.577828532712326	-0.0059530308798380685
10.675771389496699	-0.005834139799477929
10.773714246281072	-0.0057176625203349965
10.871657103065447	-0.005603547718821543
10.96959995984982	-0.00549174529845807
11.067542816634193	-0.005382206352770352
11.165485673418566	-0.005274883129718283
11.26342853020294	-0.005169728997574711
11.361371386987312	-0.005066698412177546
11.459314243771685	-0.004965746885483189
11.55725710055606	-0.004866830955353906
11.65519995734043	-0.004769908156515612
11.753142814124805	-0.004674936992626708
11.851085670909178	-0.004581876909401977
11.949028527693553	-0.004490688268739022
12.046971384477926	-0.004401332323797758
12.144914241262299	-0.0043137711949864654
12.242857098046672	-0.004227967846810625
12.340799954831047	-0.00414388606554325
12.43874281161542	-0.004061490437677894
12.536685668399794	-0.003980746329127634
12.634628525184167	-0.0039016198651355785
12.73257138196854	-0.0038240779108641796
12.830514238752913	-0.0037480880526326718
12.928457095537286	-0.0036736185797735434
13.026399952321661	-0.003600638467080558
13.124342809106034	-0.003529117357822438
13.222285665890407	-0.003459025547297605
13.32022852267478	-0.00339033396690683
13.418171379459155	-0.003323014168721752
13.516114236243528	-0.0032570383105285294
13.614057093027903	-0.0031923791413268738
13.711999949812274	-0.003129009987265819
13.809942806596645	-0.0030669047379984936
13.90788566338102	-0.0030060378334391515
14.005828520165393	-0.002946384250906445
14.103771376949767	-0.0028879194926379114
14.20171423373414	-0.002830619573661212
14.299657090518513	-0.0027744610100085294
14.397599947302886	-0.0027194208072611227
14.495542804087261	-0.0026654764494117036
14.593485660871634	-0.0026126058880328634
14.691428517656007	-0.0025607875317404205
14.78937137444038	-0.002510000235940981
14.887314231224755	-0.0024602232928536243
14.98525708800913	-0.0024114364217959934
15.0831999447935	-0.002363619759725623
15.181142801577876	-0.002316753852027648
15.279085658362249	-0.0022708196435405397
15.37702851514662	-0.002225798469811839
15.474971371930994	-0.0021816720485762085
15.57291422871537	-0.002138422471448517
15.670857085499744	-0.0020960321958248935
15.768799942284113	-0.0020544840369851438
15.866742799068488	-0.002013761160390009
15.964685655852863	-0.001973847074167233
16.062628512637236	-0.0019347256217804578
16.160571369421607	-0.0018963809748753944
16.258514226205982	-0.001858797626297815
16.356457082990353	-0.0018219603832782063
16.454399939774728	-0.0017858543607780534
16.552342796559103	-0.0017504649749930936
16.650285653343474	-0.0017157779370088051
16.74822851012785	-0.0016817792466038328
16.846171366912223	-0.0016484551861970485
16.944114223696598	-0.0016157923149342167
17.04205708048097	-0.0015837774629102659
17.13999993726534	-0.001552397725523486
17.237942794049715	-0.0015216404579579202
17.335885650834086	-0.0014914932697905206
17.43382850761846	-0.0014619440197196126
17.531771364402836	-0.001432980810411496
17.62971422118721	-0.0014045919834619741
17.727657077971582	-0.0013767661144697804
17.825599934755957	-0.0013494920082190304
17.92354279154033	-0.0013227586939677913
18.021485648324703	-0.0012965554208401126
18.119428505109074	-0.0012708716533187912
18.21737136189345	-0.0012456970668364201
18.315314218677823	-0.0012210215434621462
18.413257075462198	-0.0011968351676818105
18.51119993224657	-0.0011731282222691472
18.609142789030944	-0.0011498911842457696
18.70708564581532	-0.001127114720927811
18.80502850259969	-0.0011047896860570906
18.902971359384065	-0.0010829071160147691
19.000914216168436	-0.0010614582261155223
19.09885707295281	-0.0010404344069803115
19.196799929737182	-0.0010198272209858937
19.294742786521557	-0.000999628398789242
19.392685643305928	-0.0009798298359251715
19.490628500090303	-0.0009604235894754011
19.588571356874677	-0.0009414018748074559
19.686514213659052	-0.0009227570623817622
19.784457070443423	-0.0009044816746254084
19.8823999272278	-0.0008865683828710009
19.980342784012173	-0.0008690100043591971
20.078285640796544	-0.0008517994993034323
20.176228497580915	-0.0008349299680154458
20.274171354365286	-0.0008183946480903056
20.372114211149665	-0.0008021869116494932
20.470057067934036	-0.0007863002626408689
20.56799992471841	-0.0007707283341942116
20.665942781502782	-0.0007554648860310808
20.76388563828716	-0.0007405038019278868
20.86182849507153	-0.0007258390872309304
20.959771351855906	-0.0007114648664223035
21.057714208640277	-0.0006973753807355914
21.155657065424652	-0.0006835649858202155
21.253599922209023	-0.0006700281494534534
21.351542778993398	-0.0006567594492990252
21.44948563577777	-0.0006437535707113466
21.547428492562144	-0.0006310053045843737
21.64537134934652	-0.0006185095452441651
21.743314206130893	-0.0006062612883841785
21.841257062915265	-0.0005942556290424352
21.93919991969964	-0.0005824877596196504
22.03714277648401	-0.0005709529679374492
22.135085633268385	-0.000559646635335858
22.233028490052757	-0.0005485642348092187
22.33097134683713	-0.0005377013291797361
22.428914203621503	-0.0005270535693078632
22.52685706040588	-0.000516616692338759
22.624799917190252	-0.0005063865199840744
22.722742773974623	-0.0004963589568383022
22.820685630758998	-0.0004865299887290277
22.91862848754337	-0.00047689568110031766
23.016571344327748	-0.0004674521774286166
23.11451420111212	-0.0004581956976704284
23.212457057896493	-0.0004491225367411705
23.31039991468086	-0.0004402290630245367
23.40834277146524	-0.00043151171691173975
23.50628562824961	-0.00042296700937004706
23.604228485033985	-0.0004145915205399625
23.702171341818357	-0.00040638189836051996
23.800114198602735	-0.0003983348572220648
23.898057055387106	-0.0003904471766460111
23.99599991217148	-0.00038271569999098753
24.093942768955852	-0.00037513733318483275
24.191885625740227	-0.0003677090434819577
24.289828482524598	-0.0003604278582455039
24.387771339308973	-0.00035329086375382663
24.485714196093344	-0.000346295204030822
24.583657052877722	-0.00033943807969954635
24.681599909662093	-0.000332716746858773
24.77954276644647	-0.0003261285159818891
24.87748562323084	-0.00031967075083779047
24.975428480015218	-0.0003133408674332613
25.07337133679959	-0.00030713633297645387
25.17131419358396	-0.00030105466486097756
25.269257050368335	-0.0002950934296702775
25.367199907152703	-0.00028925024220178284
25.46514276393708	-0.0002835227645105259
25.563085620721452	-0.00027790870497178114
25.661028477505827	-0.00027240581736235096
25.758971334290198	-0.0002670118999601453
25.856914191074573	-0.00026172479466166326
25.954857047858948	-0.00025654238611703
26.052799904643322	-0.0002514626008822383
26.150742761427693	-0.00024648340658824623
26.24868561821207	-0.00024160281112657232
26.34662847499644	-0.00023681886185111418
26.444571331780814	-0.0002321296447958041
26.542514188565185	-0.00022753328390780816
26.64045704534956	-0.00022302794029598256
26.73839990213393	-0.00021861181149422805
26.83634275891831	-0.00021428313073951503
26.93428561570268	-0.00021004016626421053
27.032228472487056	-0.00020588122060247275
27.130171329271427	-0.00020180462991042732
27.228114186055805	-0.000197808763299831
27.326057042840173	-0.00019389202218495635
27.423999899624548	-0.00019005283964245817
27.52194275640892	-0.00018628967978392288
27.61988561319329	-0.00018260103714090145
27.71782846997767	-0.00017898543606210314
27.81577132676204	-0.00017544143012259813
27.913714183546414	-0.00017196760154469947
28.011657040330785	-0.00016856256063036925
28.109599897115164	-0.00016522494520485381
28.207542753899535	-0.00016195342007137905
28.30548561068391	-0.00015874667647665334
28.40342846746828	-0.0001556034315869698
28.501371324252656	-0.00015252242797469647
28.599314181037027	-0.0001495024331149585
28.6972570378214	-0.00014654223889229274
28.795199894605773	-0.00014364066111709306
28.89314275139015	-0.00014079653905163308
28.991085608174522	-0.0001380087349455012
29.089028464958897	-0.0001352761335802256
29.18697132174327	-0.0001325976418229496
29.284914178527647	-0.00012997218818893095
29.382857035312014	-0.00012739872241274158
29.48079989209639	-0.00012487621502794096
29.57874274888076	-0.000122403656955103
29.676685605665135	-0.00011998005909797667
29.77462846244951	-0.00011760445194770304
29.872571319233884	-0.0001152758851948135
29.97051417601826	-0.00011299342734896808
30.068457032802634	-0.00011075616536620877
30.166399889587	-0.00010856320428359691
30.264342746371376	-0.0001064136668610913
30.36228560315575	-0.0001043066932305394
30.460228459940122	-0.00010224144055160339
30.558171316724497	-0.00010021708267451114
30.656114173508865	-9.82328098094911e-05
30.75405703029324	-9.62878282027638e-05
30.851999887077614	-9.43813598189314e-05
30.94994274386199	-9.251264202968348e-05
31.047885600646364	-9.068092730866625e-05
31.14582845743074	-8.88854829323717e-05
31.243771314215106	-8.712559068699471e-05
31.341714170999488	-8.540054658106146e-05
31.439657027783856	-8.370966056377091e-05
31.537599884568227	-8.205225624890654e-05
31.6355427413526	-8.04276706442213e-05
31.733485598136976	-7.88352538861842e-05
31.83142845492135	-7.727436897998111e-05
31.929371311705726	-7.574439154466035e-05
32.02731416849009	-7.42447095633372e-05
32.12525702527447	-7.277472313833211e-05
32.22319988205884	-7.133384425117295e-05
32.321142738843214	-6.992149652735161e-05
32.41908559562759	-6.853711500571782e-05
32.517028452411964	-6.718014591247392e-05
32.61497130919634	-6.585004643961131e-05
32.712914165980706	-6.454628452777973e-05
32.810857022765084	-6.326833865339656e-05
32.908799879549456	-6.20156976200373e-05
33.006742736333834	-6.078786035390995e-05
33.104685593118205	-5.958433570340649e-05
33.202628449902576	-5.840464224260706e-05
33.30057130668695	-5.724830807869071e-05
33.398514163471326	-5.6114870663158213e-05
33.4964570202557	-5.500387660677562e-05
33.59439987704007	-5.3914881498213655e-05
33.69234273382445	-5.2847449726252546e-05
33.79028559060882	-5.180115430551375e-05
33.888228447393196	-5.0775576705660624e-05
33.98617130417757	-4.977030668395857e-05
34.08411416096194	-4.878494212116314e-05
34.18205701774631	-4.7819088860653235e-05
34.27999987453068	-4.687236055075847e-05
34.37794273131506	-4.594437849020129e-05
34.47588558809943	-4.5034771476600596e-05
34.57382844488381	-4.41431756579753e-05
34.67177130166817	-4.32692343871981e-05
34.76971415845256	-4.241259807932116e-05
34.86765701523692	-4.157292407172143e-05
34.9655998720213	-4.074987648703978e-05
35.06354272880567	-3.994312609880747e-05
35.16148558559004	-3.915235019974591e-05
35.25942844237442	-3.8377232472682884e-05
35.357371299158785	-3.761746286400223e-05
35.455314155943164	-3.6872737459634045e-05
35.553257012727535	-3.6142758363448225e-05
35.65119986951191	-3.5427233578124634e-05
35.749142726296284	-3.472587688832021e-05
35.84708558308066	-3.403840774617779e-05
35.94502843986503	-3.336455115911223e-05
36.042971296649405	-3.2704037579798306e-05
36.140914153433776	-3.205660279833935e-05
36.23885701021815	-3.1421987836587347e-05
36.336799867002526	-3.079993884453913e-05
36.4347427237869	-3.0190206998791186e-05
36.532685580571275	-2.9592548403003985e-05
36.63062843735565	-2.9006723990340962e-05
36.72857129414002	-2.8432499427830832e-05
36.826514150924396	-2.7869645022632854e-05
36.92445700770877	-2.7317935630156623e-05
37.02239986449314	-2.6777150563990628e-05
37.12034272127751	-2.624707350763433e-05
37.21828557806189	-2.572749242795947e-05
37.31622843484626	-2.521819949039265e-05
37.41417129163064	-2.4718990975779683e-05
37.512114148415	-2.4229667198897908e-05
37.61005700519938	-2.375003242856574e-05
37.70799986198375	-2.327989480935894e-05
37.80594271876813	-2.2819066284856997e-05
37.9038855755525	-2.236736252241804e-05
38.00182843233687	-2.192460283944868e-05
38.09977128912125	-2.1490610131121413e-05
38.19771414590562	-2.1065210799523466e-05
38.29565700268999	-2.0648234684229972e-05
38.393599859474364	-2.0239514994225145e-05
38.49154271625874	-1.9838888241187456e-05
38.58948557304311	-1.9446194174088514e-05
38.68742842982749	-1.906127571508714e-05
38.785371286611856	-1.8683978896708847e-05
38.883314143396234	-1.831415280024045e-05
38.981257000180605	-1.7951649495367507e-05
39.07919985696498	-1.7596323980998864e-05
39.177142713749355	-1.7248034127265705e-05
39.275085570533726	-1.6906640618656847e-05
39.373028427318104	-1.657200689831218e-05
39.470971284102475	-1.6243999113372822e-05
39.56891414088685	-1.592248606145032e-05
39.66685699767122	-1.560733913814786e-05
39.7647998544556	-1.529843228560689e-05
39.86274271123997	-1.4995641942084084e-05
39.960685568024346	-1.4698846992529114e-05
40.05862842480871	-1.4407928720130925e-05
40.15657128159309	-1.4122770758837564e-05
40.254514138377466	-1.3843259046797123e-05
40.35245699516183	-1.3569281780742215e-05
40.45039985194621	-1.3300729371251143e-05
40.54834270873057	-1.3037494398934172e-05
40.64628556551496	-1.2779471571443638e-05
40.74422842229933	-1.2526557681359095e-05
40.8421712790837	-1.2278651564912526e-05
40.94011413586807	-1.2035654061512854e-05
41.03805699265246	-1.1797467974077874e-05
41.13599984943682	-1.1563998030164547e-05
41.23394270622119	-1.1335150843854083e-05
41.331885563005564	-1.1110834878382773e-05
41.42982841978994	-1.0890960409552629e-05
41.52777127657432	-1.067543948981225e-05
41.625714133358684	-1.0464185913099479e-05
41.72365699014306	-1.0257115180344914e-05
41.821599846927434	-1.0054144465670408e-05
41.91954270371181	-9.855192583264976e-06
42.01748556049618	-9.660179954903285e-06
42.115428417280555	-9.469028578120819e-06
42.21337127406493	-9.281661994999433e-06
42.311314130849304	-9.098005261594583e-06
42.409256987633675	-8.917984917949422e-06
42.50719984441805	-8.741528958715548e-06
42.605142701202425	-8.568566804342853e-06
42.703085557986796	-8.399029272852556e-06
42.801028414771174	-8.23284855216447e-06
42.89897127155554	-8.069958172963912e-06
42.99691412833992	-7.910292982119524e-06
43.09485698512429	-7.753789116617335e-06
43.192799841908666	-7.600383978019458e-06
43.29074269869304	-7.450016207415664e-06
43.38868555547741	-7.3026256608905955e-06
43.48662841226179	-7.158153385451879e-06
43.58457126904615	-7.016541595462058e-06
43.68251412583053	-6.877733649508103e-06
43.7804569826149	-6.741674027762916e-06
43.87839983939928	-6.608308309752532e-06
43.97634269618365	-6.4775831526149894e-06
44.07428555296802	-6.349446269738787e-06
44.17222840975239	-6.223846409861118e-06
44.27017126653677	-6.100733336559801e-06
44.36811412332114	-5.980057808161656e-06
44.46605698010551	-5.861771558047178e-06
44.563999836889884	-5.7458272753341274e-06
44.66194269367426	-5.63217858596577e-06
44.75988555045864	-5.520780034149119e-06
44.857828407243005	-5.411587064174648e-06
44.95577126402738	-5.304556002603004e-06
45.05371412081176	-5.199644040775603e-06
45.15165697759613	-5.096809217715003e-06
45.249599834380504	-4.99601040331737e-06
45.347542691164875	-4.8972072819116115e-06
45.44548554794925	-4.800360336133388e-06
45.543428404733625	-4.7054308311110846e-06
45.641371261517996	-4.612380798980865e-06
45.73931411830237	-4.521173023687695e-06
45.83725697508674	-4.4317710261066976e-06
45.93519983187112	-4.344139049441723e-06
46.033142688655495	-4.258242044941252e-06
46.13108554543986	-4.174045657854064e-06
46.22902840222424	-4.091516213704994e-06
46.326971259008616	-4.01062070481607e-06
46.42491411579299	-3.931326777107442e-06
46.52285697257736	-3.853602717146453e-06
46.62079982936172	-3.7774174394764013e-06
46.71874268614611	-3.7027404741732413e-06
46.81668554293048	-3.629541954650313e-06
46.91462839971485	-3.5577926057253624e-06
47.01257125649922	-3.4874637319067864e-06
47.11051411328361	-3.4185272059047844e-06
47.20845697006797	-3.3509554573903406e-06
47.30639982685235	-3.2847214619646904e-06
47.40434268363671	-3.2197987303449647e-06
47.50228554042109	-3.156161297771729e-06
47.60022839720547	-3.093783713626883e-06
47.698171253989834	-3.032641031247567e-06
47.79611411077421	-2.9727087979388674e-06
47.894056967558576	-2.9139630452140453e-06
47.99199982434296	-2.8563802791847214e-06
48.08994268112733	-2.7999374711813774e-06
48.187885537911704	-2.7446120485237688e-06
48.285828394696075	-2.690381885507249e-06
48.383771251480454	-2.637225294541824e-06
48.481714108264825	-2.585121017484104e-06
48.579656965049196	-2.5340482171276793e-06
48.67759982183357	-2.483986468869131e-06
48.775542678617946	-2.4349157525439003e-06
48.873485535402324	-2.3868164444090438e-06
48.97142839218669	-2.3396693092986843e-06
49.069371248971066	-2.2934554929320497e-06
49.167314105755445	-2.248156514362588e-06
49.265256962539816	-2.203754258596865e-06
49.36319981932419	-2.160230969337284e-06
49.46114267610856	-2.117569241885934e-06
49.55908553289294	-2.0757520161865926e-06
49.65702838967731	-2.0347625699847622e-06
49.75497124646168	-1.994584512160277e-06
49.85291410324605	-1.95520177614635e-06
49.950856960030436	-1.916598613526898e-06
50.0487998168148	-1.878759587717409e-06
50.14674267359918	-1.8416695678011014e-06
50.24468553038354	-1.8053137224773127e-06
50.34262838716792	-1.76967751411922e-06
50.4405712439523	-1.7347466929667368e-06
50.53851410073667	-1.700507291422984e-06
50.63645695752104	-1.6669456184686851e-06
50.734399814305405	-1.6340482541858656e-06
50.83234267108979	-1.6018020443879706e-06
50.93028552787416	-1.5701940953592742e-06
51.02822838465853	-1.5392117686920752e-06
51.126171241442904	-1.5088426762446467e-06
51.22411409822728	-1.4790746751711317e-06
51.322056955011654	-1.4498958630692994e-06
51.41999981179603	-1.4212945732231978e-06
51.517942668580396	-1.39325936993495e-06
51.615885525364774	-1.3657790439456935e-06
51.713828382149146	-1.3388426079513896e-06
51.81177123893352	-1.3124392922221132e-06
51.909714095717895	-1.2865585402674094e-06
52.007656952502266	-1.261190004645302e-06
52.105599809286645	-1.2363235427972623e-06
52.20354266607101	-1.2119492130009894e-06
52.30148552285539	-1.1880572703979379e-06
52.399428379639765	-1.1646381630869758e-06
52.49737123642414	-1.1416825283128774e-06
52.59531409320851	-1.119181188706586e-06
52.69325694999288	-1.0971251486289088e-06
52.79119980677725	-1.0755055905659786e-06
52.88914266356163	-1.0543138716023055e-06
52.987085520346	-1.0335415199628068e-06
53.08502837713037	-1.0131802316238136e-06
53.18297123391474	-9.932218669959134e-07
53.28091409069912	-9.73658447661414e-07
53.3788569474835	-9.544821531836392e-07
53.47679980426786	-9.356853179880546e-07
53.57474266105224	-9.172604282836524e-07
53.67268551783662	-8.992001190590277e-07
53.77062837462098	-8.814971711502816e-07
53.86857123140536	-8.641445083319454e-07
53.966514088189726	-8.4713519450556e-07
54.06445694497411	-8.304624309084006e-07
54.16239980175848	-8.141195534112386e-07
54.260342658542854	-7.981000298362493e-07
54.358285515327225	-7.823974573524667e-07
54.45622837211161	-7.670055599172137e-07
54.554171228895974	-7.519181857606343e-07
54.652114085680346	-7.371293049248039e-07
54.75005694246472	-7.226330068516826e-07
54.847999799249095	-7.084234980227702e-07
54.94594265603347	-6.944950996389903e-07
55.04388551281784	-6.808422453465334e-07
55.141828369602216	-6.674594790144049e-07
55.23977122638658	-6.54341452549321e-07
55.337714083170965	-6.414829237623043e-07
55.43565693995534	-6.288787542582737e-07
55.53359979673971	-6.165239073945535e-07
55.63154265352408	-6.044134462623738e-07
55.72948551030846	-5.925425317028443e-07
55.82742836709283	-5.809064203889711e-07
55.9253712238772	-5.695004629077016e-07
56.02331408066157	-5.583201019194908e-07
56.12125693744595	-5.47360870317894e-07
56.21919979423033	-5.366183894609385e-07
56.31714265101469	-5.260883674025186e-07
56.41508550779907	-5.157665971812182e-07
56.51302836458345	-5.056489551435966e-07
56.61097122136782	-4.957313992875869e-07
56.70891407815219	-4.86009967654708e-07
56.80685693493656	-4.7648077672803583e-07
56.90479979172094	-4.671400198933382e-07
57.00274264850531	-4.5798396591744766e-07
57.10068550528968	-4.490089574467435e-07
57.198628362074054	-4.4021140954296244e-07
57.29657121885844	-4.31587808264948e-07
57.3945140756428	-4.2313470924467535e-07
57.49245693242718	-4.14848736317823e-07
57.590399789211546	-4.067265801773219e-07
57.688342645995924	-3.9876499703839677e-07
57.7862855027803	-3.90960807352415e-07
57.884228359564666	-3.8331089452935787e-07
57.982171216349045	-3.758122036890056e-07
58.08011407313341	-3.6846174044370626e-07
58.178056929917794	-3.6125656969837617e-07
58.275999786702165	-3.5419381447921343e-07
58.37394264348654	-3.4727065477677194e-07
58.47188550027091	-3.4048432642348774e-07
58.56982835705529	-3.338321199855655e-07
58.66777121383966	-3.273113796778356e-07
58.76571407062403	-3.209195023073214e-07
58.8636569274084	-3.1465393622255554e-07
58.96159978419278	-3.085121803002164e-07
59.059542640977156	-3.024917829489933e-07
59.15748549776152	-2.965903411105886e-07
59.2554283545459	-2.908054993210017e-07
59.35337121133027	-2.851349487488568e-07
59.45131406811465	-2.795764262882721e-07
59.54925692489902	-2.741277136431238e-07
59.64719978168339	-2.687866364400182e-07
59.74514263846777	-2.635510633613609e-07
59.84308549525214	-2.5841890529852284e-07
59.94102835203652	-2.5338811450214094e-07
60.03897120882088	-2.4845668377547764e-07
60.13691406560527	-2.43622645664914e-07
60.23485692238963	-2.3888407167914993e-07
60.332799779174	-2.342390715112791e-07
60.43074263595838	-2.296857922780893e-07
60.52868549274275	-2.25222417799549e-07
60.62662834952713	-2.2084716784672665e-07
60.7245712063115	-2.1655829744711695e-07
60.822514063095866	-2.123540961784902e-07
60.920456919880245	-2.0823288749144698e-07
61.018399776664616	-2.0419302802910604e-07
61.116342633448994	-2.002329069812379e-07
61.214285490233365	-1.9635094542692014e-07
61.31222834701773	-1.9254559571450892e-07
61.410171203802115	-1.888153408358723e-07
61.50811406058648	-1.851586938235883e-07
61.606056917370864	-1.8157419715675568e-07
61.70399977415523	-1.7806042216680786e-07
61.80194263093961	-1.7461596848351091e-07
61.89988548772398	-1.712394634580037e-07
61.99782834450835	-1.6792956163176187e-07
62.09577120129273	-1.6468494417686316e-07
62.193714058077106	-1.6150431838791746e-07
62.29165691486148	-1.5838641715390793e-07
62.38959977164584	-1.5532999845586558e-07
62.48754262843021	-1.523338448645454e-07
62.58548548521459	-1.493967630639364e-07
62.683428341998976	-1.4651758335755176e-07
62.78137119878334	-1.436951592235139e-07
62.87931405556771	-1.4092836683232886e-07
62.977256912352075	-1.382161046105848e-07
63.075199769136454	-1.3555729279891168e-07
63.17314262592084	-1.329508730156829e-07
63.2710854827052	-1.3039580784367916e-07
63.369028339489574	-1.27891080396663e-07
63.46697119627395	-1.2543569393474698e-07
63.564914053058324	-1.2302867145106175e-07
63.6628569098427	-1.206690552813863e-07
63.76079976662707	-1.1835590672813033e-07
63.85874262341145	-1.1608830568144753e-07
63.95668548019582	-1.138653502489602e-07
64.05462833698019	-1.1168615639696584e-07
64.15257119376457	-1.095498576031249e-07
64.25051405054894	-1.0745560449192889e-07
64.34845690733331	-1.0540256451609172e-07
64.44639976411769	-1.0338992160924025e-07
64.54434262090206	-1.0141687586443731e-07
64.64228547768643	-9.948264321844554e-08
64.74022833447081	-9.758645513025188e-08
64.83817119125519	-9.572755827107338e-08
64.93611404803956	-9.390521424306512e-08
65.03405690482393	-9.211869925784682e-08
65.1319997616083	-9.036730386095248e-08
65.22994261839268	-8.865033265054036e-08
65.32788547517704	-8.696710399323331e-08
65.42582833196141	-8.531694974570015e-08
65.5237711887458	-8.369921500780922e-08
65.62171404553017	-8.21132578384703e-08
65.71965690231454	-8.055844900591923e-08
65.81759975909891	-7.90341717466131e-08
65.9155426158833	-7.753982150116506e-08
66.01348547266767	-7.607480569046133e-08
66.11142832945202	-7.463854345733712e-08
66.20937118623641	-7.323046545704546e-08
66.3073140430208	-7.185001361328456e-08
66.40525689980515	-7.049664090292715e-08
66.50319975658952	-6.916981113500977e-08
66.6011426133739	-6.786899872972262e-08
66.69908547015828	-6.659368852323093e-08
66.79702832694265	-6.534337554379518e-08
66.89497118372702	-6.411756483094402e-08
66.9929140405114	-6.291577121159505e-08
67.09085689729577	-6.17375191278388e-08
67.18879975408014	-6.058234243602132e-08
67.28674261086452	-5.944978422304806e-08
67.3846854676489	-5.833939662268789e-08
67.48262832443326	-5.725074064335814e-08
67.58057118121764	-5.618338597294854e-08
67.678514038002	-5.513691083243794e-08
67.77645689478639	-5.411090179219942e-08
67.87439975157075	-5.310495359978608e-08
67.97234260835513	-5.211866903928882e-08
68.0702854651395	-5.115165875625235e-08
68.16822832192388	-5.020354110268257e-08
68.26617117870825	-4.927394199066457e-08
68.36411403549262	-4.836249474024044e-08
68.462056892277	-4.746883993015743e-08
68.55999974906136	-4.659262525722675e-08
68.65794260584573	-4.573350539568246e-08
68.75588546263012	-4.4891141853670446e-08
68.85382831941449	-4.406520284695834e-08
68.95177117619886	-4.325536316116506e-08
69.04971403298323	-4.2461304013990407e-08
69.14765688976762	-4.1682712943276236e-08
69.24559974655197	-4.091928367210644e-08
69.34354260333635	-4.017071598825787e-08
69.44148546012073	-3.943671562078119e-08
69.53942831690512	-3.8716994133802744e-08
69.63737117368947	-3.801126879162506e-08
69.73531403047384	-3.731926246400948e-08
69.83325688725823	-3.66407035113679e-08
69.9311997440426	-3.5975325667084395e-08
70.02914260082697	-3.5322867937057944e-08
70.12708545761134	-3.4683074496374917e-08
70.22502831439571	-3.405569459172208e-08
70.32297117118009	-3.344048242657875e-08
70.42091402796446	-3.2837197072240315e-08
70.51885688474884	-3.224560237597178e-08
70.61679974153321	-3.166546686055078e-08
70.71474259831757	-3.109656362668102e-08
70.81268545510196	-3.0538670275496567e-08
70.91062831188633	-2.999156880236498e-08
71.00857116867071	-2.9455045530872377e-08
71.10651402545507	-2.8928891006626573e-08
71.20445688223946	-2.8412899928372186e-08
71.30239973902383	-2.7906871056144628e-08
71.40034259580818	-2.741060713664496e-08
71.49828545259257	-2.692391482287462e-08
71.59622830937695	-2.6446604596640245e-08
71.69417116616133	-2.597849069105858e-08
71.79211402294568	-2.5519391015931585e-08
71.89005687973005	-2.506912709460215e-08
71.98799973651444	-2.462752397210838e-08
72.08594259329881	-2.4194410172130465e-08
72.18388545008318	-2.3769617599404712e-08
72.28182830686755	-2.3352981499540637e-08
72.37977116365194	-2.294434037578583e-08
72.4777140204363	-2.2543535923011754e-08
72.57565687722068	-2.2150412981790617e-08
72.67359973400505	-2.1764819458030484e-08
72.77154259078942	-2.1386606271311907e-08
72.8694854475738	-2.1015627291744e-08
72.96742830435817	-2.0651739285430964e-08
73.06537116114255	-2.029480185419836e-08
73.16331401792692	-1.994467737818954e-08
73.2612568747113	-1.96012309642024e-08
73.35919973149566	-1.926433039115605e-08
73.45714258828004	-1.8933846049817114e-08
73.5550854450644	-1.8609650911227636e-08
73.65302830184879	-1.829162044347028e-08
73.75097115863316	-1.7979632594446966e-08
73.84891401541753	-1.7673567725865017e-08
73.94685687220189	-1.7373308564444212e-08
74.04479972898628	-1.7078740161734284e-08
74.14274258577066	-1.6789749845322013e-08
74.24068544255502	-1.6506227172908457e-08
74.33862829933939	-1.622806389499669e-08
74.43657115612378	-1.595515389461828e-08
74.53451401290815	-1.568739316724198e-08
74.63245686969252	-1.5424679757630086e-08
74.73039972647689	-1.516691373974712e-08
74.82834258326127	-1.49139971564864e-08
74.92628544004565	-1.4665833996708581e-08
75.02422829683	-1.4422330149318994e-08
75.12217115361439	-1.4183393365955453e-08
75.22011401039876	-1.394893322654624e-08
75.31805686718313	-1.371886109625761e-08
75.4159997239675	-1.3493090099662247e-08
75.51394258075187	-1.3271535086297237e-08
75.61188543753626	-1.3054112581871351e-08
75.70982829432063	-1.2840740771043935e-08
75.807771151105	-1.2631339454372497e-08
75.90571400788937	-1.242583003109161e-08
76.00365686467374	-1.2224135441709783e-08
76.10159972145811	-1.2026180162268973e-08
76.1995425782425	-1.1831890164162348e-08
76.29748543502687	-1.1641192879692344e-08
76.39542829181124	-1.1454017181979468e-08
76.49337114859561	-1.1270293353390522e-08
76.59131400537999	-1.1089953053966822e-08
76.68925686216437	-1.0912929295592736e-08
76.78719971894873	-1.073915642477465e-08
76.88514257573311	-1.0568570076718476e-08
76.98308543251748	-1.0401107169589235e-08
77.08102828930186	-1.0236705870069156e-08
77.17897114608623	-1.0075305564656084e-08
77.2769140028706	-9.916846842442471e-09
77.37485685965498	-9.76127146928397e-09
77.47279971643934	-9.608522361967963e-09
77.57074257322371	-9.45854357673289e-09
77.6686854300081	-9.31128026334579e-09
77.76662828679247	-9.166678667972361e-09
77.86457114357684	-9.024686095864935e-09
77.96251400036121	-8.885250902751962e-09
78.06045685714558	-8.748322457526006e-09
78.15839971392997	-8.61385113937352e-09
78.25634257071432	-8.481788303333e-09
78.35428542749871	-8.352086277424756e-09
78.45222828428308	-8.224698322468785e-09
78.55017114106745	-8.0995786320847e-09
78.64811399785182	-7.976682303990186e-09
78.74605685463621	-7.855965328520352e-09
78.84399971142058	-7.737384559926197e-09
78.94194256820495	-7.620897716374548e-09
79.03988542498932	-7.506463348376374e-09
79.1378282817737	-7.394040827306167e-09
79.23577113855806	-7.283590325310828e-09
79.33371399534244	-7.175072812439492e-09
79.4316568521268	-7.0684500250718455e-09
79.5295997089112	-6.963684457307646e-09
79.62754256569556	-6.860739346615942e-09
79.72548542247993	-6.7595786623544275e-09
79.8234282792643	-6.660167079938087e-09
79.92137113604869	-6.5624699808391564e-09
80.01931399283305	-6.466453432496041e-09
80.11725684961742	-6.372084165352114e-09
80.21519970640179	-6.279329578595971e-09
80.31314256318618	-6.188157711459916e-09
80.41108541997055	-6.098537237479642e-09
80.50902827675493	-6.010437453013617e-09
80.6069711335393	-5.923828257151999e-09
80.70491399032366	-5.838680151716631e-09
80.80285684710803	-5.754964215429675e-09
80.90079970389242	-5.672652106783736e-09
80.99874256067679	-5.5917160382105084e-09
81.09668541746115	-5.512128776080751e-09
81.19462827424555	-5.433863632093826e-09
81.29257113102992	-5.35689443170605e-09
81.39051398781429	-5.281195534221706e-09
81.48845684459866	-5.206741798351248e-09
81.58639970138303	-5.1335085822112935e-09
81.6843425581674	-5.061471728973854e-09
81.78228541495176	-4.990607566866326e-09
81.88022827173614	-4.920892889080433e-09
81.97817112852053	-4.852304945161771e-09
82.07611398530491	-4.784821441009797e-09
82.17405684208927	-4.718420518786769e-09
82.27199969887364	-4.653080759787886e-09
82.36994255565801	-4.588781164350244e-09
82.46788541244239	-4.525501148982664e-09
82.56582826922676	-4.463220537755248e-09
82.66377112601113	-4.4019195594292124e-09
82.7617139827955	-4.341578827365843e-09
82.85965683957988	-4.28217934239663e-09
82.95759969636426	-4.223702478472531e-09
83.05554255314864	-4.166129985534087e-09
83.15348540993301	-4.109443969420395e-09
83.25142826671737	-4.0536268861287945e-09
83.34937112350174	-3.998661550425309e-09
83.44731398028613	-3.944531107143155e-09
83.5452568370705	-3.891219036923027e-09
83.64319969385487	-3.83870915621309e-09
83.74114255063925	-3.786985588567508e-09
83.83908540742362	-3.736032781867302e-09
83.93702826420798	-3.6858354882293183e-09
84.03497112099237	-3.6363787611360793e-09
84.13291397777674	-3.5876479525656197e-09
84.23085683456111	-3.5396287015108955e-09
84.32879969134547	-3.4923069311096265e-09
84.42674254812987	-3.4456688486442913e-09
84.52468540491424	-3.399700931191391e-09
84.62262826169861	-3.3543899198811342e-09
84.72057111848298	-3.309722822767589e-09
84.81851397526735	-3.2656869062182305e-09
84.91645683205172	-3.2222696863034994e-09
85.0143996888361	-3.1794589259266426e-09
85.11234254562046	-3.137242629083415e-09
85.21028540240485	-3.095609043732225e-09
85.30822825918924	-3.054546644573246e-09
85.40617111597359	-3.0140441359185563e-09
85.50411397275796	-2.9740904488219858e-09
85.60205682954235	-2.9346747267283807e-09
85.6999996863267	-2.895786334084037e-09
85.79794254311108	-2.8574148419859622e-09
85.89588539989545	-2.819550033922167e-09
85.99382825667983	-2.782181891420922e-09
86.0917711134642	-2.745300591180608e-09
86.18971397024858	-2.7088965136801604e-09
86.28765682703296	-2.6729602202178777e-09
86.38559968381733	-2.637482464392013e-09
86.48354254060169	-2.6024541806201826e-09
86.58148539738607	-2.567866487009508e-09
86.67942825417045	-2.533710671005877e-09
86.77737111095482	-2.4999782008745335e-09
86.8753139677392	-2.466660702738888e-09
86.97325682452357	-2.4337499806715624e-09
87.07119968130795	-2.4012379908630432e-09
87.1691425380923	-2.369116858842573e-09
87.26708539487669	-2.3373788536468223e-09
87.36502825166106	-2.306016407910916e-09
87.46297110844543	-2.2750221006475506e-09
87.5609139652298	-2.244388657246988e-09
87.65885682201419	-2.2141089494770556e-09
87.75679967879856	-2.1841759840025612e-09
87.85474253558293	-2.1545829138658685e-09
87.9526853923673	-2.12532302126602e-09
88.05062824915167	-2.0963897290393222e-09
88.14857110593604	-2.0677765834384626e-09
88.24651396272041	-2.0394772570026493e-09
88.34445681950479	-2.0114855571680596e-09
88.44239967628916	-1.9837954061768007e-09
88.54034253307354	-1.956400846817204e-09
88.63828538985791	-1.929296045293981e-09
88.73622824664228	-1.902475276877467e-09
88.83417110342667	-1.8759329316439307e-09
88.93211396021103	-1.8496635173457116e-09
89.0300568169954	-1.8236616393201917e-09
89.12799967377977	-1.7979220205808243e-09
89.22594253056415	-1.7724394845962482e-09
89.32388538734853	-1.7472089524201395e-09
89.42182824413291	-1.7222254513016586e-09
89.51977110091728	-1.6974841060749952e-09
89.61771395770165	-1.672980139159378e-09
89.71565681448601	-1.6487088648187747e-09
89.8135996712704	-1.624665692032038e-09
89.91154252805477	-1.6008461187526129e-09
90.00948538483912	-1.577245734778681e-09
90.10742824162352	-1.5538602131427157e-09
90.2053710984079	-1.5306853215920822e-09
90.30331395519227	-1.5077168996278412e-09
90.40125681197664	-1.484950875725641e-09
90.49919966876101	-1.4623832615954268e-09
90.59714252554538	-1.4400101435709876e-09
90.69508538232975	-1.4178276854801122e-09
90.79302823911412	-1.3958321286445817e-09
90.8909710958985	-1.3740197861398794e-09
90.98891395268289	-1.352387051405628e-09
91.08685680946725	-1.330930378154565e-09
91.18479966625162	-1.3096463033337107e-09
91.28274252303599	-1.288531421293048e-09
91.38068537982038	-1.2675823981362577e-09
91.47862823660473	-1.2467959659804233e-09
91.5765710933891	-1.2261689258261776e-09
91.67451395017348	-1.2056981332069652e-09
91.77245680695786	-1.1853805125397775e-09
91.87039966374223	-1.1652130456445716e-09
91.96834252052662	-1.145192780354698e-09
92.06628537731099	-1.125316813296025e-09
92.16422823409535	-1.1055823071078217e-09
92.26217109087972	-1.085986476092019e-09
92.3601139476641	-1.066526589083358e-09
92.45805680444847	-1.0471999751896842e-09
92.55599966123285	-1.0280040065710585e-09
92.65394251801723	-1.0089361185308027e-09
92.7518853748016	-9.899937894244483e-10
92.84982823158597	-9.711745492701914e-10
92.94777108837035	-9.5247597687874e-10
93.04571394515472	-9.338957027234642e-10
93.14365680193909	-9.154313974598035e-10
93.24159965872344	-8.970807834058574e-10
93.33954251550783	-8.788416259319437e-10
93.43748537229222	-8.607117334605946e-10
93.53542822907659	-8.426889632068621e-10
93.63337108586096	-8.247712068275645e-10
93.73131394264533	-8.069564047720354e-10
93.8292567994297	-7.892425348015299e-10
93.92719965621407	-7.716276148593712e-10
94.02514251299844	-7.541097002008051e-10
94.12308536978281	-7.366868920034407e-10
94.22102822656721	-7.193573201463632e-10
94.31897108335157	-7.021191604310285e-10
94.41691394013594	-6.849706144902164e-10
94.51485679692031	-6.679099241387769e-10
94.6127996537047	-6.509353742437764e-10
94.71074251048906	-6.340452697633165e-10
94.80868536727343	-6.172379587077138e-10
94.90662822405781	-6.005118177887633e-10
95.00457108084218	-5.838652581600306e-10
95.10251393762655	-5.672967196765649e-10
95.20045679441094	-5.508046766351823e-10
95.29839965119531	-5.343876291640301e-10
95.39634250797967	-5.180441118330287e-10
95.49428536476405	-5.017726850434282e-10
95.59222822154842	-4.855719407681031e-10
95.6901710783328	-4.694404939411105e-10
95.78811393511715	-4.5337699106813163e-10
95.88605679190155	-4.3738010448617525e-10
95.98399964868592	-4.2144853236358645e-10
96.08194250547028	-4.0558100157018026e-10
96.17988536225467	-3.8977625619666067e-10
96.27782821903904	-3.740330747755037e-10
96.37577107582341	-3.58350253060072e-10
96.47371393260778	-3.427266155052048e-10
96.57165678939215	-3.2716100952692293e-10
96.66959964617654	-3.1165229976213167e-10
96.76754250296091	-2.961993766790717e-10
96.86548535974528	-2.8080115944745395e-10
96.96342821652965	-2.6545657871758255e-10
97.06137107331402	-2.501645881009429e-10
97.15931393009839	-2.349241699104971e-10
97.25725678688276	-2.1973431506965085e-10
97.35519964366713	-2.0459404320328602e-10
97.45314250045153	-1.8950238828702092e-10
97.55108535723589	-1.744584072576618e-10
97.64902821402026	-1.5946117427289438e-10
97.74697107080465	-1.4450978071129248e-10
97.84491392758902	-1.2960333804246373e-10
