0.0	-0.14999999999999997
0.09796034216346627	-0.11223045685522065
0.19592068432693255	-0.09750173952426412
0.2938810264903988	-0.08818070730891722
0.3918413686538651	-0.08134819993607306
0.4898017108173314	-0.07595337794389012
0.5877620529807976	-0.0714966351112222
0.685722395144264	-0.06770086036302075
0.7836827373077302	-0.06439624404122844
0.8816430794711965	-0.06147115957434616
0.9796034216346629	-0.058848285934882366
1.077563763798129	-0.056471846868182435
1.1755241059615953	-0.05430028179756066
1.2734844481250616	-0.052301790366395394
1.371444790288528	-0.05045149633514829
1.4694051324519941	-0.0487295721731913
1.5673654746154604	-0.04711995849438086
1.6653258167789269	-0.04560946537270145
1.763286158942393	-0.044187126539219856
1.8612465011058592	-0.042843725601521
1.9592068432693257	-0.04157144207044514
2.0571671854327915	-0.04036358258272024
2.155127527596258	-0.0392143738396315
2.2530878697597245	-0.03811880100101004
2.3510482119231906	-0.03707248006264683
2.4490085540866566	-0.036071555987130285
2.546968896250123	-0.035112620593483086
2.6449292384135896	-0.03419264577829635
2.742889580577056	-0.03330892875687038
2.840849922740522	-0.032459046818428636
2.9388102649039882	-0.031640819678573774
3.0367706070674547	-0.030852277948113273
3.1347309492309208	-0.030091636563579084
3.2326912913943873	-0.029357272271344038
3.3306516335578538	-0.02864770444541385
3.4286119757213203	-0.027961578663863042
3.526572317884786	-0.02729765258137549
3.6245326600482524	-0.026654783723374056
3.7224930022117184	-0.026031918896608025
3.8204533443751854	-0.025428084966138218
3.9184136865386514	-0.024842380792656042
4.016374028702118	-0.024273970159438395
4.114334370865583	-0.02372207554683489
4.21229471302905	-0.02318597263543109
4.310255055192516	-0.022664985438031627
4.408215397355982	-0.022158481976212487
4.506175739519449	-0.02166587043007111
4.604136081682916	-0.02118659570047961
4.702096423846381	-0.020720136332035753
4.800056766009847	-0.020266001752338305
4.898017108173313	-0.019823729789450694
4.99597745033678	-0.019392884434672283
5.093937792500246	-0.018973053822179724
5.191898134663713	-0.018563848400871004
5.289858476827179	-0.018164899276954083
5.387818818990646	-0.01777585670856275
5.485779161154112	-0.017396388736030333
5.583739503317578	-0.01702617993346873
5.681699845481044	-0.01666493026903838
5.77966018764451	-0.016312354062796307
5.8776205298079764	-0.015968179032309796
5.9755808719714425	-0.015632145417352937
6.073541214134909	-0.015304005175986698
6.1715015562983755	-0.014983521245181057
6.2694618984618415	-0.014670466859888397
6.367422240625308	-0.014364624925135232
6.4653825827887745	-0.014065787436277337
6.563342924952241	-0.013773754943072007
6.6613032671157075	-0.013488336053669933
6.759263609279174	-0.013209346975026022
6.8572239514426405	-0.012936611086579246
6.955184293606105	-0.012669958544363622
7.053144635769572	-0.012409225912988806
7.151104977933039	-0.012154255823175666
7.249065320096505	-0.011904896652751532
7.347025662259971	-0.011661002229206473
7.444986004423437	-0.011422431552087279
7.542946346586905	-0.011189048533663244
7.640906688750371	-0.010960721756439026
7.738867030913837	-0.010737324246216573
7.836827373077303	-0.010518733259522444
7.93478771524077	-0.010304830084319498
8.032748057404236	-0.010095499853014878
8.130708399567702	-0.009890631366860048
8.228668741731166	-0.0096901169309144
8.326629083894632	-0.009493852198812797
8.4245894260581	-0.00930173602663967
8.522549768221566	-0.009113670335268775
8.620510110385032	-0.008929559980579342
8.718470452548498	-0.008749312631005932
8.816430794711964	-0.008572838651922095
8.91439113687543	-0.008400050996396768
9.012351479038898	-0.00823086510189776
9.110311821202364	-0.008065198792549272
9.208272163365832	-0.00790297218657989
9.306232505529298	-0.007744107608624796
9.404192847692762	-0.0075885295065707065
9.502153189856228	-0.007436164372655047
9.600113532019694	-0.007286940668551652
9.69807387418316	-0.0071407887541946906
9.796034216346627	-0.006997640820110174
9.893994558510094	-0.0068574308230406845
9.99195490067356	-0.006720094424664091
10.089915242837026	-0.006585568933220692
10.187875585000493	-0.0064537932478762276
10.285835927163959	-0.006324707805659758
10.383796269327426	-0.0061982545308265505
10.481756611490892	-0.006074376786505954
10.579716953654358	-0.005953019328503776
10.677677295817826	-0.00583412826113716
10.775637637981292	-0.0057176509949880576
10.873597980144758	-0.005603536206468738
10.971558322308224	-0.005491733799099701
11.06951866447169	-0.005382194866406715
11.167479006635157	-0.005274871656349677
11.265439348798623	-0.00516971753720143
11.363399690962089	-0.005066686964799879
11.461360033125555	-0.004965735451101427
11.55932037528902	-0.0048668195339683345
11.657280717452487	-0.004769896748126516
11.755241059615953	-0.004674925597234368
11.853201401779419	-0.0045818655270066745
11.951161743942885	-0.004490676899341034
12.049122086106353	-0.0044013209673973595
12.147082428269819	-0.004313759851583929
12.245042770433285	-0.004227956516406222
12.343003112596751	-0.004143874748137249
12.440963454760217	-0.004061479133270559
12.538923796923683	-0.003980735037719231
12.63688413908715	-0.003901608586726369
12.734844481250615	-0.003824066645454423
12.832804823414083	-0.003748076800222626
12.930765165577549	-0.0036736073403634624
13.028725507741015	-0.003600627240670697
13.126685849904481	-0.003529106144413046
13.224646192067947	-0.003459014346888932
13.322606534231415	-0.003390322779499123
13.420566876394881	-0.0033230029943152554
13.518527218558347	-0.003257027149123486
13.616487560721815	-0.0031923679929235244
13.714447902885281	-0.0031289988518644024
13.812408245048744	-0.0030668936155992467
13.91036858721221	-0.0030060267240423085
14.008328929375677	-0.0029463731545122393
14.106289271539143	-0.002887908409246573
14.20424961370261	-0.00283060850327297
14.302209955866077	-0.0027744499526236098
14.400170298029543	-0.002719409762879751
14.49813064019301	-0.0026654654180341027
14.596090982356476	-0.002612594869659254
14.694051324519942	-0.002560776526371022
14.792011666683408	-0.0025099892435760103
14.889972008846874	-0.002460212313493297
14.987932351010341	-0.002411425455440523
15.08589269317381	-0.002363608806375221
15.183853035337274	-0.0023167429116825247
15.281813377500741	-0.002270808716200902
15.379773719664206	-0.0022257875554778936
15.477734061827674	-0.0021816611472481595
15.575694403991138	-0.0021384115831265668
15.673654746154606	-0.0020960213205092433
15.771615088318072	-0.002054473174675992
15.86957543048154	-0.0020137503110875528
15.967535772645004	-0.001973836237871668
16.06549611480847	-0.0019347147984919773
16.163456456971936	-0.0018963701645941901
16.261416799135404	-0.0018587868290240775
16.359377141298868	-0.0018219495990121242
16.457337483462332	-0.0017858435895198132
16.5552978256258	-0.0017504542167428804
16.653258167789264	-0.001715767191766802
16.751218509952732	-0.0016817685143702215
16.8491788521162	-0.001648444466972009
16.947139194279668	-0.0016157816087179274
17.045099536443132	-0.0015837667697029029
17.1430598786066	-0.0015523870453252248
17.241020220770064	-0.0015216297907689337
17.338980562933532	-0.001491482615610981
17.436940905096996	-0.0014619333785496898
17.534901247260464	-0.0014329701822513583
17.63286158942393	-0.0014045813683117884
17.730821931587396	-0.0013767555123297115
17.82878227375086	-0.0013494814190892425
17.92674261591433	-0.0013227481178484462
18.024702958077796	-0.0012965448577313707
18.12266330024126	-0.0012708611032208118
18.22062364240473	-0.0012456865297493598
18.318583984568196	-0.001221011019386161
18.416544326731664	-0.0011968246566170548
18.51450466889513	-0.0011731177242157733
18.612465011058596	-0.001149880699203929
18.71042535322206	-0.001127104248897653
18.808385695385525	-0.0011047792270387632
18.906346037548992	-0.0010828966700084188
19.004306379712457	-0.0010614477931212942
19.102266721875925	-0.001040423986998349
19.20022706403939	-0.0010198168140163385
19.298187406202857	-0.000999618004832235
19.39614774836632	-0.0009798194549808512
19.49410809052979	-0.0009604132215439051
19.592068432693253	-0.0009413915198889204
19.69002877485672	-0.0009227467204763215
19.78798911702019	-0.0009044713457331957
19.885949459183657	-0.0008865580669921475
19.98390980134712	-0.0008689997014938331
20.081870143510585	-0.0008517892094516865
20.179830485674053	-0.0008349196911774452
20.277790827837517	-0.0008183843842661759
20.375751170000985	-0.000802176660839359
20.47371151216445	-0.0007862900248448527
20.571671854327917	-0.0007707181094124348
20.66963219649138	-0.0007554546742636635
20.767592538654853	-0.0007404936031749475
20.865552880818313	-0.0007258289014925863
20.963513222981785	-0.00071145469369867
21.061473565145246	-0.0006973652210267832
21.159433907308717	-0.0006835548391263452
21.25739424947218	-0.0006700180157746324
21.355354591635653	-0.0006567493286353636
21.453314933799117	-0.0006437434630629531
21.551275275962585	-0.0006309952099513555
21.64923561812605	-0.0006184994636266282
21.747195960289517	-0.0006062512197822273
21.84515630245298	-0.0005942455734561727
21.94311664461645	-0.0005824777170491783
22.041076986779913	-0.0005709429383828679
22.13903732894338	-0.0005596366187972665
22.236997671106845	-0.0005485542312867144
22.334958013270313	-0.0005376913386734152
22.432918355433777	-0.0005270435918178207
22.530878697597245	-0.0005166067278650885
22.62883903976071	-0.0005063765685268677
22.726799381924177	-0.0004963490183976501
22.824759724087645	-0.0004865200633050198
22.92272006625111	-0.0004768857686930418
23.020680408414577	-0.00046744227803815954
23.11864075057804	-0.00045818581129687555
23.21660109274151	-0.0004491126633846058
23.314561434904974	-0.00044021920268504284
23.41252177706844	-0.00043150186958939814
23.510482119231906	-0.00042295717506493765
23.608442461395374	-0.00041458169925216395
23.706402803558838	-0.0004063720900901095
23.804363145722306	-0.00039832506196911847
23.90232348788577	-0.00039043739441060367
24.000283830049238	-0.0003827059307731923
24.098244172212706	-0.0003751275769847217
24.196204514376173	-0.00036769930029960157
24.294164856539638	-0.0003604181280809721
24.392125198703106	-0.00035328114660718727
24.49008554086657	-0.00034628549990214176
24.588045883030038	-0.0003394283885888907
24.686006225193502	-0.00033270706876620607
24.78396656735697	-0.00032611885090747374
24.881926909520434	-0.00031966109878158816
24.979887251683902	-0.0003133312283953323
25.077847593847366	-0.0003071267069568571
25.17580793601083	-0.0003010450518597706
25.2737682781743	-0.0002950838296875167
25.371728620337763	-0.00028924065523752327
25.46968896250123	-0.00028351319056482113
25.567649304664698	-0.00027789914404468375
25.665609646828166	-0.0002723962694539121
25.76356998899163	-0.0002670023650704147
25.861530331155098	-0.00026171527279068954
25.959490673318562	-0.00025653287726486044
26.05745101548203	-0.00025145310504891895
26.155411357645495	-0.0002464739237738217
26.253371699808962	-0.00024159334133108605
26.351332041972427	-0.00023680940507460834
26.449292384135894	-0.0002321202010383195
26.54725272629936	-0.0002275238531693844
26.64521306846283	-0.00022301852257665796
26.74317341062629	-0.0002186024067940396
26.841133752789762	-0.0002142737390584985
26.939094094953223	-0.00021003078760240037
27.037054437116694	-0.0002058718549599022
27.13501477928016	-0.00020179527728712832
27.23297512144363	-0.0001977994236958342
27.330935463607094	-0.0001938826956002911
27.428895805770562	-0.0001900435260771526
27.526856147934026	-0.0001862803792380039
27.624816490097487	-0.00018259174961439458
27.72277683226096	-0.00017897616155503277
27.82073717442442	-0.0001754321686349873
27.91869751658789	-0.00017195835307656993
28.016657858751355	-0.00016855332518174158
28.114618200914823	-0.00016521572277574732
28.212578543078287	-0.0001619442106618117
28.310538885241755	-0.0001587374800866419
28.40849922740522	-0.00015559424821652977
28.506459569568687	-0.0001525132576238421
28.604419911732155	-0.00014949327578370276
28.702380253895623	-0.00014653309458064737
28.800340596059087	-0.00014363152982506852
28.898300938222555	-0.0001407874207792386
28.99626128038602	-0.00013799962969274476
29.094221622549487	-0.00013526704134711392
29.19218196471295	-0.0001325885626094881
29.29014230687642	-0.00012996312199512386
29.388102649039883	-0.00012738966923859187
29.48606299120335	-0.00012486717487345035
29.584023333366815	-0.00012239462982027193
29.681983675530283	-0.0001199710449828044
29.779944017693747	-0.0001175954508521875
29.877904359857215	-0.00011526689711895141
29.975864702020683	-0.00011298445229275494
30.07382504418415	-0.0001107472033296388
30.17178538634762	-0.00010855425526666309
30.269745728511076	-0.00010640473086378539
30.367706070674547	-0.00010429777025285189
30.46566641283801	-0.00010223253059352352
30.563626755001483	-0.00010020818573602693
30.66158709716494	-9.822392589058933e-05
30.75954743932841	-9.627895730342998e-05
30.857507781491876	-9.437250193914984e-05
30.955468123655347	-9.250379716943725e-05
31.05342846581881	-9.067209546793712e-05
31.151388807982276	-8.887666411114027e-05
31.24934915014574	-8.71167848852403e-05
31.34730949230921	-8.539175379876216e-05
31.445269834472676	-8.370088080090357e-05
31.543230176636143	-8.204348950544678e-05
31.641190518799608	-8.04189169201435e-05
31.73915086096308	-7.882651318146153e-05
31.837111203126543	-7.726564129458546e-05
31.935071545290008	-7.573567687856242e-05
32.03303188745347	-7.423600791650638e-05
32.13099222961694	-7.276603451073664e-05
32.22895257178041	-7.13251686427798e-05
32.32691291394387	-6.99128339381265e-05
32.42487325610734	-6.852846543562527e-05
32.52283359827081	-6.717150936147718e-05
32.620793940434275	-6.584142290767243e-05
32.718754282597736	-6.453767401485952e-05
32.816714624761204	-6.325974115945458e-05
32.914674966924665	-6.20071131450319e-05
33.01263530908814	-6.0779288897798244e-05
33.1105956512516	-5.957577726614436e-05
33.20855599341507	-5.839609682414915e-05
33.30651633557853	-5.7239775678990425e-05
33.404476677742004	-5.610635128216776e-05
33.502437019905464	-5.499537024444594e-05
33.60039736206893	-5.390638815449449e-05
33.6983577042324	-5.283896940109239e-05
33.79631804639587	-5.1792686998859874e-05
33.894278388559336	-5.076712241745908e-05
33.992238730722796	-4.9761865414154164e-05
34.090199072886264	-4.877651386969945e-05
34.18815941504973	-4.7810673627472635e-05
34.2861197572132	-4.686395833580209e-05
34.38408009937666	-4.593598929340903e-05
34.48204044154013	-4.5026395297911136e-05
34.580000783703596	-4.413481249732609e-05
34.677961125867064	-4.326088424452536e-05
34.775921468030525	-4.2404260954559884e-05
34.87388181019399	-4.15645999648054e-05
34.97184215235746	-4.0741565397901534e-05
35.06980249452093	-3.993482802737832e-05
35.167762836684396	-3.9144065145955975e-05
35.26572317884786	-3.8368960436461016e-05
35.363683521011325	-3.760920384527608e-05
35.46164386317479	-3.6864491458330024e-05
35.55960420533826	-3.6134525379491536e-05
35.65756454750172	-3.541901361143925e-05
35.75552488966519	-3.4717669938828886e-05
35.85348523182866	-3.403021381380203e-05
35.951445573992125	-3.3356370243772344e-05
36.04940591615559	-3.269586968141337e-05
36.14736625831905	-3.2048447916827213e-05
36.24532660048252	-3.1413845971864635e-05
36.34328694264599	-3.079180999652125e-05
36.44124728480946	-3.018209116739233e-05
36.539207626972924	-2.95844455881371e-05
36.63716796913639	-2.899863419191779e-05
36.73512831129985	-2.8424422645761895e-05
36.83308865346333	-2.7861581256827436e-05
36.93104899562679	-2.7309884880522797e-05
37.02900933779026	-2.6769112830435246e-05
37.12696967995372	-2.623904879006301e-05
37.22493002211719	-2.571948072627662e-05
37.32289036428065	-2.5210200804501456e-05
37.42085070644412	-2.4711005305582103e-05
37.51881104860758	-2.4221694544294684e-05
37.61677139077105	-2.3742072789456392e-05
37.71473173293452	-2.327194818564176e-05
37.812692075097985	-2.2811132676429067e-05
37.910652417261446	-2.2359441929175214e-05
38.00861275942491	-2.1916695261285598e-05
38.10657310158839	-2.1482715567931483e-05
38.20453344375185	-2.1057329251198884e-05
38.30249378591532	-2.064036615066171e-05
38.40045412807878	-2.023165947530296e-05
38.49841447024225	-1.9831045736799876e-05
38.59637481240571	-1.943836468412285e-05
38.69433515456918	-1.9053459239429496e-05
38.79229549673264	-1.8676175435244086e-05
38.89025583889612	-1.830636235285223e-05
38.98821618105958	-1.7943872061938257e-05
39.086176523223045	-1.7588559561409796e-05
39.184136865386506	-1.7240282721396818e-05
39.282097207549974	-1.6898902226386917e-05
39.38005754971344	-1.6564281519518756e-05
39.47801789187691	-1.6236286747932245e-05
39.57597823404038	-1.5914786709237706e-05
39.67393857620384	-1.5599652799037104e-05
39.77189891836731	-1.5290758959470673e-05
39.869859260530774	-1.4987981628793864e-05
39.96781960269424	-1.4691199691955133e-05
40.0657799448577	-1.4400294432142205e-05
40.16374028702117	-1.4115149483301904e-05
40.26170062918464	-1.3835650783581115e-05
40.359660971348106	-1.3561686529711218e-05
40.45762131351157	-1.3293147132269307e-05
40.555581655675034	-1.3029925171864429e-05
40.6535419978385	-1.2771915356147694e-05
40.75150234000197	-1.2519014477697442e-05
40.84946268216544	-1.227112137274444e-05
40.9474230243289	-1.2028136880696389e-05
41.04538336649237	-1.178996380446987e-05
41.143343708655834	-1.1556506871620621e-05
41.2413040508193	-1.1327672696228636e-05
41.33926439298276	-1.1103369741528991e-05
41.437224735146245	-1.0883508283322475e-05
41.535185077309706	-1.0668000374056472e-05
41.633145419473166	-1.0456759807667605e-05
41.73110576163663	-1.0249702085085259e-05
41.82906610380011	-1.0046744380430066e-05
41.92702644596357	-9.847805507889823e-06
42.02498678812703	-9.652805889237979e-06
42.12294713029049	-9.461667522008802e-06
42.22090747245397	-9.274313948282928e-06
42.318867814617434	-9.090670224114598e-06
42.4168281567809	-8.910662889545745e-06
42.51478849894436	-8.73421993922675e-06
42.61274884110784	-8.561270793606288e-06
42.710709183271305	-8.391746270704361e-06
42.808669525434766	-8.225578558439567e-06
42.906629867598234	-8.062701187496e-06
43.00459020976169	-7.90304900474109e-06
43.10255055192517	-7.746558147159647e-06
43.20051089408863	-7.593166016312565e-06
43.2984712362521	-7.442811253288403e-06
43.39643157841555	-7.29543371417058e-06
43.494391920579034	-7.150974445965511e-06
43.592352262742494	-7.0093756630345205e-06
43.69031260490596	-6.870580723963361e-06
43.78827294706942	-6.734534108923718e-06
43.8862332892329	-6.601181397440411e-06
43.984193631396366	-6.470469246650261e-06
44.08215397355983	-6.342345369940549e-06
44.180114315723294	-6.216758516047253e-06
44.27807465788676	-6.093658448546973e-06
44.37603500005023	-5.9729959257653135e-06
44.47399534221369	-5.854722681081552e-06
44.57195568437716	-5.738791403612233e-06
44.669916026540626	-5.625155719299406e-06
44.767876368704094	-5.513770172348868e-06
44.865836710867555	-5.404590207049873e-06
44.96379705303102	-5.297572149961855e-06
45.06175739519449	-5.192673192425012e-06
45.15971773735796	-5.089851373460684e-06
45.25767807952142	-4.989065562963823e-06
45.35563842168489	-4.89027544526212e-06
45.453598763848355	-4.793441502990017e-06
45.55155910601182	-4.698525001274684e-06
45.64951944817529	-4.605487972251068e-06
45.74747979033875	-4.514293199862919e-06
45.84544013250222	-4.424904204984142e-06
45.94340047466569	-4.337285230817373e-06
46.041360816829155	-4.251401228609876e-06
46.139321158992615	-4.167217843609214e-06
46.23728150115608	-4.084701401339005e-06
46.33524184331955	-4.003818894120061e-06
46.43320218548302	-3.924537967871315e-06
46.53116252764648	-3.846826909158897e-06
46.62912286980995	-3.7706546325248846e-06
46.727083211973415	-3.6959906680440198e-06
46.82504355413688	-3.622805149128424e-06
46.92300389630035	-3.5510688005946287e-06
47.02096423846381	-3.480752926949814e-06
47.11892458062729	-3.4118294009029626e-06
47.21688492279075	-3.3442706521238436e-06
47.314845264954215	-3.2780496562124756e-06
47.412805607117676	-3.213139923884774e-06
47.51076594928115	-3.149515490380087e-06
47.60872629144461	-3.0871509050791014e-06
47.70668663360808	-3.0260212213177374e-06
47.80464697577154	-2.9661019863998682e-06
47.90260731793501	-2.907369231837538e-06
48.000567660098476	-2.8497994637411514e-06
48.09852800226194	-2.793369653439974e-06
48.19648834442541	-2.738057228252546e-06
48.29444868658887	-2.6838400624730047e-06
48.39240902875235	-2.63069646851014e-06
48.49036937091581	-2.5786051882193455e-06
48.588329713079276	-2.527545384392997e-06
48.686290055242736	-2.4774966324264587e-06
48.78425039740621	-2.428438912153956e-06
48.88221073956967	-2.38035259983133e-06
48.98017108173314	-2.3332184602914878e-06
49.0781314238966	-2.2870176392524404e-06
49.176091766060075	-2.241731655766421e-06
49.274052108223536	-2.197342394838779e-06
49.372012450387004	-2.153832100170702e-06
49.469972792550465	-2.1111833670630647e-06
49.56793313471394	-2.0693791354584264e-06
49.6658934768774	-2.0284026831010748e-06
49.76385381904087	-1.988237618869628e-06
49.861814161204336	-1.9488678761960843e-06
49.959774503367804	-1.910277706663144e-06
50.05773484553127	-1.8724516736850788e-06
50.15569518769473	-1.8353746463438926e-06
50.2536555298582	-1.7990317933377058e-06
50.35161587202166	-1.763408577038481e-06
50.449576214185136	-1.728490747684915e-06
50.5475365563486	-1.6942643376789134e-06
50.645496898512064	-1.6607156559999842e-06
50.743457240675525	-1.6278312827289365e-06
50.841417582839	-1.5955980636780008e-06
50.93937792500246	-1.5640031051302346e-06
51.03733826716593	-1.5330337686767212e-06
51.135298609329396	-1.5026776661745181e-06
51.233258951492864	-1.472922654776553e-06
51.33121929365633	-1.443756832079379e-06
51.42917963581979	-1.4151685313658283e-06
51.52713997798326	-1.387146316936809e-06
51.62510032014673	-1.3596789795322422e-06
51.723060662310196	-1.332755531846874e-06
51.82102100447366	-1.3063652041495637e-06
51.918981346637125	-1.2804974399486407e-06
52.01694168880059	-1.2551418918009131e-06
52.11490203096406	-1.2302884171466368e-06
52.21286237312752	-1.205927074262295e-06
52.31082271529099	-1.1820481182881264e-06
52.408783057454464	-1.1586419973217842e-06
52.506743399617925	-1.135699348606827e-06
52.60470374178139	-1.1132109947729818e-06
52.70266408394485	-1.091167940179841e-06
52.80062442610832	-1.0695613673123212e-06
52.89858476827179	-1.0483826332537173e-06
52.99654511043526	-1.027623266227731e-06
53.09450545259872	-1.0072749622094775e-06
53.192465794762185	-9.87329581608329e-07
53.29042613692566	-9.67779146005378e-07
53.38838647908912	-9.486158349627323e-07
53.48634682125258	-9.298319829046424e-07
53.58430716341605	-9.114200760388845e-07
53.682267505579524	-8.933727493528384e-07
53.78022784774299	-8.756827836813894e-07
53.878188189906446	-8.583431027978538e-07
53.976148532069914	-8.413467706025563e-07
54.07410887423339	-8.24686988331557e-07
54.17206921639686	-8.083570918544117e-07
54.27002955856032	-7.923505489920802e-07
54.36798990072378	-7.76660956912381e-07
54.46595024288726	-7.612820395714214e-07
54.56391058505072	-7.462076451981297e-07
54.66187092721419	-7.314317438333663e-07
54.75983126937764	-7.169484249178754e-07
54.857791611541124	-7.027518949319415e-07
54.955751953704585	-6.888364750752724e-07
55.05371229586805	-6.751965989928434e-07
55.15167263803151	-6.618268105524442e-07
55.249632980194974	-6.487217616595759e-07
55.34759332235845	-6.358762101240449e-07
55.44555366452192	-6.232850175495554e-07
55.54351400668538	-6.109431472922156e-07
55.64147434884884	-5.988456624420406e-07
55.73943469101232	-5.869877238389243e-07
55.83739503317578	-5.753645881546574e-07
55.93535537533925	-5.639716059749718e-07
56.03331571750271	-5.528042199591071e-07
56.131276059666185	-5.418579629994032e-07
56.229236401829645	-5.311284564526716e-07
56.32719674399311	-5.206114083715917e-07
56.425157086156574	-5.103026117935314e-07
56.52311742832005	-5.001979430638349e-07
56.62107777048351	-4.902933601792195e-07
56.71903811264698	-4.805849011799889e-07
56.81699845481044	-4.7106868254800346e-07
56.91495879697391	-4.6174089766781563e-07
57.012919139137374	-4.5259781530504243e-07
57.11087948130084	-4.4363577810484775e-07
57.20883982346431	-4.3485120112775276e-07
57.30680016562778	-4.2624057043138577e-07
57.404760507791245	-4.178004416465062e-07
57.502720849954706	-4.095274386075774e-07
57.600681192118174	-4.014182520063146e-07
57.698641534281634	-3.934696380567272e-07
57.79660187644511	-3.8567841720896724e-07
57.89456221860857	-3.780414728718005e-07
57.99252256077204	-3.705557501637918e-07
58.0904829029355	-3.632182546960737e-07
58.18844324509897	-3.5602605137234707e-07
58.286403587262434	-3.489762632175947e-07
58.3843639294259	-3.4206607022115493e-07
58.48232427158937	-3.3529270821424847e-07
58.58028461375284	-3.286534677618646e-07
58.678244955916306	-3.22145693077618e-07
58.776205298079766	-3.15766780967317e-07
58.874165640243234	-3.095141797782786e-07
58.9721259824067	-3.033853883859657e-07
59.07008632457017	-2.9737795519785226e-07
59.16804666673363	-2.9148947715442536e-07
59.2660070088971	-2.8571759879046874e-07
59.363967351060566	-2.8006001127339134e-07
59.461927693224034	-2.745144514960959e-07
59.559888035387495	-2.6907870116124323e-07
59.657848377550955	-2.6375058589422414e-07
59.75580871971443	-2.5852797437622894e-07
59.8537690618779	-2.53408777497413e-07
59.951729404041366	-2.4839094750719804e-07
60.04968974620483	-2.434724772076309e-07
60.1476500883683	-2.386513991438772e-07
60.24561043053177	-2.3392578482342162e-07
60.34357077269524	-2.2929374393814236e-07
60.441531114858684	-2.2475342360361172e-07
60.53949145702215	-2.2030300763858283e-07
60.63745179918563	-2.1594071581290876e-07
60.735412141349094	-2.1166480315286878e-07
60.833372483512555	-2.0747355923501775e-07
60.93133282567602	-2.0336530750874082e-07
61.0292931678395	-1.9933840461594152e-07
61.127253510002966	-1.9539123974517472e-07
61.225213852166426	-1.9152223397430278e-07
61.32317419432988	-1.8772983965046635e-07
61.421134536493355	-1.8401253976431818e-07
61.51909487865682	-1.8036884734722085e-07
61.61705522082029	-1.7679730487705773e-07
61.71501556298375	-1.7329648368404676e-07
61.81297590514723	-1.6986498339673878e-07
61.910936247310694	-1.665014313650571e-07
62.00889658947416	-1.6320448212926206e-07
62.10685693163762	-1.5997281686021598e-07
62.20481727380109	-1.5680514285131334e-07
62.30277761596455	-1.5370019299032193e-07
62.40073795812802	-1.5065672525705733e-07
62.49869830029148	-1.476735222210592e-07
62.59665864245496	-1.447493905651011e-07
62.69461898461842	-1.4188316059148083e-07
62.79257932678189	-1.3907368577710544e-07
62.89053966894535	-1.3631984229126554e-07
62.98850001110882	-1.3362052855933396e-07
63.08646035327229	-1.309746648207252e-07
63.18442069543575	-1.2838119269259732e-07
63.282381037599215	-1.2583907475651561e-07
63.380341379762676	-1.2334729412502726e-07
63.47830172192616	-1.209048540570294e-07
63.57626206408962	-1.1851077754443726e-07
63.67422240625309	-1.1616410692181453e-07
63.77218274841655	-1.1386390349035545e-07
63.870143090580015	-1.1160924713899833e-07
63.968103432743476	-1.0939923597415014e-07
64.06606377490694	-1.0723298596089293e-07
64.16402411707041	-1.0510963057567181e-07
64.26198445923389	-1.0302832044176288e-07
64.35994480139735	-1.0098822301066468e-07
64.45790514356082	-9.898852221478868e-08
64.55586548572428	-9.702841814598232e-08
64.65382582788774	-9.510712673979286e-08
64.7517861700512	-9.322387945399187e-08
64.84974651221468	-9.137792295858097e-08
64.94770685437814	-8.956851885449992e-08
65.04566719654161	-8.779494335215303e-08
65.14362753870508	-8.60564869958589e-08
65.24158788086855	-8.435245438256044e-08
65.33954822303201	-8.26821638776651e-08
65.43750856519547	-8.104494733662633e-08
65.53546890735893	-7.944014985809705e-08
65.63342924952241	-7.786712949977171e-08
65.73138959168587	-7.632525702867074e-08
65.82934993384933	-7.48139156800359e-08
65.9273102760128	-7.333250089326488e-08
66.02527061817628	-7.188042008802857e-08
66.12323096033974	-7.04570924059468e-08
66.2211913025032	-6.90619485010572e-08
66.31915164466668	-6.769443029584262e-08
66.41711198683014	-6.635399076596038e-08
66.5150723289936	-6.50400937192317e-08
66.61303267115706	-6.375221357463135e-08
66.71099301332055	-6.248983516710921e-08
66.80895335548401	-6.125245352371037e-08
66.90691369764747	-6.00395736827481e-08
67.00487403981093	-5.885071046992464e-08
67.1028343819744	-5.7685388326115104e-08
67.20079472413786	-5.654314110645021e-08
67.29875506630133	-5.5423511896619997e-08
67.3967154084648	-5.4326052829177985e-08
67.49467575062828	-5.325032491132611e-08
67.59263609279174	-5.219589782973872e-08
67.6905964349552	-5.116234980417931e-08
67.78855677711867	-5.014926740380558e-08
67.88651711928213	-4.9156245374955237e-08
67.98447746144559	-4.818288650050382e-08
68.08243780360905	-4.722880142478065e-08
68.18039814577253	-4.6293608498576277e-08
68.27835848793599	-4.5376933632760384e-08
68.37631883009946	-4.447841014615971e-08
68.47427917226292	-4.359767861630612e-08
68.5722395144264	-4.273438673879545e-08
68.67019985658986	-4.188818918664639e-08
68.76816019875332	-4.1058747466789454e-08
68.8661205409168	-4.024572979377688e-08
68.96408088308026	-3.944881095201223e-08
69.06204122524372	-3.8667672157979924e-08
69.16000156740719	-3.7902000948306454e-08
69.25796190957067	-3.715149104486032e-08
69.35592225173413	-3.641584223420301e-08
69.45388259389759	-3.569476024416981e-08
69.55184293606105	-3.49879566376717e-08
69.64980327822452	-3.4295148677795835e-08
69.74776362038799	-3.3616059233088165e-08
69.84572396255145	-3.295041666274522e-08
69.94368430471492	-3.229795469893573e-08
70.0416446468784	-3.165841234634326e-08
70.13960498904186	-3.1031533778838824e-08
70.23756533120532	-3.041706824189382e-08
70.33552567336879	-2.981476993777219e-08
70.43348601553225	-2.9224397936553945e-08
70.53144635769571	-2.8645716084288714e-08
70.62940669985917	-2.807849290253878e-08
70.72736704202265	-2.7522501490792443e-08
70.82532738418612	-2.6977519448968428e-08
70.92328772634959	-2.644332877121891e-08
71.02124806851305	-2.591971577991463e-08
71.11920841067652	-2.5406471019448033e-08
71.21716875284	-2.4903389187348375e-08
71.31512909500344	-2.441026904243568e-08
71.41308943716692	-2.392691333019565e-08
71.51104977933038	-2.3453128702414346e-08
71.60901012149385	-2.2988725639683037e-08
71.70697046365731	-2.253351837390309e-08
71.80493080582079	-2.20873248136611e-08
71.90289114798425	-2.164996648108458e-08
72.00085149014772	-2.1221268419996266e-08
72.09881183231118	-2.0801059152860976e-08
72.19677217447465	-2.0389170583199647e-08
72.2947325166381	-1.9985437955406422e-08
72.39269285880158	-1.9589699771513523e-08
72.49065320096504	-1.920179772517704e-08
72.58861354312852	-1.882157665575381e-08
72.68657388529198	-1.8448884467936524e-08
72.78453422745544	-1.8083572080090364e-08
72.88249456961891	-1.772549336110908e-08
72.98045491178239	-1.7374505075881496e-08
73.07841525394585	-1.70304668250178e-08
73.1763755961093	-1.669324098744598e-08
73.27433593827278	-1.636269266874856e-08
73.37229628043625	-1.603868964662927e-08
73.4702566225997	-1.5721102310639373e-08
73.56821696476317	-1.540980363060554e-08
73.66617730692666	-1.5104669073395066e-08
73.76413764909012	-1.4805576585694495e-08
73.86209799125358	-1.4512406527995789e-08
73.96005833341704	-1.4225041625803348e-08
74.05801867558051	-1.3943366929451536e-08
74.15597901774397	-1.3667269765311767e-08
74.25393935990743	-1.3396639689869728e-08
74.3518997020709	-1.3131368452413114e-08
74.44986004423438	-1.2871349934758138e-08
74.54782038639785	-1.261648013115817e-08
74.6457807285613	-1.236665708516014e-08
74.74374107072478	-1.2121780869513202e-08
74.84170141288824	-1.1881753525895302e-08
74.9396617550517	-1.1646479041951725e-08
75.03762209721516	-1.141586330537243e-08
75.13558243937864	-1.1189814066579867e-08
75.2335427815421	-1.0968240904286943e-08
75.33150312370557	-1.0751055182444545e-08
75.42946346586903	-1.0538170024409985e-08
75.52742380803251	-1.0329500278504982e-08
75.62538415019597	-1.0124962469222933e-08
75.72334449235943	-9.924474780007821e-09
75.82130483452289	-9.727957010201776e-09
75.91926517668637	-9.53533055782401e-09
76.01722551884983	-9.346518362167655e-09
76.1151858610133	-9.161444898059303e-09
76.21314620317678	-8.98003613567675e-09
76.31110654534024	-8.802219506107063e-09
76.4090668875037	-8.627923881255381e-09
76.50702722966716	-8.457079542273133e-09
76.60498757183063	-8.289618147986267e-09
76.7029479139941	-8.125472709063782e-09
76.80090825615756	-7.964577570796694e-09
76.89886859832103	-7.806868367175547e-09
76.9968289404845	-7.65228201514999e-09
77.09478928264797	-7.500756680186884e-09
77.19274962481143	-7.352231747568703e-09
77.29070996697489	-7.2066478051725356e-09
77.38867030913836	-7.063946617638657e-09
77.48663065130182	-6.924071100539082e-09
77.58459099346528	-6.786965308896885e-09
77.68255133562877	-6.652574391263736e-09
77.78051167779223	-6.5208445925899575e-09
77.8784720199557	-6.391723216912515e-09
77.97643236211916	-6.26515861874449e-09
78.07439270428263	-6.141100165763079e-09
78.17235304644609	-6.019498235939365e-09
78.27031338860955	-5.900304183096471e-09
78.36827373077301	-5.783470334039343e-09
78.46623407293649	-5.668949948372606e-09
78.56419441509995	-5.5566972185005015e-09
78.66215475726341	-5.44666724092535e-09
78.76011509942688	-5.3388160047668904e-09
78.85807544159036	-5.2331003630607494e-09
78.95603578375382	-5.1294780327583864e-09
79.05399612591728	-5.027907563155404e-09
79.15195646808075	-4.92834832441092e-09
79.24991681024422	-4.8307604874564695e-09
79.34787715240768	-4.735105021125818e-09
79.44583749457114	-4.641343660583285e-09
79.54379783673463	-4.549438898713258e-09
79.64175817889809	-4.459353971769412e-09
79.73971852106155	-4.371052847894076e-09
79.83767886322501	-4.284500201286866e-09
79.93563920538848	-4.199661412204645e-09
80.03359954755194	-4.116502546870454e-09
80.1315598897154	-4.034990334512295e-09
80.22952023187888	-3.955092173103393e-09
80.32748057404234	-3.876776100660686e-09
80.42544091620582	-3.8000107895044985e-09
80.52340125836928	-3.724765534777924e-09
80.62136160053275	-3.6510102343557575e-09
80.71932194269621	-3.5787153888444702e-09
80.81728228485967	-3.5078520757508557e-09
80.91524262702313	-3.43839195235215e-09
81.01320296918661	-3.370307229864679e-09
81.11116331135007	-3.303570673443833e-09
81.20912365351356	-3.2381555935736054e-09
81.307083995677	-3.1740358144949413e-09
81.40504433784048	-3.1111856942967557e-09
81.50300468000394	-3.049580090474137e-09
81.6009650221674	-2.98919435992833e-09
81.69892536433088	-2.930004344615979e-09
81.79688570649434	-2.8719863715491106e-09
81.8948460486578	-2.815117232704082e-09
81.99280639082129	-2.759374176411119e-09
82.09076673298475	-2.704734907354308e-09
82.18872707514821	-2.6511775664805397e-09
82.28668741731167	-2.5986807338696445e-09
82.38464775947513	-2.5472234086433476e-09
82.4826081016386	-2.496785006095104e-09
82.58056844380206	-2.4473453490796453e-09
82.67852878596553	-2.3988846651428192e-09
82.77648912812899	-2.3513835664305434e-09
82.87444947029249	-2.3048230525589416e-09
82.97240981245595	-2.2591844962635965e-09
83.07037015461941	-2.2144496462696837e-09
83.16833049678287	-2.1706006072009304e-09
83.26629083894633	-2.1276198338393104e-09
83.3642511811098	-2.085490139735476e-09
83.46221152327325	-2.0441946685072737e-09
83.56017186543673	-2.003716899580031e-09
83.65813220760022	-1.964040648186548e-09
83.75609254976368	-1.9251500366656125e-09
83.85405289192714	-1.88702951168288e-09
83.95201323409061	-1.849663824139829e-09
84.04997357625406	-1.8130380263036112e-09
84.14793391841752	-1.777137468936894e-09
84.24589426058098	-1.7419477898172639e-09
84.34385460274446	-1.7074549108670731e-09
84.44181494490795	-1.673645038153433e-09
84.53977528707141	-1.6405046475374718e-09
84.63773562923487	-1.6080204789340306e-09
84.73569597139834	-1.5761795391818096e-09
84.8336563135618	-1.5449690934329164e-09
84.93161665572525	-1.5143766565424205e-09
85.02957699788873	-1.484389990198201e-09
85.12753734005219	-1.4549970971806454e-09
85.22549768221567	-1.4261862242327935e-09
85.32345802437914	-1.3979458448394487e-09
85.42141836654261	-1.370264662097319e-09
85.51937870870607	-1.3431316058448683e-09
85.61733905086953	-1.3165358183115722e-09
85.71529939303299	-1.2904666627283597e-09
85.81325973519647	-1.264913708976869e-09
85.91122007735991	-1.239866739329742e-09
86.00918041952337	-1.2153157340998811e-09
86.10714076168686	-1.1912508687702994e-09
86.20510110385034	-1.1676625226045611e-09
86.3030614460138	-1.1445412556855966e-09
86.40102178817726	-1.1218778203962911e-09
86.49898213034074	-1.0996631499388917e-09
86.5969424725042	-1.0778883612051515e-09
86.69490281466766	-1.0565447404255904e-09
86.7928631568311	-1.0356237546500826e-09
86.8908234989946	-1.0151170287866728e-09
86.98878384115807	-9.950163656926095e-10
87.08674418332153	-9.75313720343012e-10
87.18470452548499	-9.56001217051756e-10
87.28266486764846	-9.370711236401419e-10
87.38062520981192	-9.185158715279269e-10
87.47858555197539	-9.003280385124378e-10
87.57654589413885	-8.825003487685689e-10
87.67450623630234	-8.650256728487807e-10
87.7724665784658	-8.478970162025079e-10
87.87042692062926	-8.311075306567478e-10
87.96838726279273	-8.146504971951743e-10
88.06634760495619	-7.985193374387261e-10
88.16430794711965	-7.827075964247201e-10
88.26226828928311	-7.672089454769976e-10
88.36022863144659	-7.520171908163661e-10
88.45818897361005	-7.371262534695649e-10
88.55614931577352	-7.225301750095589e-10
88.65410965793698	-7.082231204256857e-10
88.75207000010046	-6.941993637729157e-10
88.85003034226392	-6.804532939121474e-10
88.94799068442738	-6.66979417380353e-10
89.04595102659084	-6.537723382995452e-10
89.14391136875432	-6.408267784678086e-10
89.24187171091778	-6.281375601384143e-10
89.33983205308125	-6.156996031496704e-10
89.43779239524473	-6.03507933535365e-10
89.53575273740819	-5.915576749143222e-10
89.63371307957165	-5.798440484904012e-10
89.73167342173511	-5.683623673122008e-10
89.82963376389858	-5.57108039143206e-10
89.92759410606205	-5.460765607214927e-10
90.0255544482255	-5.352635206298739e-10
90.12351479038898	-5.246645906854571e-10
90.22147513255246	-5.142755374202337e-10
90.31943547471592	-5.040921991198976e-10
90.41739581687938	-4.941105030447306e-10
90.51535615904284	-4.843264596893066e-10
90.61331650120631	-4.747361541720482e-10
90.71127684336977	-4.6533574910537404e-10
90.80923718553323	-4.561214845956979e-10
90.90719752769671	-4.4708967250313377e-10
91.00515786986018	-4.3823670505193777e-10
91.10311821202365	-4.2955903473947477e-10
91.2010785541871	-4.210531972973986e-10
91.29903889635058	-4.1271578586032345e-10
91.39699923851404	-4.0454346531656167e-10
91.4949595806775	-3.9653296656782795e-10
91.59291992284096	-3.8868108939938673e-10
91.69088026500444	-3.8098468812931405e-10
91.78884060716791	-3.734406859592349e-10
91.88680094933137	-3.660460634937329e-10
91.98476129149483	-3.587978673507926e-10
92.08272163365831	-3.5169319294091374e-10
92.18068197582177	-3.447292016879966e-10
92.27864231798523	-3.3790310667860384e-10
92.3766026601487	-3.312121755321074e-10
92.47456300231217	-3.246537361409843e-10
92.57252334447564	-3.1822515944993e-10
92.6704836866391	-3.1192387954689213e-10
92.76844402880258	-3.057473735720364e-10
92.86640437096604	-2.9969317032818984e-10
92.9643647131295	-2.937588474106926e-10
93.06232505529296	-2.8794203407754546e-10
93.16028539745643	-2.8224039976881964e-10
93.2582457396199	-2.7665166558724627e-10
93.35620608178336	-2.711735956877743e-10
93.45416642394683	-2.6580399727756976e-10
93.5521267661103	-2.605407263563111e-10
93.65008710827377	-2.5538167336545085e-10
93.74804745043723	-2.5032477753895385e-10
93.8460077926007	-2.4536801542270625e-10
93.94396813476416	-2.4050940374466343e-10
94.04192847692762	-2.3574699654470193e-10
94.13988881909108	-2.310788937850625e-10
94.23784916125457	-2.2650322412946405e-10
94.33580950341803	-2.2201816216398932e-10
94.4337698455815	-2.1762190830605167e-10
94.53173018774496	-2.1331270315513281e-10
94.62969052990843	-2.0908883036293044e-10
94.72765087207189	-2.049485936721773e-10
94.82561121423535	-2.008903398778218e-10
94.92357155639883	-1.9691244447629027e-10
95.0215318985623	-1.9301331740578168e-10
95.11949224072576	-1.8919139730597265e-10
95.21745258288922	-1.8544515725831246e-10
95.3154129250527	-1.8177309617558024e-10
95.41337326721616	-1.7817374741232758e-10
95.51133360937962	-1.7464567015443592e-10
95.60929395154308	-1.711874551594114e-10
95.70725429370655	-1.677977161459423e-10
95.80521463587002	-1.6447509840434146e-10
95.90317497803349	-1.6121827305625132e-10
96.00113532019695	-1.5802593705464375e-10
96.09909566236043	-1.5489681605396756e-10
96.19705600452389	-1.5182965292955813e-10
96.29501634668735	-1.48823224998523e-10
96.39297668885082	-1.4587632679885604e-10
96.49093703101428	-1.42987781570028e-10
96.58889737317774	-1.4015643551269127e-10
96.68685771534122	-1.3738115204838455e-10
96.7848180575047	-1.3466082042997565e-10
96.88277839966815	-1.3199435861180901e-10
96.98073874183162	-1.293806960288202e-10
97.07869908399508	-1.268187850771262e-10
97.17665942615855	-1.243076068543205e-10
97.27461976832201	-1.2184615106844002e-10
97.37258011048547	-1.1943343612899824e-10
97.47054045264895	-1.170684947962471e-10
97.56850079481242	-1.1475038279161981e-10
97.66646113697588	-1.124781730574357e-10
97.76442147913934	-1.1025095575690005e-10
97.8623818213028	-1.080678411442519e-10
