0.0	-0.15008400395560506
0.0979428567843734	-0.15008400395392768
0.1958857135687468	-0.10683995244964302
0.29382857035312016	-0.09059403390327164
0.3917714271374936	-0.08065322424450458
0.489714283921867	-0.07349189052131899
0.5876571407062404	-0.06789677823974856
0.6855999974906137	-0.06330788806725024
0.7835428542749872	-0.059420709450774475
0.8814857110593605	-0.056051243839788364
0.9794285678437338	-0.05307978964800042
1.077371424628107	-0.05042409272585888
1.1753142814124804	-0.04802519155077872
1.2732571381968536	-0.04583937496881499
1.3711999949812272	-0.0438333359732388
1.4691428517656007	-0.041981109226094014
1.5670857085499743	-0.04026205831639689
1.6650285653343475	-0.038659508581570336
1.7629714221187212	-0.03715979195640504
1.8609142789030946	-0.03575156328943314
1.958857135687468	-0.03442530050906622
2.0567999924718414	-0.0331729323351263
2.154742849256215	-0.03198755637462623
2.2526857060405883	-0.03086322248908725
2.350628562824962	-0.02979476410179095
2.448571419609335	-0.028777665255567447
2.5465142763937085	-0.027807954701008174
2.644457133178082	-0.026882120679774857
2.742399989962456	-0.025997041735041276
2.8403428467468292	-0.025149930065072802
2.938285703531202	-0.024338284788682055
3.0362285603155756	-0.02355985311353537
3.1341714170999495	-0.022812597857830765
3.232114273884323	-0.02209467011906741
3.3300571306686964	-0.021404386142603423
3.4279999874530698	-0.020740207640015315
3.525942844237443	-0.02010072495896832
3.623885701021817	-0.019484642623916363
3.7218285578061905	-0.018890766858855514
3.819771414590564	-0.018317994775708082
3.9177142713749373	-0.017765304969275163
4.015657128159311	-0.017231749305470084
4.113599984943685	-0.01671644572630279
4.211542841728058	-0.016218571924775774
4.309485698512431	-0.015737359766969335
4.407428555296804	-0.015272090358287124
4.505371412081177	-0.01482208966699599
4.603314268865551	-0.01438672463152249
4.701257125649925	-0.013965399689010323
4.799199982434298	-0.013557553671830145
4.897142839218671	-0.013162657026409386
4.995085696003044	-0.012780209315188633
5.093028552787418	-0.012409736967933169
5.190971409571792	-0.012050791253210404
5.288914266356165	-0.011702946444729962
5.386857123140539	-0.011365798160549978
5.4847999799249125	-0.0110389618559759
5.5827428367092855	-0.010722071453395397
5.680685693493659	-0.010414778094369014
5.778628550278032	-0.010116749001084257
5.876571407062406	-0.009827666435825331
5.97451426384678	-0.009547226748448023
6.072457120631153	-0.0092751395030104
6.170399977415527	-0.00901112667572053
6.2683428341999	-0.008754921917243981
6.366285690984273	-0.008506269873184747
6.464228547768647	-0.008264925557228655
6.56217140455302	-0.008030653772031538
6.660114261337394	-0.007803228573456428
6.7580571181217675	-0.007582432774224205
6.85599997490614	-0.00736805748344875
6.953942831690514	-0.007159901678887387
7.051885688474887	-0.006957771809056409
7.149828545259261	-0.006761481422644764
7.247771402043635	-0.006570850822910962
7.345714258828008	-0.00638570674497279
7.443657115612382	-0.0062058820540997536
7.541599972396755	-0.006031215463297221
7.639542829181128	-0.005861551268631452
7.737485685965503	-0.005696739100888295
7.835428542749875	-0.005536633692287208
7.933371399534249	-0.005381094657087984
8.031314256318622	-0.005229986285031793
8.129257113102996	-0.005083177346651894
8.22719996988737	-0.004940540909574034
8.325142826671744	-0.004801954165002888
8.423085683456115	-0.004667298263659919
8.52102854024049	-0.004536458160500519
8.618971397024863	-0.004409322467594789
8.716914253809238	-0.004285783314607636
8.81485711059361	-0.004165736216360354
8.912799967377984	-0.004049079946998097
9.010742824162357	-0.003935716420326092
9.10868568094673	-0.0038255505759123495
9.206628537731104	-0.003718490270586459
9.304571394515477	-0.0036144461749930737
9.402514251299852	-0.003513331674885112
9.500457108084223	-0.0034150627768658724
9.598399964868598	-0.0033195580183112998
9.696342821652971	-0.0032267383812238223
9.794285678437346	-0.003136527209787617
9.892228535221719	-0.0030488501314120666
9.990171392006092	-0.00296363498106564
10.088114248790465	-0.0028808117287166305
10.18605710557484	-0.0028003124097102094
10.283999962359212	-0.002722071057923201
10.381942819143587	-0.0026460236415489897
10.479885675927958	-0.0025721080013750607
10.577828532712331	-0.0025002637914249854
10.675771389496706	-0.0024304324218452048
10.773714246281079	-0.002362557003924878
10.871657103065454	-0.002296582297144313
10.969599959849825	-0.0022324546581542165
11.0675428166342	-0.0021701219915942057
11.165485673418573	-0.0021095337026647326
11.263428530202948	-0.0020506406513718755
11.36137138698732	-0.0019933951083693567
11.459314243771693	-0.001937750712326661
11.557257100556066	-0.0018836624287563593
11.655199957340441	-0.001831086510237617
11.753142814124814	-0.001779980457976491
11.851085670909189	-0.0017303029846469854
11.94902852769356	-0.0016820139784599433
12.046971384477935	-0.0016350744684097678
12.144914241262308	-0.0015894465906516608
12.24285709804668	-0.001545093555964587
12.340799954831056	-0.0015019796182575206
12.438742811615429	-0.0014600700440787135
12.536685668399802	-0.0014193310830897833
12.634628525184175	-0.0013797299394683088
12.73257138196855	-0.0013412347442044322
12.830514238752922	-0.0013038145282586158
12.928457095537297	-0.0012674391965492916
13.026399952321668	-0.0012320795027405888
13.124342809106043	-0.0011977070248017235
13.222285665890416	-0.0011642941413109139
13.32022852267479	-0.0011318140084779149
13.418171379459164	-0.0011002405378603992
13.516114236243537	-0.0010695483747505006
13.61405709302791	-0.0010397128772088476
13.711999949812283	-0.0010107100957243707
13.809942806596657	-0.0009825167534790805
13.90788566338103	-0.0009551102271978587
14.005828520165403	-0.0009284685285641243
14.103771376949776	-0.0009025702861829893
14.201714233734151	-0.0008773947280742577
14.299657090518524	-0.0008529216646782962
14.397599947302899	-0.0008291314723584671
14.49554280408727	-0.0008060050773844266
14.593485660871645	-0.0007835239403811836
14.691428517656018	-0.0007616700412293729
14.789371374440393	-0.0007404258644027298
14.887314231224765	-0.0007197743847292612
14.985257088009138	-0.0006996990535630903
15.083199944793513	-0.0006801837853544151
15.181142801577884	-0.0006612129446054627
15.27908565836226	-0.0006427713332007392
15.377028515146634	-0.0006248441781002795
15.474971371931005	-0.0006074171193849868
15.572914228715378	-0.0005904761986435189
15.670857085499753	-0.0005740078476905311
15.768799942284128	-0.0005579988776064257
15.866742799068499	-0.0005424364680890808
15.964685655852874	-0.0005273081571083439
16.062628512637247	-0.0005126018308543714
16.16057136942162	-0.0004983057139711901
16.258514226205993	-0.00048440836006712095
16.356457082990367	-0.0004708986424939833
16.454399939774742	-0.000457765745387244
16.552342796559117	-0.00044499915495952607
16.650285653343488	-0.00043258865104012754
16.748228510127863	-0.00042052429885342825
16.846171366912234	-0.00040879644102928385
16.94411422369661	-0.0003973956898387161
17.04205708048098	-0.00038631291964841567
17.139999937265355	-0.0003755392595877684
17.23794279404973	-0.00036506608642230827
17.3358856508341	-0.00035488501762768337
17.433828507618475	-0.00034498790465839886
17.53177136440285	-0.0003353668264057736
17.629714221187225	-0.00032601408283971096
17.727657077971596	-0.0003169221888290474
17.825599934755967	-0.00030808386813539523
17.923542791540342	-0.00029949204757554734
18.021485648324717	-0.00029113985134765686
18.119428505109088	-0.00028302059551654475
18.217371361893463	-0.0002751277826536243
18.315314218677837	-0.0002674550966270642
18.413257075462212	-0.00025999639753793825
18.511199932246583	-0.00025274571679823423
18.609142789030958	-0.0002456972523467136
18.707085645815333	-0.0002388453639987299
18.805028502599704	-0.00023218456892622663
18.902971359384075	-0.0002257095372642431
19.00091421616845	-0.00021941508784036398
19.098857072952825	-0.00021329618402364943
19.196799929737196	-0.00020734792968968275
19.29474278652157	-0.00020156556529846856
19.392685643305946	-0.00019594446408200777
19.49062850009032	-0.00019048012833846698
19.58857135687469	-0.00018516818582994674
19.686514213659063	-0.00018000438628093957
19.784457070443434	-0.00017498459797465088
19.882399927227805	-0.00017010480444443595
19.980342784012176	-0.00016536110125768517
20.078285640796544	-0.00016074969288956437
20.176228497580915	-0.00015626688968409109
20.274171354365286	-0.00015190910490009887
20.372114211149658	-0.00014767285183971116
20.47005706793403	-0.00014355474105701315
20.5679999247184	-0.00013955147764467557
20.665942781502775	-0.0001356598585963479
20.763885638287146	-0.00013187677024269993
20.861828495071517	-0.00012819918575904975
20.95977135185589	-0.00012462416274257632
21.05771420864026	-0.0001211488408571683
21.15565706542463	-0.00011777043954401839
21.253599922209002	-0.00011448625579612356
21.351542778993373	-0.00011129366199490488
21.449485635777744	-0.00010819010380720939
21.547428492562116	-0.00010517309814100669
21.645371349346487	-0.00010224023115813904
21.743314206130858	-9.938915634253086e-05
21.84125706291523	-9.661759262230769e-05
21.9391999196996	-9.3923322544318e-05
22.03714277648397	-9.130419049959434e-05
22.135085633268343	-8.875810099833027e-05
22.233028490052714	-8.628301699299019e-05
22.330971346837085	-8.387695824820757e-05
22.428914203621456	-8.153799975616501e-05
22.526857060405828	-7.926427019618568e-05
22.6247999171902	-7.705395043730191e-05
22.72274277397457	-7.490527208260074e-05
22.82068563075894	-7.281651605417994e-05
22.918628487543312	-7.07860112175809e-05
23.016571344327684	-6.881213304459616e-05
23.114514201112055	-6.689330231338048e-05
23.21245705789643	-6.502798384482389e-05
23.3103999146808	-6.321468527417502e-05
23.408342771465172	-6.145195585693041e-05
23.506285628249543	-5.973838530803357e-05
23.604228485033914	-5.80726026734544e-05
23.702171341818286	-5.6453275233244897e-05
23.800114198602657	-5.487910743519312e-05
23.898057055387024	-5.334883985822137e-05
23.995999912171396	-5.1861248204698646e-05
24.093942768955767	-5.041514232086058e-05
24.191885625740138	-4.900936524455248e-05
24.28982848252451	-4.764279227953334e-05
24.38777133930888	-4.631433009559943e-05
24.485714196093255	-4.5022915853807334e-05
24.583657052877626	-4.3767516356096115e-05
24.681599909661998	-4.2547127218627774e-05
24.77954276644637	-4.136077206818447e-05
24.87748562323074	-4.0207501760979143e-05
24.97542848001511	-3.908639362325435e-05
25.073371336799482	-3.7996550713061396e-05
25.171314193583854	-3.693710110262902e-05
25.269257050368225	-3.590719718074717e-05
25.367199907152596	-3.490601497460763e-05
25.465142763936967	-3.393275349055865e-05
25.56308562072134	-3.298663407324612e-05
25.661028477505713	-3.2066899782628174e-05
25.75897133429008	-3.117281478836498e-05
25.856914191074452	-3.0303663781098776e-05
25.954857047858823	-2.945875140015318e-05
26.052799904643194	-2.8637401677193762e-05
26.150742761427566	-2.7838957495404636e-05
26.248685618211937	-2.706278006374836e-05
26.346628474996308	-2.6308248405888354e-05
26.44457133178068	-2.557475886336497e-05
26.54251418856505	-2.4861724612627525e-05
26.64045704534942	-2.4168575195535983e-05
26.738399902133793	-2.3494756062956466e-05
26.836342758918164	-2.283972813108547e-05
26.93428561570254	-2.2202967350147737e-05
27.03222847248691	-2.1583964285122685e-05
27.13017132927128	-2.098222370816392e-05
27.228114186055652	-2.0397264202385658e-05
27.326057042840024	-1.9828617776699097e-05
27.423999899624395	-1.9275829491390496e-05
27.521942756408766	-1.8738457094141403e-05
27.619885613193137	-1.821607066619978e-05
27.717828469977505	-1.7708252278418954e-05
27.815771326761876	-1.7214595656889137e-05
27.913714183546247	-1.6734705857893995e-05
28.01165704033062	-1.626819895193223e-05
28.10959989711499	-1.5814701716551305e-05
28.207542753899364	-1.5373851337747562e-05
28.305485610683736	-1.494529511969384e-05
28.403428467468107	-1.4528690202562333e-05
28.501371324252478	-1.4123703288216914e-05
28.59931418103685	-1.3730010373555448e-05
28.69725703782122	-1.3347296491288761e-05
28.79519989460559	-1.2975255457948847e-05
28.893142751389963	-1.2613589628924703e-05
28.991085608174334	-1.2262009660329813e-05
29.089028464958705	-1.1920234277510712e-05
29.186971321743076	-1.1587990050011474e-05
29.284914178527448	-1.1265011172814025e-05
29.38285703531182	-1.0951039253679306e-05
29.480799892096194	-1.0645823106419087e-05
29.57874274888056	-1.034911854993308e-05
29.676685605664932	-1.006068821285054e-05
29.774628462449304	-9.780301343620068e-06
29.87257131923367	-9.507733625895642e-06
29.970514176018046	-9.242766999071224e-06
30.06845703280242	-8.985189483820305e-06
30.16639988958679	-8.734795012500844e-06
30.264342746371163	-8.491383264289892e-06
30.36228560315553	-8.254759504916015e-06
30.460228459939906	-8.02473443086126e-06
30.558171316724273	-7.801124017908067e-06
30.656114173508648	-7.58374937390989e-06
30.754057030293016	-7.3724365956677955e-06
30.85199988707739	-7.167016629798483e-06
30.949942743861758	-6.967325137482443e-06
31.047885600646133	-6.7732023629840275e-06
31.1458284574305	-6.584493005838244e-06
31.243771314214875	-6.4010460966020224e-06
31.341714170999246	-6.222714876070526e-06
31.439657027783618	-6.049356677861908e-06
31.53759988456799	-5.8808328142765346e-06
31.635542741352356	-5.717008465339388e-06
31.73348559813673	-5.55775257093685e-06
31.8314284549211	-5.402937725961596e-06
31.929371311705474	-5.25244007838168e-06
32.027314168489845	-5.106139230152288e-06
32.125257025274216	-4.963918140890859e-06
32.22319988205859	-4.8256630342385285e-06
32.32114273884296	-4.691263306832962e-06
32.41908559562733	-4.5606114398197616e-06
32.5170284524117	-4.433602912831647e-06
32.61497130919607	-4.310136120366591e-06
32.71291416598044	-4.1901122904979955e-06
32.810857022764814	-4.073435405851893e-06
32.908799879549186	-3.960012126787933e-06
33.00674273633356	-3.849751716722702e-06
33.10468559311793	-3.742565969535622e-06
33.2026284499023	-3.638369138999371e-06
33.30057130668667	-3.537077870178333e-06
33.39851416347104	-3.438611132740223e-06
33.49645702025541	-3.342890156127515e-06
33.594399877039784	-3.249838366536807e-06
33.692342733824155	-3.159381325655713e-06
33.790285590608526	-3.071446671108259e-06
33.888228447392905	-2.985964058561141e-06
33.98617130417727	-2.902865105444526e-06
34.08411416096165	-2.822083336242364e-06
34.18205701774601	-2.7435541293084486e-06
34.27999987453038	-2.667214665165673e-06
34.377942731314754	-2.593003876247117e-06
34.475885588099125	-2.5208623980387505e-06
34.573828444883496	-2.4507325215846795e-06
34.67177130166787	-2.382558147316919e-06
34.76971415845224	-2.3162847401727633e-06
34.86765701523661	-2.2518592859638494e-06
34.96559987202098	-2.1892302489619933e-06
35.06354272880535	-2.1283475306678777e-06
35.16148558558973	-2.0691624297295978e-06
35.259428442374094	-2.0116276029789993e-06
35.35737129915847	-1.955697027554637e-06
35.45531415594284	-1.9013259640810448e-06
35.553257012727215	-1.8484709208748691e-06
35.65119986951158	-1.7970896191492163e-06
35.74914272629596	-1.7471409591883846e-06
35.84708558308032	-1.6985849874659153e-06
35.9450284398647	-1.6513828646796557e-06
36.042971296649064	-1.6054968346782607e-06
36.14091415343344	-1.5608901942542731e-06
36.23885701021781	-1.5175272637796136e-06
36.33679986700218	-1.4753733586599903e-06
36.434742723786556	-1.4343947615853867e-06
36.53268558057092	-1.394558695554429e-06
36.6306284373553	-1.3558332976510492e-06
36.72857129413966	-1.3181875935524666e-06
36.82651415092404	-1.2815914727480895e-06
36.924457007708405	-1.246015664449513e-06
37.02239986449278	-1.2114317141723397e-06
37.12034272127715	-1.1778119609710836e-06
37.218285578061526	-1.1451295153089526e-06
37.31622843484589	-1.1133582375447947e-06
37.41417129163027	-1.0824727170200017e-06
37.51211414841463	-1.052448251728638e-06
37.61005700519901	-1.0232608285545275e-06
37.70799986198338	-9.948871040594905e-07
37.80594271876775	-9.673043858073585e-07
37.903885575552124	-9.40490614208823e-07
38.001828432336495	-9.144243448725976e-07
38.099771289120866	-8.8908473144877e-07
38.19771414590523	-8.644515089506186e-07
38.29565700268961	-8.40504977541551e-07
38.39359985947397	-8.172259867741926e-07
38.49154271625835	-7.945959202690144e-07
38.589485573042715	-7.725966808202452e-07
38.687428429827094	-7.512106759171484e-07
38.78537128661146	-7.30420803669083e-07
38.883314143395836	-7.102104391230867e-07
38.98125700018021	-6.905634209630331e-07
39.07919985696458	-6.714640385797226e-07
39.17714271374895	-6.528970195015648e-07
39.27508557053333	-6.348475171757935e-07
39.37302842731769	-6.173010990904381e-07
39.47097128410207	-6.002437352275508e-07
39.568914140886434	-5.836617868384487e-07
39.66685699767081	-5.675419955319942e-07
39.764799854455184	-5.518714726671795e-07
39.86274271123955	-5.36637689041533e-07
39.960685568023926	-5.218284648670939e-07
40.05862842480829	-5.074319600259372e-07
40.15657128159267	-4.934366645974528e-07
40.25451413837703	-4.798313896497997e-07
40.35245699516141	-4.666052582881683e-07
40.450399851945775	-4.537476969526893e-07
40.548342708730154	-4.412484269590265e-07
40.64628556551452	-4.2909745627488446e-07
40.744228422298896	-4.172850715258541e-07
40.84217127908326	-4.058018302242002e-07
40.94011413586764	-3.9463855321437084e-07
41.03805699265201	-3.8378631732918734e-07
41.13599984943638	-3.7323644825083817e-07
41.23394270622075	-3.6298051357096526e-07
41.33188556300512	-3.5301031604429087e-07
41.429828419789494	-3.433178870303885e-07
41.527771276573866	-3.3389548011834814e-07
41.62571413335824	-3.247355649292372e-07
41.72365699014261	-3.158308210913999e-07
41.82159984692698	-3.0717413238377165e-07
41.91954270371134	-2.987585810425256e-07
42.01748556049572	-2.905774422264961e-07
42.115428417280086	-2.8262417863694965e-07
42.213371274064464	-2.748924352873999e-07
42.311314130848835	-2.673760344192815e-07
42.409256987633206	-2.600689705594167e-07
42.50719984441758	-2.529654057153186e-07
42.60514270120195	-2.460596647044881e-07
42.70308555798632	-2.393462306139683e-07
42.80102841477069	-2.3281974038652144e-07
42.89897127155506	-2.264749805298993e-07
42.996914128339434	-2.2030688294577442e-07
43.094856985123805	-2.1431052087499247e-07
43.192799841908176	-2.0848110495590358e-07
43.29074269869255	-2.0281397939261968e-07
43.38868555547692	-1.9730461823013215e-07
43.48662841226129	-1.919486217333075e-07
43.58457126904566	-1.8674171286686562e-07
43.68251412583003	-1.8167973387352656e-07
43.7804569826144	-1.767586429475846e-07
43.878399839398774	-1.7197451100124874e-07
43.976342696183146	-1.6732351852116507e-07
44.07428555296752	-1.628019525126043e-07
44.17222840975189	-1.584062035288691e-07
44.27017126653626	-1.5413276278354527e-07
44.36811412332063	-1.4997821934328673e-07
44.466056980105	-1.4593925739888822e-07
44.56399983688937	-1.4201265361246276e-07
44.661942693673744	-1.3819527453860087e-07
44.759885550458115	-1.344840741174489e-07
44.85782840724249	-1.3087609123769933e-07
44.95577126402686	-1.273684473675441e-07
45.053714120811236	-1.2395834425169656e-07
45.1516569775956	-1.206430616726402e-07
45.24959983437998	-1.174199552743106e-07
45.34754269116434	-1.1428645444647066e-07
45.44548554794872	-1.1124006026808561e-07
45.543428404733085	-1.0827834350805409e-07
45.641371261517456	-1.0539894268169489e-07
45.73931411830183	-1.0259956216143415e-07
45.8372569750862	-9.98779703401824e-08
45.93519983187057	-9.72319978459298e-08
46.03314268865494	-9.465953580613388e-08
46.13108554543932	-9.215853416050912e-08
46.22902840222368	-8.972700002087079e-08
46.32697125900806	-8.736299607671946e-08
46.424914115792426	-8.506463904528997e-08
46.522856972576804	-8.283009816482478e-08
46.62079982936117	-8.065759372986751e-08
46.718742686145546	-7.854539566740452e-08
46.81668554292991	-7.649182215271448e-08
46.91462839971429	-7.44952382638205e-08
47.01257125649865	-7.255405467346602e-08
47.11051411328303	-7.066672637756858e-08
47.208456970067395	-6.883175145913442e-08
47.306399826851774	-6.704766988664529e-08
47.404342683636145	-6.531306234595651e-08
47.50228554042051	-6.362654910477036e-08
47.60022839720489	-6.198678890877674e-08
47.69817125398925	-6.039247790857901e-08
47.79611411077363	-5.884234861654428e-08
47.894056967557994	-5.733516889274732e-08
47.99199982434237	-5.586974095919326e-08
48.089942681126736	-5.444490044153118e-08
48.187885537911114	-5.305951543749381e-08
48.28582839469548	-5.171248561131562e-08
48.38377125147986	-5.040274131340575e-08
48.48171410826422	-4.912924272457132e-08
48.5796569650486	-4.78909790241071e-08
48.67759982183297	-4.668696758108594e-08
48.77554267861734	-4.5516253168202234e-08
48.87348553540171	-4.437790719753848e-08
48.971428392186084	-4.327102697764597e-08
49.069371248970455	-4.2194734991344164e-08
49.167314105754826	-4.114817819366052e-08
49.2652569625392	-4.0130527329348706e-08
49.36319981932357	-3.9140976269441186e-08
49.46114267610794	-3.817874136630324e-08
49.559085532892304	-3.724306082667311e-08
49.65702838967668	-3.633319410218681e-08
49.75497124646105	-3.544842129690047e-08
49.852914103245425	-3.458804259133606e-08
49.950856960029796	-3.375137768258846e-08
50.04879981681417	-3.293776524004651e-08
50.14674267359854	-3.21465623762936e-08
50.24468553038291	-3.1377144132763676e-08
50.34262838716728	-3.062890297974133e-08
50.44057124395165	-2.990124833030622e-08
50.53851410073602	-2.9193606067831328e-08
50.636456957520394	-2.8505418086659925e-08
50.734399814304766	-2.7836141845591447e-08
50.83234267108914	-2.7185249933820206e-08
50.93028552787351	-2.655222964897851e-08
51.02822838465788	-2.593658258694707e-08
51.12617124144225	-2.5337824243106114e-08
51.22411409822662	-2.4755483624705368e-08
51.32205695501099	-2.418910287404484e-08
51.419999811795364	-2.3638236902165242e-08
51.517942668579735	-2.3102453032752735e-08
51.61588552536411	-2.2581330655975e-08
51.71382838214848	-2.207446089197079e-08
51.81177123893285	-2.1581446263724386e-08
51.90971409571722	-2.1101900379063007e-08
52.00765695250159	-2.0635447621523067e-08
52.10559980928596	-2.018172284983712e-08
52.203542666070334	-1.974037110580113e-08
52.301485522854705	-1.931104733028862e-08
52.399428379639076	-1.8893416087185875e-08
52.497371236423454	-1.848715129502484e-08
52.59531409320782	-1.8091935966100372e-08
52.6932569499922	-1.7707461952864214e-08
52.79119980677656	-1.7333429701390114e-08
52.88914266356094	-1.6969548011714307e-08
52.9870855203453	-1.6615533804860756e-08
53.085028377129674	-1.6271111896363077e-08
53.182971233914046	-1.593601477610201e-08
53.28091409069842	-1.5609982394283315e-08
53.37885694748279	-1.5292761953384207e-08
53.47679980426716	-1.49841077059021e-08
53.57474266105153	-1.4683780757743181e-08
53.6726855178359	-1.4391548877094695e-08
53.77062837462028	-1.4107186308626607e-08
53.868571231404644	-1.3830473592875613e-08
53.96651408818902	-1.3561197390666628e-08
54.06445694497339	-1.329915031242962e-08
54.162399801757765	-1.3044130752276845e-08
54.26034265854213	-1.2795942726707927e-08
54.35828551532651	-1.255439571781255e-08
54.45622837211087	-1.2319304520845236e-08
54.55417122889525	-1.2090489096052457e-08
54.652114085679614	-1.1867774424631786e-08
54.75005694246399	-1.1650990368707723e-08
54.847999799248356	-1.1439971535210942e-08
54.945942656032734	-1.1234557143555105e-08
55.043885512817106	-1.103459089700517e-08
55.14182836960147	-1.0839920857631478e-08
55.23977122638585	-1.0650399324750383e-08
55.33771408317021	-1.0465882716756557e-08
55.43565693995459	-1.0286231456250394e-08
55.533599796738955	-1.0111309858368519e-08
55.63154265352333	-9.940986022228194e-09
55.7294855103077	-9.775131725399465e-09
55.827428367092075	-9.613622321320438e-09
55.92537122387644	-9.456336639574385e-09
56.02331408066082	-9.303156888947162e-09
56.12125693744519	-9.153968563186488e-09
56.21919979422956	-9.008660349391521e-09
56.31714265101393	-8.867124038957347e-09
56.4150855077983	-8.729254441001857e-09
56.513028364582674	-8.59494929820795e-09
56.610971221367045	-8.464109205011127e-09
56.708914078151416	-8.336637528070185e-09
56.80685693493579	-8.212440328955102e-09
56.90479979172016	-8.091426288992046e-09
57.00274264850452	-7.973506636203176e-09
57.1006855052889	-7.858595074284663e-09
57.198628362073265	-7.746607713565093e-09
57.29657121885764	-7.637463003888974e-09
57.394514075642014	-7.531081669372464e-09
57.492456932426386	-7.427386644978349e-09
57.59039978921076	-7.3263030148600296e-09
57.68834264599513	-7.2277579524251745e-09
57.7862855027795	-7.1316806620698156e-09
57.88422835956387	-7.038002322538381e-09
57.98217121634824	-6.9466560318633525e-09
58.08011407313261	-6.857576753840365e-09
58.178056929916984	-6.77070126599549e-09
58.275999786701355	-6.685968109003386e-09
58.37394264348573	-6.6033175375170736e-09
58.4718855002701	-6.522691472368596e-09
58.56982835705447	-6.444033454102479e-09
58.66777121383885	-6.36728859780544e-09
58.76571407062321	-6.292403549195142e-09
58.86365692740758	-6.219326441933643e-09
58.961599784191954	-6.1480068561323196e-09
59.059542640976325	-6.078395778012912e-09
59.157485497760696	-6.010445560693838e-09
59.25542835454507	-5.944109886070528e-09
59.35337121132944	-5.879343727758077e-09
59.45131406811381	-5.816103315067745e-09
59.54925692489818	-5.754346097988666e-09
59.64719978168255	-5.694030713145219e-09
59.74514263846692	-5.635116950703843e-09
59.84308549525129	-5.5775657222031804e-09
59.94102835203567	-5.521339029281429e-09
60.03897120882004	-5.466399933275163e-09
60.13691406560441	-5.4127125256669516e-09
60.234856922388786	-5.36024189935672e-09
60.33279977917316	-5.308954120733865e-09
60.43074263595752	-5.258816202528634e-09
60.52868549274189	-5.209796077420538e-09
60.62662834952627	-5.161862572383059e-09
60.724571206310635	-5.114985383743411e-09
60.82251406309501	-5.0691350529378285e-09
60.92045691987938	-5.0242829429431535e-09
61.018399776663756	-4.98040121536589e-09
61.11634263344812	-4.937462808170332e-09
61.21428549023249	-4.895441414027032e-09
61.31222834701687	-4.854311459265439e-09
61.41017120380124	-4.814048083413757e-09
61.508114060585605	-4.774627119309118e-09
61.606056917369976	-4.736025073763015e-09
61.703999774154354	-4.698219108765578e-09
61.801942630938726	-4.661187023213437e-09
61.89988548772309	-4.624907235147918e-09
61.99782834450746	-4.589358764488327e-09
62.09577120129184	-4.5545212162465656e-09
62.19371405807621	-4.520374764210239e-09
62.291656914860575	-4.486900135080794e-09
62.389599771644946	-4.454078593053263e-09
62.487542628429324	-4.4218919248268245e-09
62.585485485213695	-4.390322425033638e-09
62.68342834199806	-4.3593528820732304e-09
62.78137119878244	-4.32896656434277e-09
62.87931405556681	-4.299147206850417e-09
62.97725691235117	-4.269878998202161e-09
63.075199769135544	-4.2411465679529925e-09
63.17314262591992	-4.212934974309085e-09
63.271085482704294	-4.185229692173053e-09
63.36902833948866	-4.158016601523683e-09
63.46697119627303	-4.131281976119032e-09
63.56491405305741	-4.1050124725148645e-09
63.66285690984178	-4.079195119389131e-09
63.76079976662614	-4.053817307163999e-09
63.85874262341053	-4.02886677791795e-09
63.95668548019489	-4.0043316155784915e-09
64.05462833697926	-3.980200236388473e-09
64.15257119376363	-3.956461379638678e-09
64.250514050548	-3.933104098658805e-09
64.34845690733238	-3.910117752059024e-09
64.44639976411675	-3.887491995216642e-09
64.54434262090112	-3.8652167720001255e-09
64.64228547768549	-3.843282306723696e-09
64.74022833446986	-3.821679096326081e-09
64.83817119125423	-3.8003979027673985e-09
64.93611404803859	-3.779429745638333e-09
65.03405690482298	-3.758765894975491e-09
65.13199976160735	-3.738397864276894e-09
65.22994261839172	-3.718317403711878e-09
65.32788547517609	-3.698516493521192e-09
65.42582833196046	-3.6789873376009724e-09
65.52377118874483	-3.6597223572650526e-09
65.6217140455292	-3.64071418518168e-09
65.71965690231357	-3.62195565947938e-09
65.81759975909794	-3.6034398180169947e-09
65.91554261588232	-3.5851598928138747e-09
66.01348547266669	-3.567109304634867e-09
66.11142832945106	-3.5492816577264634e-09
66.20937118623543	-3.5316707346998064e-09
66.3073140430198	-3.514270491556916e-09
66.40525689980417	-3.4970750528547766e-09
66.50319975658854	-3.4800787070048957e-09
66.60114261337291	-3.4632759017035536e-09
66.69908547015729	-3.4466612394897676e-09
66.79702832694166	-3.4302294734269675e-09
66.89497118372603	-3.41397550290521e-09
66.9929140405104	-3.397894369560312e-09
67.09085689729477	-3.381981253306726e-09
67.18879975407914	-3.366231468481789e-09
67.28674261086351	-3.3506404600964483e-09
67.38468546764788	-3.3352038001913192e-09
67.48262832443227	-3.3199171842942553e-09
67.58057118121663	-3.3047764279757896e-09
67.678514038001	-3.289777463501966e-09
67.77645689478537	-3.274916336580359e-09
67.87439975156975	-3.260189203195928e-09
67.97234260835411	-3.2455923265353643e-09
68.07028546513848	-3.231122073997548e-09
68.16822832192285	-3.216774914287428e-09
68.26617117870722	-3.2025474145907417e-09
68.3641140354916	-3.188436237827383e-09
68.46205689227597	-3.1744381399817793e-09
68.55999974906034	-3.1605499675078974e-09
68.65794260584471	-3.146768654805714e-09
68.75588546262908	-3.133091221768769e-09
68.85382831941345	-3.1195147713999354e-09
68.95177117619784	-3.106036487493868e-09
69.0497140329822	-3.09265363238289e-09
69.14765688976657	-3.0793635447472574e-09
69.24559974655094	-3.0661636374859894e-09
69.34354260333532	-3.053051395647397e-09
69.44148546011968	-3.0400243744168217e-09
69.53942831690405	-3.02708019716063e-09
69.63737117368842	-3.0142165535247404e-09
69.73531403047281	-3.0014311975861542e-09
69.83325688725716	-2.988721946056241e-09
69.93119974404154	-2.976086676534351e-09
70.02914260082592	-2.963523325809166e-09
70.12708545761028	-2.9510298882081713e-09
70.22502831439465	-2.938604413993055e-09
70.32297117117902	-2.9262450077998764e-09
70.4209140279634	-2.91394982712248e-09
70.51885688474776	-2.9017170808381966e-09
70.61679974153213	-2.8895450277753538e-09
70.7147425983165	-2.877431975320392e-09
70.81268545510089	-2.8653762780630597e-09
70.91062831188525	-2.853376336480641e-09
71.00857116866962	-2.841430595658064e-09
71.10651402545399	-2.829537544043688e-09
71.20445688223838	-2.817695712239444e-09
71.30239973902273	-2.805903671826081e-09
71.4003425958071	-2.7941600342203707e-09
71.49828545259149	-2.7824634495639763e-09
71.59622830937586	-2.770812605643416e-09
71.69417116616022	-2.7592062268401647e-09
71.79211402294459	-2.7476430731102186e-09
71.89005687972897	-2.736121938991982e-09
71.98799973651334	-2.7246416526417075e-09
72.0859425932977	-2.7132010748957203e-09
72.18388545008207	-2.7017990983596277e-09
72.28182830686646	-2.6904346465220153e-09
72.37977116365082	-2.679106672893021e-09
72.47771402043519	-2.6678141601668262e-09
72.57565687721957	-2.656556119408255e-09
72.67359973400394	-2.645331589262146e-09
72.7715425907883	-2.634139635183768e-09
72.86948544757267	-2.6229793486902867e-09
72.96742830435706	-2.611849846634999e-09
73.06537116114143	-2.6007502705005132e-09
73.16331401792579	-2.5896797857118256e-09
73.26125687471016	-2.5786375809687245e-09
73.35919973149454	-2.567622867596371e-09
73.45714258827891	-2.55663487891425e-09
73.55508544506327	-2.545672869622533e-09
73.65302830184764	-2.534736115206999e-09
73.75097115863203	-2.5238239113585014e-09
73.8489140154164	-2.5129355734096523e-09
73.94685687220075	-2.5020704357870076e-09
74.04479972898514	-2.491227851478559e-09
74.14274258576951	-2.480407191516342e-09
74.24068544255387	-2.4696078444730114e-09
74.33862829933824	-2.4588292159723866e-09
74.43657115612262	-2.4480707282145372e-09
74.534514012907	-2.437331819512924e-09
74.63245686969135	-2.4266119438453155e-09
74.73039972647572	-2.415910570417145e-09
74.82834258326011	-2.4052271832367278e-09
74.92628544004448	-2.3945612807023404e-09
75.02422829682884	-2.3839123752005957e-09
75.12217115361322	-2.3732799927168636e-09
75.2201140103976	-2.3626636724560326e-09
75.31805686718197	-2.352062966473406e-09
75.41599972396632	-2.34147743931651e-09
75.51394258075071	-2.330906667677038e-09
75.61188543753508	-2.3203502400516008e-09
75.70982829431945	-2.309807756412616e-09
75.80777115110381	-2.2992788278885734e-09
75.9057140078882	-2.288763076452337e-09
76.00365686467256	-2.278260134619014e-09
76.10159972145692	-2.267769645152435e-09
76.19954257824129	-2.257291260779286e-09
76.29748543502568	-2.246824643911088e-09
76.39542829181005	-2.2363694663740212e-09
76.4933711485944	-2.2259254091462073e-09
76.59131400537879	-2.215492162102271e-09
76.68925686216316	-2.2050694237653555e-09
76.78719971894753	-2.194656901066033e-09
76.88514257573189	-2.18425430910848e-09
76.98308543251628	-2.1738613709416346e-09
77.08102828930065	-2.1634778173376186e-09
77.17897114608502	-2.1531033865766683e-09
77.27691400286938	-2.1427378242379968e-09
77.37485685965376	-2.1323808829962047e-09
77.47279971643813	-2.122032322423527e-09
77.5707425732225	-2.111691908797246e-09
77.66868543000687	-2.1013594149124622e-09
77.76662828679125	-2.091034619900222e-09
77.86457114357562	-2.0807173090509095e-09
77.96251400035999	-2.070407273642801e-09
78.06045685714436	-2.0601043107748324e-09
78.15839971392873	-2.0498082232043404e-09
78.2563425707131	-2.039518819189203e-09
78.35428542749746	-2.0292359123343836e-09
78.45222828428184	-2.0189593214432566e-09
78.55017114106622	-2.008688870371996e-09
78.64811399785059	-1.998424387888937e-09
78.74605685463494	-1.9881657075376714e-09
78.84399971141933	-1.9779126675039667e-09
78.9419425682037	-1.9676651104865162e-09
79.03988542498807	-1.9574228835709367e-09
79.13782828177244	-1.9471858381067365e-09
79.23577113855681	-1.936953829588492e-09
79.33371399534118	-1.926726717540657e-09
79.43165685212556	-1.9165043654051502e-09
79.52959970890993	-1.9062866404320017e-09
79.6275425656943	-1.896073413573254e-09
79.72548542247867	-1.8858645593803065e-09
79.82342827926304	-1.875659955902885e-09
79.92137113604741	-1.865459484591074e-09
80.01931399283178	-1.8552630302007966e-09
80.11725684961615	-1.8450704807015815e-09
80.21519970640053	-1.834881727186828e-09
80.3131425631849	-1.8246966637873158e-09
80.41108541996927	-1.8145151875862507e-09
80.50902827675364	-1.8043371985362199e-09
80.60697113353801	-1.7941625993801683e-09
80.70491399032238	-1.7839912955733303e-09
80.80285684710675	-1.773823195207458e-09
80.90079970389112	-1.763658208936962e-09
80.9987425606755	-1.7534962499079243e-09
81.09668541745987	-1.7433372336885445e-09
81.19462827424424	-1.7331810782013078e-09
81.29257113102861	-1.7230277036570692e-09
81.39051398781298	-1.7128770324914293e-09
81.48845684459735	-1.7027289893029335e-09
81.58639970138172	-1.6925835007924132e-09
81.6843425581661	-1.6824404957052026e-09
81.78228541495046	-1.672299904772969e-09
81.88022827173484	-1.66216166065918e-09
81.97817112851921	-1.652025697904763e-09
82.07611398530358	-1.6418919528759637e-09
82.17405684208795	-1.6317603637132559e-09
82.27199969887232	-1.6216308702817872e-09
82.36994255565669	-1.6115034141231568e-09
82.46788541244106	-1.6013779384092085e-09
82.56582826922543	-1.5912543878966809e-09
82.6637711260098	-1.5811327088828173e-09
82.76171398279419	-1.5710128491613557e-09
82.85965683957855	-1.560894757981581e-09
82.95759969636292	-1.5507783860081442e-09
83.05554255314729	-1.5406636852808794e-09
83.15348540993168	-1.530550609176344e-09
83.25142826671603	-1.5204391123710815e-09
83.3493711235004	-1.5103291508054564e-09
83.44731398028478	-1.5002206816482564e-09
83.54525683706915	-1.4901136632622507e-09
83.64319969385352	-1.480008055170514e-09
83.74114255063789	-1.4699038180245665e-09
83.83908540742227	-1.4598009135728036e-09
83.93702826420663	-1.449699304629689e-09
84.034971120991	-1.4395989550462883e-09
84.13291397777537	-1.4294998296814713e-09
84.23085683455976	-1.4194018943735936e-09
84.32879969134412	-1.4093051159127518e-09
84.42674254812849	-1.3992094620145695e-09
84.52468540491286	-1.3891149012943655e-09
84.62262826169724	-1.3790214032418973e-09
84.7205711184816	-1.368928938197538e-09
84.81851397526597	-1.3588374773279768e-09
84.91645683205034	-1.3487469926030656e-09
85.01439968883473	-1.3386574567738143e-09
85.11234254561909	-1.3285688433506747e-09
85.21028540240346	-1.318481126581726e-09
85.30822825918784	-1.3083942814322017e-09
85.4061711159722	-1.2983082835647814e-09
85.50411397275657	-1.2882231093198815e-09
85.60205682954094	-1.2781387356969052e-09
85.69999968632533	-1.268055140335872e-09
85.79794254310968	-1.2579723014990499e-09
85.89588539989406	-1.2478901980539246e-09
85.99382825667843	-1.2378088094569369e-09
86.09177111346281	-1.2277281157362605e-09
86.18971397024717	-1.2176480974757296e-09
86.28765682703154	-1.2075687357999147e-09
86.38559968381593	-1.1974900123582402e-09
86.4835425406003	-1.187411909310634e-09
86.58148539738465	-1.1773344093137516e-09
86.67942825416903	-1.1672574955071976e-09
86.77737111095341	-1.1571811514990811e-09
86.87531396773778	-1.1471053613533862e-09
86.97325682452214	-1.1370301095771517e-09
87.07119968130651	-1.1269553811080348e-09
87.1691425380909	-1.1168811613022552e-09
87.26708539487525	-1.1068074359233078e-09
87.36502825165962	-1.0967341911304788e-09
87.462971108444	-1.0866614134672737e-09
87.56091396522838	-1.076589089851081e-09
87.65885682201274	-1.0665172075625549e-09
87.75679967879711	-1.0564457542351863e-09
87.8547425355815	-1.0463747178461182e-09
87.95268539236586	-1.0363040867060051e-09
88.05062824915022	-1.0262338494488713e-09
88.1485711059346	-1.0161639950240747e-09
88.24651396271898	-1.0060945126876002e-09
88.34445681950335	-9.960253919930678e-10
88.4423996762877	-9.859566227833118e-10
88.54034253307208	-9.75888195182155e-10
88.63828538985646	-9.658200995870401e-10
88.73622824664083	-9.557523266613768e-10
88.83417110342519	-9.456848673263146e-10
88.93211396020958	-9.356177127539494e-10
89.03005681699395	-9.255508543605305e-10
89.12799967377832	-9.154842837987125e-10
89.22594253056268	-9.054179929511438e-10
89.32388538734706	-8.953519739249186e-10
89.42182824413143	-8.852862190448796e-10
89.51977110091579	-8.752207208469212e-10
89.61771395770016	-8.651554720718659e-10
89.71565681448455	-8.550904656599163e-10
89.81359967126892	-8.450256947452967e-10
89.91154252805327	-8.34961152650513e-10
90.00948538483765	-8.24896832881952e-10
90.10742824162203	-8.148327291233756e-10
90.2053710984064	-8.047688352315202e-10
90.30331395519076	-7.947051452315036e-10
90.40125681197514	-7.846416533114686e-10
90.49919966875952	-7.745783538179898e-10
90.59714252554389	-7.645152412512902e-10
90.69508538232824	-7.544523102611281e-10
90.79302823911263	-7.443895556422035e-10
90.890971095897	-7.34326972330524e-10
90.98891395268137	-7.242645553995769e-10
91.08685680946573	-7.142023000554503e-10
91.18479966625011	-7.041402016335805e-10
91.28274252303449	-6.940782555951159e-10
91.38068537981884	-6.840164575230909e-10
91.47862823660323	-6.7395480311879e-10
91.5765710933876	-6.638932881984945e-10
91.67451395017197	-6.538319086902305e-10
91.77245680695633	-6.437706606301326e-10
91.87039966374071	-6.337095401593835e-10
91.96834252052508	-6.236485435211511e-10
92.06628537730946	-6.135876670575282e-10
92.16422823409381	-6.035269072070441e-10
92.2621710908782	-5.934662605012212e-10
92.36011394766257	-5.8340572356247e-10
92.45805680444694	-5.733452931012186e-10
92.5559996612313	-5.632849659130429e-10
92.65394251801568	-5.532247388763705e-10
92.75188537480005	-5.431646089494189e-10
92.84982823158442	-5.331045731678996e-10
92.9477710883688	-5.230446286429137e-10
93.04571394515317	-5.129847725582721e-10
93.14365680193754	-5.029250021688701e-10
93.2415996587219	-4.928653147985823e-10
93.33954251550628	-4.828057078374877e-10
93.43748537229065	-4.727461787400523e-10
93.53542822907502	-4.626867250228332e-10
93.63337108585938	-4.526273442620865e-10
93.73131394264377	-4.4256803409261915e-10
93.82925679942814	-4.325087922056845e-10
93.92719965621251	-4.2244961634745144e-10
94.02514251299688	-4.123905043171863e-10
94.12308536978125	-4.023314539646703e-10
94.22102822656562	-3.922724631887641e-10
94.31897108335	-3.822135299365467e-10
94.41691394013436	-3.721546522014024e-10
94.51485679691874	-3.6209582802091554e-10
94.6127996537031	-3.520370554753401e-10
94.71074251048748	-3.4197833268664287e-10
94.80868536727185	-3.319196578163987e-10
94.90662822405622	-3.2186102906425964e-10
95.00457108084059	-3.118024446668071e-10
95.10251393762496	-3.0174390289621217e-10
95.20045679440933	-2.916854020588964e-10
95.2983996511937	-2.816269404938098e-10
95.39634250797808	-2.715685165716653e-10
95.49428536476245	-2.61510128692834e-10
95.59222822154682	-2.5145177528657966e-10
95.69017107833119	-2.4139345480991107e-10
95.78811393511556	-2.3133516574624225e-10
95.88605679189993	-2.2127690660443584e-10
95.9839996486843	-2.1121867591746372e-10
96.08194250546867	-2.0116047224030232e-10
96.17988536225305	-1.9110229414916707e-10
96.27782821903742	-1.810441402411298e-10
96.37577107582179	-1.7098600913277946e-10
96.47371393260616	-1.6092789945907386e-10
96.57165678939053	-1.5086980987219165e-10
96.6695996461749	-1.4081173904019305e-10
96.76754250295927	-1.30753685646063e-10
96.86548535974364	-1.206956483865632e-10
96.96342821652802	-1.1063762597146656e-10
97.06137107331239	-1.0057961712260079e-10
97.15931393009676	-9.052162057250869e-11
97.25725678688113	-8.046363506387426e-11
97.3551996436655	-7.040565934760931e-11
97.45314250044987	-6.034769218266202e-11
97.55108535723424	-5.028973233467759e-11
97.64902821401861	-4.023177857485018e-11
97.74697107080299	-3.017382967973155e-11
97.84491392758736	-2.0115884429891674e-11
97.94285678437173	-1.005794160819664e-11
97.94285678437338	0.0
