0.0	-0.15000005137126268
0.09796034216346627	-0.11223050811099468
0.19592068432693255	-0.09750179066473078
0.2938810264903988	-0.08818075833425783
0.3918413686538651	-0.08134825084646889
0.4898017108173314	-0.07595342873952236
0.5877620529807976	-0.07149668579227197
0.685722395144264	-0.06770091092966908
0.7836827373077302	-0.06439629449365629
0.8816430794711965	-0.06147120991273434
0.9796034216346629	-0.05884833615941162
1.077563763798129	-0.05647189697903331
1.1755241059615953	-0.054300331794913594
1.2734844481250616	-0.052301840250430665
1.371444790288528	-0.050451546106046005
1.4694051324519941	-0.0487296218311314
1.5673654746154604	-0.047120008039543075
1.6653258167789269	-0.045609514805265323
1.763286158942393	-0.04418717585936473
1.8612465011058592	-0.04284377480942596
1.9592068432693257	-0.041571491166289075
2.0571671854327915	-0.040363631566681775
2.155127527596258	-0.039214422711889005
2.2530878697597245	-0.03811884976174165
2.3510482119231906	-0.03707252871203038
2.4490085540866566	-0.036071604525343325
2.546968896250123	-0.0351126690207029
2.6449292384135896	-0.034192694094699896
2.742889580577056	-0.03330897696263432
2.840849922740522	-0.0324590949137293
2.9388102649039882	-0.03164086766358718
3.0367706070674547	-0.03085232582301509
3.1347309492309208	-0.030091684328544636
3.2326912913943873	-0.029357319926548314
3.3306516335578538	-0.028647751991031468
3.4286119757213203	-0.02796162610006825
3.526572317884786	-0.027297699908342167
3.6245326600482524	-0.026654830941275697
3.7224930022117184	-0.026031966005617736
3.8204533443751854	-0.025428131966428714
3.9184136865386514	-0.024842427684399638
4.016374028702118	-0.024274016942806995
4.114334370865583	-0.023722122221999986
4.21229471302905	-0.023186019202563767
4.310255055192516	-0.02266503189730253
4.408215397355982	-0.022158528327791843
4.506175739519449	-0.02166591667412871
4.604136081682916	-0.021186641837184814
4.702096423846381	-0.020720182361557468
4.800056766009847	-0.020266047674844995
4.898017108173313	-0.019823775605110384
4.99597745033678	-0.019392930143652537
5.093937792500246	-0.018973099424647647
5.191898134663713	-0.018563893896993252
5.289858476827179	-0.01816494466689684
5.387818818990646	-0.01777590199249174
5.485779161154112	-0.017396433914110807
5.583739503317578	-0.017026225005865474
5.681699845481044	-0.01666497523591572
5.77966018764451	-0.01631239892431808
5.8776205298079764	-0.015968223788639366
5.9755808719714425	-0.015632190068653202
6.073541214134909	-0.015304049722420075
6.1715015562983755	-0.014983565686909487
6.2694618984618415	-0.014670511197073336
6.367422240625308	-0.014364669157937668
6.4653825827887745	-0.014065831564857773
6.563342924952241	-0.013773798967590466
6.6613032671157075	-0.013488379974285966
6.759263609279174	-0.013209390791898696
6.8572239514426405	-0.012936654799867152
6.955184293606105	-0.012670002154224876
7.053144635769572	-0.012409269419581044
7.151104977933039	-0.012154299226656054
7.249065320096505	-0.011904939953276754
7.347025662259971	-0.01166104542693275
7.444986004423437	-0.01142247464717035
7.542946346586905	-0.011189091526258388
7.640906688750371	-0.01096076464670105
7.738867030913837	-0.010737367034299816
7.836827373077303	-0.010518775945580785
7.93478771524077	-0.010304872668506352
8.032748057404236	-0.010095542335483203
8.130708399567702	-0.009890673747762337
8.228668741731166	-0.0096901592104027
8.326629083894632	-0.009493894377038698
8.4245894260581	-0.009301778103754318
8.522549768221566	-0.009113712311422863
8.620510110385032	-0.008929601855923121
8.718470452548498	-0.008749354405689214
8.816430794711964	-0.008572880326094254
8.91439113687543	-0.00840009257020674
9.012351479038898	-0.008230906575494057
9.110311821202364	-0.00806524016607997
9.208272163365832	-0.007903013460192648
9.306232505529298	-0.007744148782466847
9.404192847692762	-0.007588570580788867
9.502153189856228	-0.007436205347395719
9.600113532019694	-0.007286981543960828
9.69807387418316	-0.007140829530417957
9.796034216346627	-0.006997681497292711
9.893994558510094	-0.006857471401327278
9.99195490067356	-0.006720134904199128
10.089915242837026	-0.006585609314148169
10.187875585000493	-0.006453833530339753
10.285835927163959	-0.006324747989802556
10.383796269327426	-0.006198294616791465
10.481756611490892	-0.006074416774435457
10.579716953654358	-0.005953059218539962
10.677677295817826	-0.005834168053421758
10.775637637981292	-0.005717690689662434
10.873597980144758	-0.005603575803673898
10.971558322308224	-0.005491773298976293
11.06951866447169	-0.005382234269095037
11.167479006635157	-0.005274910961989679
11.265439348798623	-0.005169756745932716
11.363399690962089	-0.005066726076761717
11.461360033125555	-0.004965774466432748
11.55932037528902	-0.0048668584528077374
11.657280717452487	-0.004769935570612271
11.755241059615953	-0.004674964323504426
11.853201401779419	-0.004581904157198662
11.951161743942885	-0.0044907154335922655
12.049122086106353	-0.0044013594058448366
12.147082428269819	-0.004313798194364345
12.245042770433285	-0.004227994763655969
12.343003112596751	-0.004143912899992418
12.440963454760217	-0.004061517189866947
12.538923796923683	-0.003980772999192341
12.63688413908715	-0.003901646453211418
12.734844481250615	-0.003824104417086344
12.832804823414083	-0.0037481144771360714
12.930765165577549	-0.0036736449226928095
13.028725507741015	-0.0036006647285500492
13.126685849904481	-0.0035291435379762397
13.224646192067947	-0.0034590516462695373
13.322606534231415	-0.0033903599848304515
13.420566876394881	-0.003323040105730358
13.518527218558347	-0.0032570641667551614
13.616487560721815	-0.0031924049169043214
13.714447902885281	-0.0031290356823266228
13.812408245048744	-0.0030669303526749494
13.91036858721221	-0.003006063367863314
14.008328929375677	-0.0029464097052101304
14.106289271539143	-0.0028879448669527014
14.20424961370261	-0.002830644868118458
14.302209955866077	-0.002774486224739354
14.400170298029543	-0.002719445942396426
14.49813064019301	-0.0026655015050821643
14.596090982356476	-0.002612630864368942
14.694051324519942	-0.002560812428872364
14.792011666683408	-0.002510025053998824
14.889972008846874	-0.0024602480319671953
14.987932351010341	-0.0024114610820949157
15.08589269317381	-0.0023636443413393177
15.183853035337274	-0.0023167783550853385
15.281813377500741	-0.002270844068171253
15.379773719664206	-0.0022258228161444117
15.477734061827674	-0.002181696316739285
15.575694403991138	-0.0021384466615705566
15.673654746154606	-0.0020960563080341726
15.771615088318072	-0.0020545080714097566
15.86957543048154	-0.0020137851171578725
15.967535772645004	-0.0019738709534060897
16.06549611480847	-0.0019347494236178764
16.163456456971936	-0.001896404699438774
16.261416799135404	-0.0018588212737143896
16.359377141298868	-0.0018219839536750438
16.457337483462332	-0.0017858778542820606
16.5552978256258	-0.0017504883917310175
16.653258167789264	-0.0017158012771072366
16.751218509952732	-0.0016818025101892084
16.8491788521162	-0.0016484783733956533
16.947139194279668	-0.001615815425872186
17.045099536443132	-0.0015838004977135885
17.1430598786066	-0.0015524206843180058
17.241020220770064	-0.0015216633408693392
17.338980562933532	-0.001491516076944401
17.436940905096996	-0.0014619667512413782
17.534901247260464	-0.0014330034664264359
17.63286158942393	-0.0014046145640952438
17.730821931587396	-0.0013767886198464037
17.82878227375086	-0.001349514438463903
17.92674261591433	-0.0013227810492056815
18.024702958077796	-0.0012965777011956637
18.12266330024126	-0.001270893858916524
18.22062364240473	-0.0012457191978007336
18.318583984568196	-0.0012210435999173215
18.416544326731664	-0.0011968571497520115
18.51450466889513	-0.0011731501300784222
18.612465011058596	-0.0011499130179180542
18.71042535322206	-0.0011271364805869287
18.808385695385525	-0.0011048113718267558
18.906346037548992	-0.0010829287280185885
19.004306379712457	-0.0010614797644769955
19.102266721875925	-0.0010404558718228349
19.20022706403939	-0.0010198486124327604
19.298187406202857	-0.0009996497169636445
19.39614774836632	-0.000979851080950202
19.49410809052979	-0.0009604447614740546
19.592068432693253	-0.0009414229739026314
19.69002877485672	-0.0009227780886962638
19.78798911702019	-0.000904502628281947
19.885949459183657	-0.0008865892639921955
19.98390980134712	-0.0008690308130675769
20.081870143510585	-0.0008518202357214378
20.179830485674053	-0.0008349506322654299
20.277790827837517	-0.0008184152402945354
20.375751170000985	-0.0008022074319301518
20.47371151216445	-0.0007863207111200555
20.571671854327917	-0.0007707487109939438
20.66963219649138	-0.0007554851912732957
20.767592538654853	-0.0007405240357344423
20.865552880818313	-0.0007258592497236063
20.963513222981785	-0.0007114849577228028
21.061473565145246	-0.000697395400965542
21.159433907308717	-0.0006835849351011703
21.25739424947218	-0.0006700480279068925
21.355354591635653	-0.0006567792570463567
21.453314933799117	-0.0006437733078739075
21.551275275962585	-0.0006310249712834314
21.64923561812605	-0.0006185291416009184
21.747195960289517	-0.0006062808145197584
21.84515630245298	-0.0005942750850779062
21.94311664461645	-0.0005825071456760114
22.041076986779913	-0.0005709722841356348
22.13903732894338	-0.0005596658817967395
22.236997671106845	-0.0005485834116536042
22.334958013270313	-0.0005377204365283726
22.432918355433777	-0.000527072607281437
22.530878697597245	-0.0005166356610578969
22.62883903976071	-0.000506405419569344
22.726799381924177	-0.0004963777874102134
22.824759724087645	-0.0004865487504080337
22.92272006625111	-0.000476914374006815
23.020680408414577	-0.0004674708016829469
23.11864075057804	-0.00045821425339287876
23.21660109274151	-0.0004491410240519742
23.314561434904974	-0.0004402474820438743
23.41252177706844	-0.0004315300677597397
23.510482119231906	-0.0004229852921667866
23.608442461395374	-0.0004146097354054682
23.706402803558838	-0.00040640004541476853
23.804363145722306	-0.0003983529365849842
23.90232348788577	-0.00039046518843748073
24.000283830049238	-0.0003827336443308391
24.098244172212706	-0.00037515521019285103
24.196204514376173	-0.0003677268532778812
24.294164856539638	-0.00036044560094902555
24.392125198703106	-0.0003533085394845944
24.49008554086657	-0.00034631281290843944
24.588045883030038	-0.00033945562184357333
24.686006225193502	-0.00033273422238872625
24.78396656735697	-0.00032614592501724305
24.881926909520434	-0.0003196880934979775
24.979887251683902	-0.0003133581438376725
25.077847593847366	-0.0003071535432444396
25.17580793601083	-0.000301071809111848
25.2737682781743	-0.0002951105080233031
25.371728620337763	-0.00028926725477619516
25.46968896250123	-0.00028353971142551775
25.567649304664698	-0.0002779255863465074
25.665609646828166	-0.0002724226333159289
25.76356998899163	-0.0002670286506116551
25.861530331155098	-0.0002617414801301487
25.959490673318562	-0.0002565590065214986
26.05745101548203	-0.0002514791563416622
26.155411357645495	-0.0002464998972215622
26.253371699808962	-0.00024161923705268257
26.351332041972427	-0.0002368352231888867
26.449292384135894	-0.00023214594166407292
26.54725272629936	-0.0002275495164253741
26.64521306846283	-0.0002230441085816134
26.74317341062629	-0.00021862791566665897
26.841133752789762	-0.00021429917091744924
26.939094094953223	-0.00021005614256631926
27.037054437116694	-0.00020589713314739607
27.13501477928016	-0.0002018204788167742
27.23297512144363	-0.00019782454868617986
27.330935463607094	-0.00019390774416985532
27.428895805770562	-0.0001900684983444255
27.526856147934026	-0.00018630527532144736
27.624816490097487	-0.0001826165696324426
27.72277683226096	-0.00017900090562609174
27.82073717442442	-0.00017545683687743632
27.91869751658789	-0.0001719829456087613
28.016657858751355	-0.00016857784212200084
28.114618200914823	-0.0001652401642423738
28.212578543078287	-0.00016196857677307875
28.310538885241755	-0.00015876177096079718
28.40849922740522	-0.0001556184639717955
28.506459569568687	-0.00015253739837841547
28.604419911732155	-0.0001495173416557561
28.702380253895623	-0.00014655708568832846
28.800340596059087	-0.00014365544628650088
28.898300938222555	-0.00014081126271252179
28.99626128038602	-0.00013802339721595452
29.094221622549487	-0.00013529073457830258
29.19218196471295	-0.00013261218166668476
29.29014230687642	-0.0001299866669963346
29.388102649039883	-0.00012741314030180004
29.48606299120335	-0.0001248905721166168
29.584023333366815	-0.00012241795336133526
29.681983675530283	-0.00011999429493968112
29.779944017693747	-0.00011761862734277237
29.877904359857215	-0.00011529000026111757
29.975864702020683	-0.00011300748220435412
30.07382504418415	-0.00011077016012850158
30.17178538634762	-0.00010857713907059907
30.269745728511076	-0.00010642754179058343
30.367706070674547	-0.00010432050842028029
30.46566641283801	-0.00010225519611933021
30.563626755001483	-0.00010023077873793965
30.66158709716494	-9.824644648631585e-05
30.75954743932841	-9.630140561065827e-05
30.857507781491876	-9.439487807554822e-05
30.955468123655347	-9.252610125265462e-05
31.05342846581881	-9.069432761560313e-05
31.151388807982276	-8.889882444086542e-05
31.24934915014574	-8.713887351461614e-05
31.34730949230921	-8.541377084536154e-05
31.445269834472676	-8.372282638228068e-05
31.543230176636143	-8.206536373913738e-05
31.641190518799608	-8.044071992366503e-05
31.73915086096308	-7.884824507231326e-05
31.837111203126543	-7.72873021902487e-05
31.935071545290008	-7.575726689650061e-05
32.03303188745347	-7.425752717416526e-05
32.13099222961694	-7.278748312554435e-05
32.22895257178041	-7.134654673214704e-05
32.32691291394387	-6.993414161944669e-05
32.42487325610734	-6.854970282627465e-05
32.52283359827081	-6.719267657881494e-05
32.620793940434275	-6.586252006904085e-05
32.718754282597736	-6.455870123758407e-05
32.816714624761204	-6.32806985608441e-05
32.914674966924665	-6.202800084237863e-05
33.01263530908814	-6.080010700837801e-05
33.1105956512516	-5.959652590721667e-05
33.20855599341507	-5.8416776112957285e-05
33.30651633557853	-5.7260385732761606e-05
33.404476677742004	-5.612689221811318e-05
33.502437019905464	-5.501584217976092e-05
33.60039736206893	-5.392679120635857e-05
33.6983577042324	-5.285930368666943e-05
33.79631804639587	-5.181295263529815e-05
33.894278388559336	-5.0787319521891395e-05
33.992238730722796	-4.978199410369792e-05
34.090199072886264	-4.879657426145677e-05
34.18815941504973	-4.7830665838530424e-05
34.2861197572132	-4.688388248323215e-05
34.38408009937666	-4.595584549426815e-05
34.48204044154013	-4.5046183669241154e-05
34.580000783703596	-4.4154533156153996e-05
34.677961125867064	-4.3280537307863396e-05
34.775921468030525	-4.2423846539405574e-05
34.87388181019399	-4.158411818814168e-05
34.97184215235746	-4.076101637669682e-05
35.06980249452093	-3.9954211878586566e-05
35.167762836684396	-3.916338198651675e-05
35.26572317884786	-3.838821038329961e-05
35.363683521011325	-3.762838701530354e-05
35.46164386317479	-3.688360796844324e-05
35.55960420533826	-3.615357534657331e-05
35.65756454750172	-3.543799715235838e-05
35.75552488966519	-3.473658717044019e-05
35.85348523182866	-3.4049064852946464e-05
35.951445573992125	-3.337515520727702e-05
36.04940591615559	-3.2714588686091646e-05
36.14736625831905	-3.206710107947876e-05
36.24532660048252	-3.143243340927548e-05
36.34328694264599	-3.081033182546383e-05
36.44124728480946	-3.020054750462558e-05
36.539207626972924	-2.9602836550406477e-05
36.63716796913639	-2.9016959895955356e-05
36.73512831129985	-2.8442683208286345e-05
36.83308865346333	-2.7879776794544184e-05
36.93104899562679	-2.7328015510123994e-05
37.02900933779026	-2.678717866859986e-05
37.12696967995372	-2.625704995345687e-05
37.22493002211719	-2.573741733155244e-05
37.32289036428065	-2.5228072968298927e-05
37.42085070644412	-2.4728813144527905e-05
37.51881104860758	-2.4239438175002548e-05
37.61677139077105	-2.375975232852715e-05
37.71473173293452	-2.3289563749663376e-05
37.812692075097985	-2.2828684381976697e-05
37.910652417261446	-2.2376929892811234e-05
38.00861275942491	-2.1934119599559654e-05
38.10657310158839	-2.1500076397380532e-05
38.20453344375185	-2.1074626688347234e-05
38.30249378591532	-2.0657600312021066e-05
38.40045412807878	-2.024883047737245e-05
38.49841447024225	-1.9848153696066098e-05
38.59637481240571	-1.9455409717059914e-05
38.69433515456918	-1.9070441462499042e-05
38.79229549673264	-1.869309496489534e-05
38.89025583889612	-1.832321930552204e-05
38.98821618105958	-1.796066655405111e-05
39.086176523223045	-1.7605291709377863e-05
39.184136865386506	-1.725695264161999e-05
39.282097207549974	-1.6915510035252825e-05
39.38005754971344	-1.6580827333402823e-05
39.47801789187691	-1.62527706831977e-05
39.57597823404038	-1.5931208882235616e-05
39.67393857620384	-1.5616013326106417e-05
39.77189891836731	-1.530705795693824e-05
39.869859260530774	-1.500421921297446e-05
39.96781960269424	-1.4707375979151497e-05
40.0657799448577	-1.4416409538645066e-05
40.16374028702117	-1.4131203525390003e-05
40.26170062918464	-1.3851643877521231e-05
40.359660971348106	-1.35776187917582e-05
40.45762131351157	-1.3309018678666103e-05
40.555581655675034	-1.3045736118842097e-05
40.6535419978385	-1.2787665819925442e-05
40.75150234000197	-1.2534704574482642e-05
40.84946268216544	-1.2286751218732654e-05
40.9474230243289	-1.2043706592071394e-05
41.04538336649237	-1.1805473497403683e-05
41.143343708655834	-1.1571956662273516e-05
41.2413040508193	-1.1343062700749167e-05
41.33926439298276	-1.1118700076054018e-05
41.437224735146245	-1.089877906397718e-05
41.535185077309706	-1.0683211716954378e-05
41.633145419473166	-1.0471911828910607e-05
41.73110576163663	-1.0264794900763629e-05
41.82906610380011	-1.0061778106622484e-05
41.92702644596357	-9.86278026066339e-06
42.02498678812703	-9.667721784648237e-06
42.12294713029049	-9.476524676099754e-06
42.22090747245397	-9.289112477087057e-06
42.318867814617434	-9.105410243652876e-06
42.4168281567809	-8.925344515827658e-06
42.51478849894436	-8.748843288250317e-06
42.61274884110784	-8.575835981358072e-06
42.710709183271305	-8.406253413159488e-06
42.808669525434766	-8.240027771561735e-06
42.906629867598234	-8.077092587237508e-06
43.00459020976169	-7.917382707042842e-06
43.10255055192517	-7.76083426795117e-06
43.20051089408863	-7.607384671512027e-06
43.2984712362521	-7.45697255880262e-06
43.39643157841555	-7.309537785895041e-06
43.494391920579034	-7.165021399784381e-06
43.592352262742494	-7.02336561482066e-06
43.69031260490596	-6.884513789578337e-06
43.78827294706942	-6.74841040421782e-06
43.8862332892329	-6.61500103825266e-06
43.984193631396366	-6.484232348808424e-06
44.08215397355983	-6.35605204926115e-06
44.180114315723294	-6.230408888335588e-06
44.27807465788676	-6.107252629597118e-06
44.37603500005023	-5.986534031360139e-06
44.47399534221369	-5.868204826992732e-06
44.57195568437716	-5.752217705600257e-06
44.669916026540626	-5.6385262931135895e-06
44.767876368704094	-5.527085133727364e-06
44.865836710867555	-5.4178496717196836e-06
44.96379705303102	-5.310776233638838e-06
45.06175739519449	-5.205822010813894e-06
45.15971773735796	-5.10294504225507e-06
45.25767807952142	-5.0021041978462035e-06
45.35563842168489	-4.903259161903881e-06
45.453598763848355	-4.806370417051455e-06
45.55155910601182	-4.711399228405007e-06
45.64951944817529	-4.6183076280884095e-06
45.74747979033875	-4.527058400034343e-06
45.84544013250222	-4.437615065105658e-06
45.94340047466569	-4.349941866493934e-06
46.041360816829155	-4.264003755435397e-06
46.139321158992615	-4.179766377166575e-06
46.23728150115608	-4.097196057200059e-06
46.33524184331955	-4.0162597878456446e-06
46.43320218548302	-3.93692521501125e-06
46.53116252764648	-3.859160625252005e-06
46.62912286980995	-3.7829349330989887e-06
46.727083211973415	-3.7082176686159556e-06
46.82504355413688	-3.634978965204043e-06
46.92300389630035	-3.5631895476688095e-06
47.02096423846381	-3.492820720506465e-06
47.11892458062729	-3.4238443564150306e-06
47.21688492279075	-3.3562328850533198e-06
47.314845264954215	-3.2899592820104017e-06
47.412805607117676	-3.2249970579912495e-06
47.51076594928115	-3.1613202482242735e-06
47.60872629144461	-3.0989034020792306e-06
47.70668663360808	-3.0377215728811146e-06
47.80464697577154	-2.97775030792288e-06
47.90260731793501	-2.918965638705657e-06
48.000567660098476	-2.861344071328942e-06
48.09852800226194	-2.8048625771110982e-06
48.19648834442541	-2.7494985833597677e-06
48.29444868658887	-2.6952299643581945e-06
48.39240902875235	-2.6420350325042826e-06
48.49036937091581	-2.589892529642542e-06
48.588329713079276	-2.538781618554472e-06
48.686290055242736	-2.4886818746245632e-06
48.78425039740621	-2.4395732776761735e-06
48.88221073956967	-2.3914362039542807e-06
48.98017108173314	-2.3442514182809323e-06
49.0781314238966	-2.298000066363285e-06
49.176091766060075	-2.2526636672427224e-06
49.274052108223536	-2.208224105913747e-06
49.372012450387004	-2.1646636260667053e-06
49.469972792550465	-2.1219648229916336e-06
49.56793313471394	-2.0801106366202575e-06
49.6658934768774	-2.0390843446860353e-06
49.76385381904087	-1.9988695560567594e-06
49.861814161204336	-1.9594502041536054e-06
49.959774503367804	-1.9208105405484543e-06
50.05773484553127	-1.882935128644764e-06
50.15569518769473	-1.8458088375137265e-06
50.2536555298582	-1.8094168358426544e-06
50.35161587202166	-1.7737445859927056e-06
50.449576214185136	-1.7387778381917761e-06
50.5475365563486	-1.704502624830973e-06
50.645496898512064	-1.6709052548790099e-06
50.743457240675525	-1.637972308405904e-06
50.841417582839	-1.6056906312130982e-06
50.93937792500246	-1.5740473295728631e-06
51.03733826716593	-1.5430297650655006e-06
51.135298609329396	-1.5126255495372884e-06
51.233258951492864	-1.4828225401303768e-06
51.33121929365633	-1.4536088344305454e-06
51.42917963581979	-1.4249727657098548e-06
51.52713997798326	-1.3969028982584448e-06
51.62510032014673	-1.3693880228054707e-06
51.723060662310196	-1.3424171520349143e-06
51.82102100447366	-1.3159795162048746e-06
51.918981346637125	-1.2900645588129228e-06
52.01694168880059	-1.2646619324051108e-06
52.11490203096406	-1.2397614944109404e-06
52.21286237312752	-1.2153533030961441e-06
52.31082271529099	-1.1914276135902115e-06
52.408783057454464	-1.1679748739800486e-06
52.506743399617925	-1.1449857214984696e-06
52.60470374178139	-1.122450978764459e-06
52.70266408394485	-1.100361650126869e-06
52.80062442610832	-1.0787089180598777e-06
52.89858476827179	-1.057484139636044e-06
52.99654511043526	-1.036678843068335e-06
53.09450545259872	-1.0162847243211337e-06
53.192465794762185	-9.96293643793082e-07
53.29042613692566	-9.766976230545435e-07
53.38838647908912	-9.574888416568993e-07
53.48634682125258	-9.386596340136751e-07
53.58430716341605	-9.202024863219238e-07
53.682267505579524	-9.021100335583036e-07
53.78022784774299	-8.843750565469802e-07
53.878188189906446	-8.669904790505517e-07
53.976148532069914	-8.499493649586263e-07
54.07410887423339	-8.332449154965489e-07
54.17206921639686	-8.168704665231624e-07
54.27002955856032	-8.008194858487144e-07
54.36798990072378	-7.85085570630313e-07
54.46595024288726	-7.69662444813357e-07
54.56391058505072	-7.545439566160669e-07
54.66187092721419	-7.39724076068597e-07
54.75983126937764	-7.251968926009871e-07
54.857791611541124	-7.109566126828185e-07
54.955751953704585	-6.969975575030966e-07
55.05371229586805	-6.833141606960963e-07
55.15167263803151	-6.69900966118908e-07
55.249632980194974	-6.567526256663342e-07
55.34759332235845	-6.438638971374851e-07
55.44555366452192	-6.312296421253684e-07
55.54351400668538	-6.188448239753984e-07
55.64147434884884	-6.067045057668963e-07
55.73943469101232	-5.948038483290639e-07
55.83739503317578	-5.83138108323001e-07
55.93535537533925	-5.717026363237491e-07
56.03331571750271	-5.60492874979859e-07
56.131276059666185	-5.495043571729824e-07
56.229236401829645	-5.387327042492442e-07
56.32719674399311	-5.281736242506375e-07
56.425157086156574	-5.178229102038457e-07
56.52311742832005	-5.076764384435286e-07
56.62107777048351	-4.977301669557206e-07
56.71903811264698	-4.879801337700432e-07
56.81699845481044	-4.784224553576758e-07
56.91495879697391	-4.6905332509249025e-07
57.012919139137374	-4.598690117294243e-07
57.11087948130084	-4.5086585790296313e-07
57.20883982346431	-4.4204027866295025e-07
57.30680016562778	-4.3338876005633684e-07
57.404760507791245	-4.2490785770320645e-07
57.502720849954706	-4.165941954273469e-07
57.600681192118174	-4.0844446390979884e-07
57.698641534281634	-4.004554193538981e-07
57.79660187644511	-3.926238821991233e-07
57.89456221860857	-3.8494673584356803e-07
57.99252256077204	-3.774209253951255e-07
58.0904829029355	-3.700434564542573e-07
58.18844324509897	-3.6281139391399416e-07
58.286403587262434	-3.5572186078864917e-07
58.3843639294259	-3.4877203705689176e-07
58.48232427158937	-3.4195915853927437e-07
58.58028461375284	-3.3528051579011867e-07
58.678244955916306	-3.287334530123724e-07
58.776205298079766	-3.223153670011773e-07
58.874165640243234	-3.160237060931846e-07
58.9721259824067	-3.0985596915319214e-07
59.07008632457017	-3.0380970457800904e-07
59.16804666673363	-2.978825092974583e-07
59.2660070088971	-2.920720278356602e-07
59.363967351060566	-2.8637595134936057e-07
59.461927693224034	-2.8079201672079976e-07
59.559888035387495	-2.753180056419765e-07
59.657848377550955	-2.699517437276203e-07
59.75580871971443	-2.6469109964826035e-07
59.8537690618779	-2.595339842833916e-07
59.951729404041366	-2.5447834987177577e-07
60.04968974620483	-2.4952218920480026e-07
60.1476500883683	-2.4466353481697157e-07
60.24561043053177	-2.3990045820511574e-07
60.34357077269524	-2.3523106905045276e-07
60.441531114858684	-2.3065351445789726e-07
60.53949145702215	-2.2616597823554503e-07
60.63745179918563	-2.217666801425922e-07
60.735412141349094	-2.174538751946616e-07
60.833372483512555	-2.1322585295765195e-07
60.93133282567602	-2.090809368702927e-07
61.0292931678395	-2.0501748356383205e-07
61.127253510002966	-2.0103388221617e-07
61.225213852166426	-1.9712855389451418e-07
61.32317419432988	-1.932999509353512e-07
61.421134536493355	-1.8954655631867982e-07
61.51909487865682	-1.8586688306520905e-07
61.61705522082029	-1.8225947364216925e-07
61.71501556298375	-1.7872289936912543e-07
61.81297590514723	-1.7525575986397587e-07
61.910936247310694	-1.7185668246599177e-07
62.00889658947416	-1.6852432170478153e-07
62.10685693163762	-1.652573587405559e-07
62.20481727380109	-1.6205450085605807e-07
62.30277761596455	-1.5891448092840492e-07
62.40073795812802	-1.5583605692676126e-07
62.49869830029148	-1.5281801141001638e-07
62.59665864245496	-1.498591510502937e-07
62.69461898461842	-1.4695830613924116e-07
62.79257932678189	-1.4411433014311627e-07
62.89053966894535	-1.413260992205603e-07
62.98850001110882	-1.3859251178629693e-07
63.08646035327229	-1.3591248806909192e-07
63.18442069543575	-1.3328496967545476e-07
63.282381037599215	-1.307089191763024e-07
63.380341379762676	-1.2818331967353391e-07
63.47830172192616	-1.257071744153986e-07
63.57626206408962	-1.232795063831641e-07
63.67422240625309	-1.2089935790074656e-07
63.77218274841655	-1.1856579025869318e-07
63.870143090580015	-1.1627788333529523e-07
63.968103432743476	-1.140347352263129e-07
64.06606377490694	-1.118354618861817e-07
64.16402411707041	-1.0967919678070039e-07
64.26198445923389	-1.0756509052249891e-07
64.35994480139735	-1.0549231055242981e-07
64.45790514356082	-1.0346004079225883e-07
64.55586548572428	-1.014674813231878e-07
64.65382582788774	-9.951384807011857e-08
64.7517861700512	-9.759837248017748e-08
64.84974651221468	-9.572030121272113e-08
64.94770685437814	-9.387889585804436e-08
65.04566719654161	-9.207343261590678e-08
65.14362753870508	-9.03032020199825e-08
65.24158788086855	-8.856750865656997e-08
65.33954822303201	-8.686567088043245e-08
65.43750856519547	-8.519702053637934e-08
65.53546890735893	-8.35609027124196e-08
65.63342924952241	-8.195667545560397e-08
65.73138959168587	-8.038370952230921e-08
65.82934993384933	-7.884138813713364e-08
65.9273102760128	-7.732910672883161e-08
66.02527061817628	-7.58462727064308e-08
66.12323096033974	-7.439230520090797e-08
66.2211913025032	-7.296663485565785e-08
66.31915164466668	-7.156870358252048e-08
66.41711198683014	-7.01979643465105e-08
66.5150723289936	-6.885388094480659e-08
66.61303267115706	-6.75359277857411e-08
66.71099301332055	-6.62435896936216e-08
66.80895335548401	-6.497636168485099e-08
66.90691369764747	-6.373374878710048e-08
67.00487403981093	-6.251526581543034e-08
67.1028343819744	-6.132043720007386e-08
67.20079472413786	-6.014879678551999e-08
67.29875506630133	-5.8999887646817155e-08
67.3967154084648	-5.787326190587733e-08
67.49467575062828	-5.6768480559261044e-08
67.59263609279174	-5.5685113283001316e-08
67.6905964349552	-5.46227382862204e-08
67.78855677711867	-5.358094212743487e-08
67.88651711928213	-5.255931954234142e-08
67.98447746144559	-5.1557473303174603e-08
68.08243780360905	-5.057501404362291e-08
68.18039814577253	-4.9611560103836134e-08
68.27835848793599	-4.8666737384043276e-08
68.37631883009946	-4.7740179192430464e-08
68.47427917226292	-4.683152609588907e-08
68.5722395144264	-4.5940425779374496e-08
68.67019985658986	-4.506653290526509e-08
68.76816019875332	-4.4209508969851096e-08
68.8661205409168	-4.3369022177044567e-08
68.96408088308026	-4.254474730060894e-08
69.06204122524372	-4.173636554638862e-08
69.16000156740719	-4.0943564440370086e-08
69.25796190957067	-4.016603769378198e-08
69.35592225173413	-3.940348508254595e-08
69.45388259389759	-3.865561232385753e-08
69.55184293606105	-3.7922130969987994e-08
69.64980327822452	-3.720275827338489e-08
69.74776362038799	-3.6497217091954584e-08
69.84572396255145	-3.5805235774254143e-08
69.94368430471492	-3.512654804181283e-08
70.0416446468784	-3.4460892888674846e-08
70.13960498904186	-3.380801447807189e-08
70.23756533120532	-3.316766204483611e-08
70.33552567336879	-3.253958978059223e-08
70.43348601553225	-3.1923556744781134e-08
70.53144635769571	-3.131932677281336e-08
70.62940669985917	-3.072666837561214e-08
70.72736704202265	-3.014535464202682e-08
70.82532738418612	-2.9575163161337162e-08
70.92328772634959	-2.9015875917056476e-08
71.02124806851305	-2.8467279220916687e-08
71.11920841067652	-2.792916360667144e-08
71.21716875284	-2.740132376121127e-08
71.31512909500344	-2.68835584327175e-08
71.41308943716692	-2.63756703560372e-08
71.51104977933038	-2.5877466172317835e-08
71.60901012149385	-2.538875635151211e-08
71.70697046365731	-2.4909355114882906e-08
71.80493080582079	-2.4439080360378334e-08
71.90289114798425	-2.3977753599487488e-08
72.00085149014772	-2.3525199865394717e-08
72.09881183231118	-2.3081247669926497e-08
72.19677217447465	-2.2645728905965462e-08
72.2947325166381	-2.221847880726748e-08
72.39269285880158	-2.1799335865226556e-08
72.49065320096504	-2.1388141762860575e-08
72.58861354312852	-2.0984741328888225e-08
72.68657388529198	-2.0588982457364073e-08
72.78453422745544	-2.020071605601522e-08
72.88249456961891	-1.9819795983097344e-08
72.98045491178239	-1.9446078992861275e-08
73.07841525394585	-1.9079424675279204e-08
73.1763755961093	-1.871969539864116e-08
73.27433593827278	-1.8366756257891744e-08
73.37229628043625	-1.8020475020096807e-08
73.4702566225997	-1.7680722064169732e-08
73.56821696476317	-1.734737034929937e-08
73.66617730692666	-1.7020295331715203e-08
73.76413764909012	-1.6699374947466004e-08
73.86209799125358	-1.6384489546405986e-08
73.96005833341704	-1.6075521843401837e-08
74.05801867558051	-1.577235687815021e-08
74.15597901774397	-1.547488196638486e-08
74.25393935990743	-1.5182986653953838e-08
74.3518997020709	-1.4896562679507216e-08
74.44986004423438	-1.4615503914223606e-08
74.54782038639785	-1.4339706341718828e-08
74.6457807285613	-1.4069067994902258e-08
74.74374107072478	-1.3803488935885527e-08
74.84170141288824	-1.354287119570909e-08
74.9396617550517	-1.3287118751380752e-08
75.03762209721516	-1.3036137479953014e-08
75.13558243937864	-1.2789835121210899e-08
75.2335427815421	-1.25481212432299e-08
75.33150312370557	-1.231090719932351e-08
75.42946346586903	-1.2078106102211677e-08
75.52742380803251	-1.184963278957876e-08
75.62538415019597	-1.1625403775280832e-08
75.72334449235943	-1.1405337232124552e-08
75.82130483452289	-1.1189352948814774e-08
75.91926517668637	-1.0977372312733419e-08
76.01722551884983	-1.076931825253637e-08
76.1151858610133	-1.0565115232412974e-08
76.21314620317678	-1.03646892119038e-08
76.31110654534024	-1.0167967611458715e-08
76.4090668875037	-9.974879292345666e-09
76.50702722966716	-9.785354525078909e-09
76.60498757183063	-9.599324957847233e-09
76.7029479139941	-9.416723590682492e-09
76.80090825615756	-9.237484758238577e-09
76.89886859832103	-9.061544083868926e-09
76.9968289404845	-8.888838473886081e-09
77.09478928264797	-8.71930608311983e-09
77.19274962481143	-8.552886286215567e-09
77.29070996697489	-8.389519660413328e-09
77.38867030913836	-8.229147959716355e-09
77.48663065130182	-8.071714089059624e-09
77.58459099346528	-7.917162092829202e-09
77.68255133562877	-7.76543710893975e-09
77.78051167779223	-7.616485371704599e-09
77.8784720199557	-7.470254174523744e-09
77.97643236211916	-7.326691861273301e-09
78.07439270428263	-7.185747788993501e-09
78.17235304644609	-7.0473723250184885e-09
78.27031338860955	-6.911516812534467e-09
78.36827373077301	-6.7781335677094455e-09
78.46623407293649	-6.647175839511149e-09
78.56419441509995	-6.5185978097069135e-09
78.66215475726341	-6.3923545641621816e-09
78.76011509942688	-6.2684020813597945e-09
78.85807544159036	-6.146697203698534e-09
78.95603578375382	-6.027197637492993e-09
79.05399612591728	-5.909861921401916e-09
79.15195646808075	-5.794649414947586e-09
79.24991681024422	-5.681520278424711e-09
79.34787715240768	-5.57043547003024e-09
79.44583749457114	-5.461356714291668e-09
79.54379783673463	-5.35424649345658e-09
79.64175817889809	-5.249068033141873e-09
79.73971852106155	-5.145785290853068e-09
79.83767886322501	-5.044362930153013e-09
79.93563920538848	-4.944766320661802e-09
80.03359954755194	-4.846961517965704e-09
80.1315598897154	-4.7509152406559834e-09
80.22952023187888	-4.6565948760691056e-09
80.32748057404234	-4.56396845158527e-09
80.42544091620582	-4.47300462888806e-09
80.52340125836928	-4.38367269248386e-09
80.62136160053275	-4.295942529610732e-09
80.71932194269621	-4.209784630238449e-09
80.81728228485967	-4.125170061237096e-09
80.91524262702313	-4.0420704692472025e-09
81.01320296918661	-3.960458054848411e-09
81.11116331135007	-3.8803055725594185e-09
81.20912365351356	-3.8015863222275395e-09
81.307083995677	-3.724274117457052e-09
81.40504433784048	-3.648343305700203e-09
81.50300468000394	-3.5737687338154137e-09
81.6009650221674	-3.500525748067282e-09
81.69892536433088	-3.4285901797757894e-09
81.79688570649434	-3.3579383453163267e-09
81.8948460486578	-3.2885470260286054e-09
81.99280639082129	-3.220393459606222e-09
82.09076673298475	-3.153455340096641e-09
82.18872707514821	-3.0877107978101147e-09
82.28668741731167	-3.02313840218986e-09
82.38464775947513	-2.959717141720989e-09
82.4826081016386	-2.8974264210603527e-09
82.58056844380206	-2.836246052426069e-09
82.67852878596553	-2.7761562527273924e-09
82.77648912812899	-2.7171376234736376e-09
82.87444947029249	-2.6591711536443448e-09
82.97240981245595	-2.602238205338502e-09
83.07037015461941	-2.546320516644709e-09
83.16833049678287	-2.4914001815501086e-09
83.26629083894633	-2.4374596442001064e-09
83.3642511811098	-2.3844817075087743e-09
83.46221152327325	-2.3324495044574087e-09
83.56017186543673	-2.281346503834764e-09
83.65813220760022	-2.23115651023708e-09
83.75609254976368	-2.1818636353665906e-09
83.85405289192714	-2.1334523152524e-09
83.95201323409061	-2.0859072901594453e-09
84.04997357625406	-2.0392136017183237e-09
84.14793391841752	-1.993356590055168e-09
84.24589426058098	-1.94832188231102e-09
84.34385460274446	-1.9040953897717044e-09
84.44181494490795	-1.8606633078677874e-09
84.53977528707141	-1.8180121018238878e-09
84.63773562923487	-1.7761285009183095e-09
84.73569597139834	-1.7349995013532366e-09
84.8336563135618	-1.6946123576442498e-09
84.93161665572525	-1.6549545740099138e-09
85.02957699788873	-1.6160139015015893e-09
85.12753734005219	-1.577778332263144e-09
85.22549768221567	-1.5402361024011064e-09
85.32345802437914	-1.5033756747638063e-09
85.42141836654261	-1.4671857418114106e-09
85.51937870870607	-1.4316552227459032e-09
85.61733905086953	-1.396773249160263e-09
85.71529939303299	-1.3625291736489148e-09
85.81325973519647	-1.3289125554570107e-09
85.91122007735991	-1.2959131662206943e-09
86.00918041952337	-1.26352097561639e-09
86.10714076168686	-1.231726148490611e-09
86.20510110385034	-1.2005190534704532e-09
86.3030614460138	-1.1698902400023558e-09
86.40102178817726	-1.1398304498327318e-09
86.49898213034074	-1.11033060552735e-09
86.5969424725042	-1.0813818133414813e-09
86.69490281466766	-1.0529753488691715e-09
86.7928631568311	-1.025102668523833e-09
86.8908234989946	-9.977553865770377e-10
86.98878384115807	-9.70925295249564e-10
87.08674418332153	-9.446043388800716e-10
87.18470452548499	-9.187846311459634e-10
87.28266486764846	-8.934584292320867e-10
87.38062520981192	-8.686181539217285e-10
87.47858555197539	-8.442563723757707e-10
87.57654589413885	-8.203657981326368e-10
87.67450623630234	-7.969392911083406e-10
87.7724665784658	-7.739698461158605e-10
87.87042692062926	-7.514506043457481e-10
87.96838726279273	-7.293748361452244e-10
88.06634760495619	-7.077359524987735e-10
88.16430794711965	-6.865274878072628e-10
88.26226828928311	-6.657431027580962e-10
88.36022863144659	-6.4537659293564e-10
88.45818897361005	-6.25421868730179e-10
88.55614931577352	-6.058729610782417e-10
88.65410965793698	-5.867240243327262e-10
88.75207000010046	-5.679693219121568e-10
88.85003034226392	-5.496032320410148e-10
88.94799068442738	-5.316202506198082e-10
89.04595102659084	-5.140149711341381e-10
89.14391136875432	-4.967821047456353e-10
89.24187171091778	-4.799164630711606e-10
89.33983205308125	-4.6341295531257034e-10
89.43779239524473	-4.4726659686722915e-10
89.53575273740819	-4.314725007175373e-10
89.63371307957165	-4.1602587743092437e-10
89.73167342173511	-4.0092202941955526e-10
89.82963376389858	-3.8615635381048753e-10
89.92759410606205	-3.7172433670538184e-10
90.0255544482255	-3.5762155605062515e-10
90.12351479038898	-3.438436730268933e-10
90.22147513255246	-3.3038644352976915e-10
90.31943547471592	-3.172456952085133e-10
90.41739581687938	-3.044173446869968e-10
90.51535615904284	-2.9189739182336684e-10
90.61331650120631	-2.796819110996338e-10
90.71127684336977	-2.677670544917894e-10
90.80923718553323	-2.561490514698437e-10
90.90719752769671	-2.448242032574936e-10
91.00515786986018	-2.3378889144256943e-10
91.10311821202365	-2.2303955788602454e-10
91.2010785541871	-2.1257272768310982e-10
91.29903889635058	-2.0238498333202352e-10
91.39699923851404	-1.9247297908466013e-10
91.4949595806775	-1.8283343520632183e-10
91.59291992284096	-1.7346314084588218e-10
91.69088026500444	-1.6435893968497901e-10
91.78884060716791	-1.555177442888528e-10
91.88680094933137	-1.4693652462566103e-10
91.98476129149483	-1.3861231667699992e-10
92.08272163365831	-1.305422052169492e-10
92.18068197582177	-1.2272334103300213e-10
92.27864231798523	-1.1515292657532351e-10
92.3766026601487	-1.0782821882687388e-10
92.47456300231217	-1.007465350437321e-10
92.57252334447564	-9.390523553418915e-11
92.6704836866391	-8.730174374978661e-11
92.76844402880258	-8.093352619428452e-11
92.86640437096604	-7.479810103411722e-11
92.9643647131295	-6.889303522822331e-11
93.06232505529296	-6.32159473981958e-11
93.16028539745643	-5.776449634771264e-11
93.2582457396199	-5.253639254309743e-11
93.35620608178336	-4.7529389502908467e-11
93.45416642394683	-4.274128379790171e-11
93.5521267661103	-3.816992079137279e-11
93.65008710827377	-3.381318028836323e-11
93.74804745043723	-2.966899088645239e-11
93.8460077926007	-2.5735318495118273e-11
93.94396813476416	-2.2010169205931293e-11
94.04192847692762	-1.849158642237034e-11
94.13988881909108	-1.5177659470272233e-11
94.23784916125457	-1.2066506376967647e-11
94.33580950341803	-9.156291092142245e-12
94.4337698455815	-6.4452033968112046e-12
94.53173018774496	-3.931473254072747e-12
94.62969052990843	-1.6133736792309385e-12
94.72765087207189	5.108022213825326e-13
94.82561121423535	2.442718289204385e-12
94.92357155639883	4.184009664208288e-12
95.0215318985623	5.736277044580897e-12
95.11949224072576	7.101092427031513e-12
95.21745258288922	8.279993366521581e-12
95.3154129250527	9.274491586636756e-12
95.41337326721616	1.0086064369233782e-11
95.51133360937962	1.0716163164819879e-11
95.60929395154308	1.116620785227082e-11
95.70725429370655	1.1437595349296104e-11
95.80521463587002	1.1531691001962688e-11
95.90317497803349	1.1449834325021039e-11
96.00113532019695	1.1193339001881161e-11
96.09909566236043	1.0763490014501538e-11
96.19705600452389	1.0161555123918701e-11
96.29501634668735	9.388767649411663e-12
96.39297668885082	8.446343689382804e-12
96.49093703101428	7.335470640740552e-12
96.58889737317774	6.0573129392263985e-12
96.68685771534122	4.613017799675033e-12
96.7848180575047	3.0037066056235147e-12
96.88277839966815	1.2304720391000883e-12
96.98073874183162	-7.056046984368672e-13
97.07869908399508	-2.80346536672732e-12
97.17665942615855	-5.062080426980128e-12
97.27461976832201	-7.48042895083791e-12
97.37258011048547	-1.0057518711429689e-11
97.47054045264895	-1.279237183263669e-11
97.56850079481242	-1.568403339948892e-11
97.66646113697588	-1.873156571793517e-11
97.76442147913934	-2.193404831479717e-11
97.8623818213028	-2.5290580807921214e-11
