0.0	0.00044475286030778375
0.0979428567843734	0.00044475286036447517
0.1958857135687468	0.00028089248625033886
0.29382857035312016	0.0009025423111437894
0.3917714271374936	0.0019326891983703967
0.489714283921867	0.003356661381615708
0.5876571407062404	0.00517023265128932
0.6855999974906137	0.007370019815864645
0.7835428542749872	0.009952378040324814
0.8814857110593605	0.012913182550475381
0.9794285678437338	0.016247776690090143
1.077371424628107	0.01995096426154809
1.1753142814124804	0.024017017190944744
1.2732571381968536	0.02843968989845768
1.3711999949812272	0.03321223732157531
1.4691428517656007	0.038327435330332775
1.5670857085499743	0.04377760292479509
1.6650285653343475	0.04955462586481011
1.7629714221187212	0.055649981493511316
1.8609142789030946	0.06205476456673335
1.958857135687468	0.06875971392478981
2.0567999924718414	0.07575523985545338
2.154742849256215	0.08303145200396456
2.2526857060405883	0.09057818769053133
2.350628562824962	0.09838504049955768
2.448571419609335	0.10644138900850053
2.5465142763937085	0.11473642552817304
2.644457133178082	0.12325918473066474
2.742399989962456	0.13199857204590845
2.8403428467468292	0.1409433917133005
2.938285703531202	0.15008237438065497
3.0362285603155756	0.15940420414909823
3.1341714170999495	0.16889754496923554
3.232114273884323	0.17855106630098125
3.3300571306686964	0.1883534679567746
3.4279999874530698	0.19829350405543578
3.525942844237443	0.20836000602158328
3.623885701021817	0.21854190457327025
3.7218285578061905	0.22882825064823753
3.819771414590564	0.2392082352268668
3.9177142713749373	0.24967120801748954
4.015657128159311	0.2602066949771162
4.113599984943685	0.27080441464784394
4.211542841728058	0.2814542932961415
4.309485698512431	0.2921464788488532
4.407428555296804	0.30287135362608303
4.505371412081177	0.31361954587708185
4.603314268865551	0.3243819401308451
4.701257125649925	0.3351496863783179
4.799199982434298	0.3459142081078841
4.897142839218671	0.3566672092201779
4.995085696003044	0.36740067985219754
5.093028552787418	0.37810690114421763
5.190971409571792	0.3887784489860976
5.288914266356165	0.3994081967822686
5.386857123140539	0.40998931727696725
5.4847999799249125	0.42051528348317896
5.5827428367092855	0.4309798687602714
5.680685693493659	0.44137714608646117
5.778628550278032	0.4517014865730754
5.876571407062406	0.46194755726807074
5.97451426384678	0.47211031829647193
6.072457120631153	0.4821850193853141
6.170399977415527	0.4921671958203375
6.2683428341999	0.5020526638811156
6.366285690984273	0.5118375158005145
6.464228547768647	0.5215181142934129
6.56217140455302	0.5310910866984683
6.660114261337394	0.5405533187754304
6.7580571181217675	0.5499019481990852
6.85599997490614	0.5591343577893895
6.953942831690514	0.5682481685157441
7.051885688474887	0.5772412323116669
7.149828545259261	0.5861116247343858
7.247771402043635	0.5948576375020924
7.345714258828008	0.603477770939788
7.443657115612382	0.6119707263628352
7.541599972396755	0.6203353984255063
7.639542829181128	0.6285708674600117
7.737485685965503	0.6366763918296976
7.835428542749875	0.6446514003183448
7.933371399534249	0.6524954845757711
8.031314256318622	0.6602083916382611
8.129257113102996	0.6677900165407128
8.22719996988737	0.6752403950358113
8.325142826671744	0.6825596964340201
8.423085683456115	0.6897482165767183
8.52102854024049	0.6968063709534198
8.618971397024863	0.703734687972678
8.716914253809238	0.7105338023950165
8.81485711059361	0.7172044489350319
8.912799967377984	0.7237474560386878
9.010742824162357	0.7301637398407594
9.10868568094673	0.7364542983063942
9.206628537731104	0.7426202055598303
9.304571394515477	0.7486626064024523
9.402514251299852	0.7545827110215638
9.500457108084223	0.7603817898905232
9.598399964868598	0.7660611688602081
9.696342821652971	0.7716222244411582
9.794285678437346	0.7770663792751769
9.892228535221719	0.7823950977946647
9.990171392006092	0.7876098820674928
10.088114248790465	0.7927122678248122
10.18605710557484	0.7977038206688252
10.283999962359212	0.8025861324572215
10.381942819143587	0.8073608178606949
10.479885675927958	0.8120295110897079
10.577828532712331	0.8165938627864635
10.675771389496706	0.8210555370778612
10.773714246281079	0.8254162087850675
10.871657103065454	0.8296775607852134
10.969599959849825	0.8338412815206354
11.0675428166342	0.837909062651012
11.165485673418573	0.841882596843698
11.263428530202948	0.8457635756975371
11.36137138698732	0.8495536877954212
11.459314243771693	0.8532546168808808
11.557257100556066	0.8568680401540127
11.655199957340441	0.8603956266820904
11.753142814124814	0.8638390359202544
11.851085670909189	0.8671999163377446
11.94902852769356	0.8704799041452038
12.046971384477935	0.8736806221186666
12.144914241262308	0.8768036785159334
12.24285709804668	0.8798506660811254
12.340799954831056	0.882823161133312
12.438742811615429	0.8857227227352124
12.536685668399802	0.8885508919380739
12.634628525184175	0.8913091910989469
12.73257138196855	0.8939991232666828
12.830514238752922	0.8966221716331014
12.928457095537297	0.899179799045885
13.026399952321668	0.9016734475798766
13.124342809106043	0.9041045381635717
13.222285665890416	0.9064744702577126
13.32022852267479	0.9087846215830042
13.418171379459164	0.9110363478940906
13.516114236243537	0.9132309827970373
13.61405709302791	0.9153698376076792
13.711999949812283	0.9174542012483021
13.809942806596657	0.9194853401802311
13.90788566338103	0.921464498370005
14.005828520165403	0.9233928972869182
14.103771376949776	0.9252717359298095
14.201714233734151	0.9271021908810761
14.299657090518524	0.9288854163859841
14.397599947302899	0.9306225444554383
14.49554280408727	0.9323146849904651
14.593485660871645	0.9339629259267433
14.691428517656018	0.9355683333976076
14.789371374440393	0.9371319519140222
14.887314231224765	0.9386548045601067
14.985257088009138	0.9401378932028649
15.083199944793513	0.9415821987148427
15.181142801577884	0.9429886812085098
15.27908565836226	0.9443582802812244
15.377028515146634	0.9456919152697066
15.474971371931005	0.9469904855130048
15.572914228715378	0.9482548706229987
15.670857085499753	0.9494859307615404
15.768799942284128	0.9506845069233854
15.866742799068499	0.9518514212241181
15.964685655852874	0.952987477192328
16.062628512637247	0.9540934600653326
16.16057136942162	0.9551701370877957
16.258514226205993	0.9562182578126265
16.356457082990367	0.9572385544035864
16.454399939774742	0.9582317419390712
16.552342796559117	0.9591985187165695
16.650285653343488	0.9601395665573352
16.748228510127863	0.9610555511108451
16.846171366912234	0.9619471221586398
16.94411422369661	0.9628149139171828
17.04205708048098	0.9636595453393936
17.139999937265355	0.9644816204145418
17.23794279404973	0.9652817284662125
17.3358856508341	0.966060444448077
17.433828507618475	0.9668183292372258
17.53177136440285	0.9675559299248417
17.629714221187225	0.9682737801040118
17.727657077971596	0.9689724001544922
17.825599934755967	0.9696522975242643
17.923542791540342	0.9703139670077293
18.021485648324717	0.9709578910204104
18.119428505109088	0.971584539870043
18.217371361893463	0.9721943720239488
18.315314218677837	0.9727878343726011
18.413257075462212	0.9733653624893024
18.511199932246583	0.9739273808859061
18.609142789030958	0.9744743032645238
18.707085645815333	0.9750065327651708
18.805028502599704	0.9755244622093125
18.902971359384075	0.9760284743392798
19.00091421616845	0.9765189420535321
19.098857072952825	0.9769962286377561
19.196799929737196	0.9774606879917892
19.29474278652157	0.9779126648523683
19.392685643305946	0.9783524950117098
19.49062850009032	0.9787805055319297
19.58857135687469	0.9791970149553197
19.686514213659063	0.9796023335105004
19.784457070443434	0.9799967633144746
19.882399927227805	0.9803805985706101
19.980342784012176	0.9807541257625843
20.078285640796544	0.9811176238443241
20.176228497580915	0.981471364425982
20.274171354365286	0.9818156119559871
20.372114211149658	0.982150623899215
20.47005706793403	0.9824766509113235
20.5679999247184	0.9827939370092994
20.665942781502775	0.9831027197382678
20.763885638287146	0.9834032303346133
20.861828495071517	0.9836956938854661
20.95977135185589	0.9839803294846059
21.05771420864026	0.9842573503848385
21.15565706542463	0.9845269641468992
21.253599922209002	0.9847893727849408
21.351542778993373	0.9850447729086607
21.449485635777744	0.9852933558621253
21.547428492562116	0.9855353078593492
21.645371349346487	0.9857708101166849
21.743314206130858	0.9860000389820833
21.84125706291523	0.9862231660612802
21.9391999196996	0.9864403583409683
22.03714277648397	0.9866517783090105
22.135085633268343	0.9868575840717537
22.233028490052714	0.9870579294684982
22.330971346837085	0.9872529641831806
22.428914203621456	0.9874428338533261
22.526857060405828	0.9876276801763257
22.6247999171902	0.9878076410130952
22.72274277397457	0.9879828504891676
22.82068563075894	0.9881534390932776
22.918628487543312	0.9883195337734875
23.016571344327684	0.9884812580309107
23.114514201112055	0.9886387320110835
23.21245705789643	0.9887920725930376
23.3103999146808	0.9889413934761235
23.408342771465172	0.9890868052646368
23.506285628249543	0.989228415550294
23.604228485033914	0.9893663289926098
23.702171341818286	0.9895006473972219
23.800114198602657	0.9896314697922102
23.898057055387024	0.9897588925024589
23.995999912171396	0.9898830092221047
24.093942768955767	0.9900039110851179
24.191885625740138	0.9901216867340589
24.28982848252451	0.9902364223870547
24.38777133930888	0.9903482019030365
24.485714196093255	0.9904571068452819
24.583657052877626	0.9905632165432995
24.681599909661998	0.9906666081530998
24.77954276644637	0.9907673567158884
24.87748562323074	0.9908655352152218
24.97542848001511	0.9909612146326623
25.073371336799482	0.9910544640019704
25.171314193583854	0.9911453504618696
25.269257050368225	0.9912339393074189
25.367199907152596	0.9913202940400287
25.465142763936967	0.9914044764161537
25.56308562072134	0.9914865464946941
25.661028477505713	0.9915665626831413
25.75897133429008	0.9916445817824951
25.856914191074452	0.9917206590309887
25.954857047858823	0.9917948481466461
26.052799904643194	0.9918672013687067
26.150742761427566	0.9919377694979423
26.248685618211937	0.9920066019358975
26.346628474996308	0.9920737467230786
26.44457133178068	0.9921392505761204
26.54251418856505	0.9922031589239556
26.64045704534942	0.9922655159430129
26.738399902133793	0.99232636459147
26.836342758918164	0.9923857466425838
26.93428561570254	0.9924437027171247
27.03222847248691	0.9925002723149352
27.13017132927128	0.9925554938456386
27.228114186055652	0.9926094046585173
27.326057042840024	0.9926620410715852
27.423999899624395	0.9927134383998724
27.521942756408766	0.9927636309829456
27.619885613193137	0.9928126522116829
27.717828469977505	0.992860534554322
27.815771326761876	0.9929073095818032
27.913714183546247	0.9929530079924236
28.01165704033062	0.9929976596358222
28.10959989711499	0.9930412935363128
28.207542753899364	0.9930839379155821
28.305485610683736	0.9931256202147714
28.403428467468107	0.9931663671159549
28.501371324252478	0.9932062045630349
28.59931418103685	0.9932451577820663
28.69725703782122	0.9932832513010272
28.79519989460559	0.9933205089690491
28.893142751389963	0.9933569539751234
28.991085608174334	0.9933926088662957
29.089028464958705	0.9934274955653636
29.186971321743076	0.9934616353880903
29.284914178527448	0.9934950490599469
29.38285703531182	0.9935277567323972
29.480799892096194	0.9935597779987363
29.57874274888056	0.993591131909495
29.676685605664932	0.9936218369874226
29.774628462449304	0.9936519112420589
29.87257131923367	0.993681372183906
29.970514176018046	0.993710236838212
30.06845703280242	0.9937385217583761
30.16639988958679	0.9937662430389853
30.264342746371163	0.9937934163284938
30.36228560315553	0.9938200568415535
30.460228459939906	0.9938461793710056
30.558171316724273	0.993871798299543
30.656114173508648	0.9938969276110514
30.754057030293016	0.9939215809016392
30.85199988707739	0.9939457713903626
30.949942743861758	0.9939695119296569
31.047885600646133	0.9939928150154801
31.1458284574305	0.9940156927971767
31.243771314214875	0.9940381570870703
31.341714170999246	0.9940602193697917
31.439657027783618	0.9940818908113502
31.53759988456799	0.9941031822679544
31.635542741352356	0.9941241042945899
31.73348559813673	0.9941446671533607
31.8314284549211	0.9941648808216005
31.929371311705474	0.9941847549997597
32.027314168489845	0.994204299119075
32.125257025274216	0.994223522349028
32.22319988205859	0.9942424336045963
32.32114273884296	0.9942610415533063
32.41908559562733	0.9942793546220896
32.5170284524117	0.9942973810039509
32.61497130919607	0.9943151286644514
32.71291416598044	0.9943326053480129
32.810857022764814	0.9943498185840485
32.908799879549186	0.9943667756929221
33.00674273633356	0.9943834837917453
33.10468559311793	0.9943999498000123
33.2026284499023	0.9944161804450798
33.30057130668667	0.9944321822674953
33.39851416347104	0.9944479616261774
33.49645702025541	0.9944635247034539
33.594399877039784	0.9944788775099592
33.692342733824155	0.9944940258893974
33.790285590608526	0.9945089755231725
33.888228447392905	0.9945237319348912
33.98617130417727	0.9945383004947405
34.08411416096165	0.9945526864237446
34.18205701774601	0.9945668947979039
34.27999987453038	0.9945809305522186
34.377942731314754	0.994594798484602
34.475885588099125	0.9946085032596842
34.573828444883496	0.9946220494125119
34.67177130166787	0.9946354413521442
34.76971415845224	0.9946486833651499
34.86765701523661	0.994661779619007
34.96559987202098	0.994674734165409
35.06354272880535	0.9946875509434783
35.16148558558973	0.994700233782892
35.259428442374094	0.9947127864069196
35.35737129915847	0.9947252124353778
35.45531415594284	0.9947375153875023
35.553257012727215	0.9947496986847408
35.65119986951158	0.9947617656534679
35.74914272629596	0.9947737195276252
35.84708558308032	0.994785563451288
35.9450284398647	0.9947973004811609
36.042971296649064	0.9948089335890039
36.14091415343344	0.9948204656639916
36.23885701021781	0.9948318995150068
36.33679986700218	0.9948432378728702
36.434742723786556	0.9948544833925088
36.53268558057092	0.9948656386550636
36.6306284373553	0.9948767061699392
36.72857129413966	0.9948876883767962
36.82651415092404	0.994898587647489
36.924457007708405	0.9949094062879486
37.02239986449278	0.9949201465400143
37.12034272127715	0.9949308105832142
37.218285578061526	0.994941400536496
37.31622843484589	0.9949519184599102
37.41417129163027	0.994962366356246
37.51211414841463	0.9949727461726228
37.61005700519901	0.9949830598020359
37.70799986198338	0.9949933090848614
37.80594271876775	0.9950034958103173
37.903885575552124	0.9950136217178854
38.001828432336495	0.995023688498693
38.099771289120866	0.9950336977968567
38.19771414590523	0.9950436512107883
38.29565700268961	0.9950535502944653
38.39359985947397	0.9950633965586654
38.49154271625835	0.9950731914721668
38.589485573042715	0.9950829364629155
38.687428429827094	0.9950926329191598
38.78537128661146	0.9951022821905541
38.883314143395836	0.9951118855892305
38.98125700018021	0.9951214443908424
39.07919985696458	0.9951309598355778
39.17714271374895	0.995140433129145
39.27508557053333	0.9951498654437312
39.37302842731769	0.9951592579189338
39.47097128410207	0.9951686116626661
39.568914140886434	0.9951779277520385
39.66685699767081	0.9951872072342138
39.764799854455184	0.9951964511272403
39.86274271123955	0.9952056604208606
39.960685568023926	0.9952148360772983
40.05862842480829	0.9952239790320234
40.15657128159267	0.9952330901944956
40.25451413837703	0.995242170448887
40.35245699516141	0.9952512206547857
40.450399851945775	0.9952602416478785
40.548342708730154	0.9952692342406159
40.64628556551452	0.9952781992228572
40.744228422298896	0.9952871373624995
40.84217127908326	0.9952960494060874
40.94011413586764	0.9953049360794068
41.03805699265201	0.9953137980880624
41.13599984943638	0.995322636118038
41.23394270622075	0.9953314508362422
41.33188556300512	0.9953402428910392
41.429828419789494	0.9953490129127637
41.527771276573866	0.9953577615142223
41.62571413335824	0.9953664892911809
41.72365699014261	0.9953751968228385
41.82159984692698	0.9953838846722876
41.91954270371134	0.995392553386962
42.01748556049572	0.9954012034990722
42.115428417280086	0.9954098355260289
42.213371274064464	0.9954184499708538
42.311314130848835	0.9954270473225804
42.409256987633206	0.9954356280566422
42.50719984441758	0.9954441926352516
42.60514270120195	0.9954527415077669
42.70308555798632	0.9954612751110498
42.80102841477069	0.9954697938698129
42.89897127155506	0.9954782981969579
42.996914128339434	0.995486788493903
43.094856985123805	0.9954952651509034
43.192799841908176	0.9955037285473606
43.29074269869255	0.995512179052125
43.38868555547692	0.9955206170237887
43.48662841226129	0.9955290428109711
43.58457126904566	0.9955374567525961
43.68251412583003	0.9955458591781616
43.7804569826144	0.9955542504080018
43.878399839398774	0.9955626307535417
43.976342696183146	0.995571000517545
44.07428555296752	0.995579359994355
44.17222840975189	0.9955877094701288
44.27017126653626	0.9955960492230645
44.36811412332063	0.9956043795236234
44.466056980105	0.9956127006347439
44.56399983688937	0.995621012812052
44.661942693673744	0.9956293163040634
44.759885550458115	0.9956376113523822
44.85782840724249	0.9956458981918926
44.95577126402686	0.9956541770509462
45.053714120811236	0.9956624481515428
45.1516569775956	0.995670711709508
45.24959983437998	0.9956789679346645
45.34754269116434	0.9956872170309987
45.44548554794872	0.9956954591968237
45.543428404733085	0.9957036946249364
45.641371261517456	0.9957119235027713
45.73931411830183	0.9957201460125495
45.8372569750862	0.9957283623314239
45.93519983187057	0.9957365726316196
46.03314268865494	0.9957447770805716
46.13108554543932	0.9957529758410575
46.22902840222368	0.9957611690713273
46.32697125900806	0.9957693569252292
46.424914115792426	0.9957775395523321
46.522856972576804	0.9957857170980445
46.62079982936117	0.9957938897037305
46.718742686145546	0.9958020575068218
46.81668554292991	0.9958102206409275
46.91462839971429	0.9958183792359401
47.01257125649865	0.995826533418139
47.11051411328303	0.995834683310291
47.208456970067395	0.995842829031748
47.306399826851774	0.995850970698542
47.404342683636145	0.9958591084234771
47.50228554042051	0.99586724231622
47.60022839720489	0.9958753724833865
47.69817125398925	0.9958834990286268
47.79611411077363	0.9958916220527078
47.894056967557994	0.9958997416535932
47.99199982434237	0.9959078579265218
48.089942681126736	0.9959159709640831
48.187885537911114	0.9959240808562909
48.28582839469548	0.9959321876906551
48.38377125147986	0.995940291552251
48.48171410826422	0.9959483925237875
48.5796569650486	0.9959564906856729
48.67759982183297	0.9959645861160783
48.77554267861734	0.9959726788910004
48.87348553540171	0.9959807690843216
48.971428392186084	0.9959888567678693
49.069371248970455	0.9959969420114725
49.167314105754826	0.9960050248830178
49.2652569625392	0.9960131054485031
49.36319981932357	0.9960211837720905
49.46114267610794	0.996029259916157
49.559085532892304	0.9960373339413444
49.65702838967668	0.9960454059066074
49.75497124646105	0.9960534758692607
49.852914103245425	0.9960615438850245
49.950856960029796	0.9960696100080688
50.04879981681417	0.9960776742910566
50.14674267359854	0.996085736785186
50.24468553038291	0.9960937975402305
50.34262838716728	0.9961018566045791
50.44057124395165	0.9961099140252744
50.53851410073602	0.9961179698480505
50.636456957520394	0.996126024117369
50.734399814304766	0.9961340768764544
50.83234267108914	0.9961421281673289
50.93028552787351	0.9961501780308457
51.02822838465788	0.996158226506721
51.12617124144225	0.9961662736335665
51.22411409822662	0.9961743194489192
51.32205695501099	0.9961823639892722
51.419999811795364	0.996190407290103
51.517942668579735	0.9961984493859023
51.61588552536411	0.9962064903102011
51.71382838214848	0.9962145300955976
51.81177123893285	0.9962225687737827
51.90971409571722	0.9962306063755659
52.00765695250159	0.9962386429308996
52.10559980928596	0.9962466784689027
52.203542666070334	0.9962547130178838
52.301485522854705	0.9962627466053642
52.399428379639076	0.9962707792580991
52.497371236423454	0.9962788110020998
52.59531409320782	0.9962868418626534
52.6932569499922	0.9962948718643437
52.79119980677656	0.9963029010310704
52.88914266356094	0.9963109293860684
52.9870855203453	0.9963189569519258
53.085028377129674	0.9963269837506027
53.182971233914046	0.9963350098034477
53.28091409069842	0.9963430351312156
53.37885694748279	0.9963510597540838
53.47679980426716	0.9963590836916681
53.57474266105153	0.9963671069630389
53.6726855178359	0.9963751295867355
53.77062837462028	0.9963831515807816
53.868571231404644	0.9963911729626995
53.96651408818902	0.9963991937495237
54.06445694497339	0.9964072139578148
54.162399801757765	0.9964152336036729
54.26034265854213	0.9964232527027497
54.35828551532651	0.9964312712702614
54.45622837211087	0.9964392893210012
54.55417122889525	0.9964473068693505
54.652114085679614	0.9964553239292903
54.75005694246399	0.9964633405144128
54.847999799248356	0.996471356637932
54.945942656032734	0.996479372312694
55.043885512817106	0.9964873875511878
55.14182836960147	0.9964954023655547
55.23977122638585	0.996503416767598
55.33771408317021	0.9965114307687928
55.43565693995459	0.9965194443802947
55.533599796738955	0.9965274576129491
55.63154265352333	0.9965354704772995
55.7294855103077	0.996543482983596
55.827428367092075	0.9965514951418033
55.92537122387644	0.9965595069616092
56.02331408066082	0.9965675184524316
56.12125693744519	0.9965755296234265
56.21919979422956	0.9965835404834952
56.31714265101393	0.9965915510412908
56.4150855077983	0.9965995613052263
56.513028364582674	0.9966075712834801
56.610971221367045	0.9966155809840032
56.708914078151416	0.9966235904145253
56.80685693493579	0.9966315995825611
56.90479979172016	0.996639608495416
57.00274264850452	0.9966476171601922
57.1006855052889	0.9966556255837944
57.198628362073265	0.9966636337729349
57.29657121885764	0.9966716417341394
57.394514075642014	0.9966796494737519
57.492456932426386	0.9966876569979398
57.59039978921076	0.9966956643126992
57.68834264599513	0.9967036714238589
57.7862855027795	0.9967116783370856
57.88422835956387	0.9967196850578887
57.98217121634824	0.9967276915916237
58.08011407313261	0.9967356979434974
58.178056929916984	0.9967437041185716
58.275999786701355	0.9967517101217674
58.37394264348573	0.9967597159578687
58.4718855002701	0.9967677216315265
58.56982835705447	0.996775727147262
58.66777121383885	0.996783732509471
58.76571407062321	0.9967917377224269
58.86365692740758	0.9967997427902838
58.961599784191954	0.9968077477170807
59.059542640976325	0.9968157525067437
59.157485497760696	0.99682375716309
59.25542835454507	0.9968317616898306
59.35337121132944	0.9968397660905728
59.45131406811381	0.9968477703688239
59.54925692489818	0.9968557745279935
59.64719978168255	0.9968637785713962
59.74514263846692	0.9968717825022545
59.84308549525129	0.9968797863237012
59.94102835203567	0.9968877900387818
60.03897120882004	0.9968957936504571
60.13691406560441	0.9969037971616055
60.234856922388786	0.9969118005750252
60.33279977917316	0.9969198038934366
60.43074263595752	0.9969278071194846
60.52868549274189	0.9969358102557402
60.62662834952627	0.9969438133047028
60.724571206310635	0.9969518162688026
60.82251406309501	0.9969598191504018
60.92045691987938	0.9969678219517969
61.018399776663756	0.9969758246752207
61.11634263344812	0.9969838273228437
61.21428549023249	0.9969918298967761
61.31222834701687	0.9969998323990693
61.41017120380124	0.9970078348317175
61.508114060585605	0.9970158371966595
61.606056917369976	0.9970238394957802
61.703999774154354	0.997031841730912
61.801942630938726	0.9970398439038362
61.89988548772309	0.9970478460162846
61.99782834450746	0.997055848069941
62.09577120129184	0.9970638500664419
62.19371405807621	0.9970718520073787
62.291656914860575	0.9970798538942981
62.389599771644946	0.9970878557287041
62.487542628429324	0.9970958575120585
62.585485485213695	0.9971038592457828
62.68342834199806	0.9971118609312587
62.78137119878244	0.9971198625698294
62.87931405556681	0.997127864162801
62.97725691235117	0.9971358657114429
63.075199769135544	0.9971438672169893
63.17314262591992	0.9971518686806402
63.271085482704294	0.997159870103562
63.36902833948866	0.9971678714868888
63.46697119627303	0.9971758728317229
63.56491405305741	0.9971838741391362
63.66285690984178	0.9971918754101706
63.76079976662614	0.9971998766458391
63.85874262341053	0.9972078778471264
63.95668548019489	0.9972158790149899
64.05462833697926	0.9972238801503601
64.15257119376363	0.9972318812541421
64.250514050548	0.9972398823272153
64.34845690733238	0.9972478833704349
64.44639976411675	0.9972558843846323
64.54434262090112	0.9972638853706157
64.64228547768549	0.9972718863291709
64.74022833446986	0.9972798872610615
64.83817119125423	0.9972878881670303
64.93611404803859	0.9972958890477991
65.03405690482298	0.9973038899040698
65.13199976160735	0.9973118907365247
65.22994261839172	0.9973198915458272
65.32788547517609	0.9973278923326221
65.42582833196046	0.9973358930975363
65.52377118874483	0.9973438938411794
65.6217140455292	0.9973518945641437
65.71965690231357	0.9973598952670054
65.81759975909794	0.9973678959503245
65.91554261588232	0.9973758966146453
66.01348547266669	0.9973838972604973
66.11142832945106	0.9973918978883948
66.20937118623543	0.9973998984988381
66.3073140430198	0.9974078990923138
66.40525689980417	0.9974158996692943
66.50319975658854	0.9974239002302395
66.60114261337291	0.9974319007755962
66.69908547015729	0.9974399013057987
66.79702832694166	0.9974479018212696
66.89497118372603	0.9974559023224194
66.9929140405104	0.9974639028096473
67.09085689729477	0.9974719032833412
67.18879975407914	0.9974799037438786
67.28674261086351	0.9974879041916263
67.38468546764788	0.9974959046269407
67.48262832443227	0.9975039050501686
67.58057118121663	0.9975119054616471
67.678514038001	0.9975199058617039
67.77645689478537	0.9975279062506576
67.87439975156975	0.9975359066288177
67.97234260835411	0.9975439069964857
68.07028546513848	0.9975519073539539
68.16822832192285	0.9975599077015073
68.26617117870722	0.9975679080394223
68.3641140354916	0.9975759083679682
68.46205689227597	0.9975839086874063
68.55999974906034	0.9975919089979911
68.65794260584471	0.9975999092999698
68.75588546262908	0.9976079095935826
68.85382831941345	0.9976159098790633
68.95177117619784	0.9976239101566392
69.0497140329822	0.9976319104265311
69.14765688976657	0.9976399106889539
69.24559974655094	0.9976479109441162
69.34354260333532	0.9976559111922212
69.44148546011968	0.9976639114334663
69.53942831690405	0.9976719116680435
69.63737117368842	0.9976799118961392
69.73531403047281	0.9976879121179351
69.83325688725716	0.9976959123336073
69.93119974404154	0.9977039125433277
70.02914260082592	0.9977119127472629
70.12708545761028	0.997719912945575
70.22502831439465	0.9977279131384219
70.32297117117902	0.9977359133259568
70.4209140279634	0.9977439135083288
70.51885688474776	0.997751913685683
70.61679974153213	0.9977599138581602
70.7147425983165	0.9977679140258977
70.81268545510089	0.9977759141890287
70.91062831188525	0.9977839143476828
71.00857116866962	0.997791914501986
71.10651402545399	0.9977999146520611
71.20445688223838	0.9978079147980271
71.30239973902273	0.9978159149400001
71.4003425958071	0.9978239150780929
71.49828545259149	0.997831915212415
71.59622830937586	0.9978399153430731
71.69417116616022	0.9978479154701712
71.79211402294459	0.9978559155938098
71.89005687972897	0.9978639157140873
71.98799973651334	0.997871915831099
72.0859425932977	0.9978799159449379
72.18388545008207	0.997887916055694
72.28182830686646	0.9978959161634555
72.37977116365082	0.9979039162683078
72.47771402043519	0.9979119163703339
72.57565687721957	0.997919916469615
72.67359973400394	0.9979279165662295
72.7715425907883	0.9979359166602542
72.86948544757267	0.9979439167517634
72.96742830435706	0.9979519168408297
73.06537116114143	0.9979599169275237
73.16331401792579	0.9979679170119141
73.26125687471016	0.9979759170940676
73.35919973149454	0.9979839171740494
73.45714258827891	0.9979919172519227
73.55508544506327	0.9979999173277492
73.65302830184764	0.9980079174015888
73.75097115863203	0.9980159174734999
73.8489140154164	0.9980239175435396
73.94685687220075	0.998031917611763
74.04479972898514	0.9980399176782242
74.14274258576951	0.9980479177429757
74.24068544255387	0.9980559178060687
74.33862829933824	0.998063917867553
74.43657115612262	0.9980719179274771
74.534514012907	0.9980799179858882
74.63245686969135	0.9980879180428327
74.73039972647572	0.9980959180983554
74.82834258326011	0.9981039181525001
74.92628544004448	0.9981119182053094
75.02422829682884	0.9981199182568251
75.12217115361322	0.9981279183070877
75.2201140103976	0.9981359183561368
75.31805686718197	0.9981439184040111
75.41599972396632	0.9981519184507482
75.51394258075071	0.9981599184963851
75.61188543753508	0.9981679185409574
75.70982829431945	0.9981759185845005
75.80777115110381	0.9981839186270484
75.9057140078882	0.9981919186686345
76.00365686467256	0.9981999187092918
76.10159972145692	0.998207918749052
76.19954257824129	0.9982159187879464
76.29748543502568	0.9982239188260054
76.39542829181005	0.998231918863259
76.4933711485944	0.9982399188997365
76.59131400537879	0.9982479189354664
76.68925686216316	0.9982559189704766
76.78719971894753	0.9982639190047947
76.88514257573189	0.9982719190384476
76.98308543251628	0.9982799190714615
77.08102828930065	0.9982879191038624
77.17897114608502	0.9982959191356756
77.27691400286938	0.998303919166926
77.37485685965376	0.998311919197638
77.47279971643813	0.9983199192278356
77.5707425732225	0.9983279192575424
77.66868543000687	0.9983359192867816
77.76662828679125	0.998343919315576
77.86457114357562	0.9983519193439482
77.96251400035999	0.9983599193719203
78.06045685714436	0.9983679193995141
78.15839971392873	0.9983759194267511
78.2563425707131	0.9983839194536526
78.35428542749746	0.9983919194802394
78.45222828428184	0.9983999195065324
78.55017114106622	0.998407919532552
78.64811399785059	0.9984159195583185
78.74605685463494	0.998423919583852
78.84399971141933	0.9984319196091723
78.9419425682037	0.9984399196342991
79.03988542498807	0.9984479196592521
79.13782828177244	0.9984559196840506
79.23577113855681	0.9984639197087138
79.33371399534118	0.9984719197332611
79.43165685212556	0.9984799197577114
79.52959970890993	0.9984879197820838
79.6275425656943	0.9984959198063974
79.72548542247867	0.9985039198306709
79.82342827926304	0.9985119198549232
79.92137113604741	0.9985199198791732
80.01931399283178	0.9985279199034398
80.11725684961615	0.9985359199277418
80.21519970640053	0.9985439199520982
80.3131425631849	0.9985519199765279
80.41108541996927	0.9985599200010499
80.50902827675364	0.9985679200256832
80.60697113353801	0.998575920050447
80.70491399032238	0.9985839200753607
80.80285684710675	0.9985919201004435
80.90079970389112	0.9985999201257151
80.9987425606755	0.998607920151195
81.09668541745987	0.9986159201769033
81.19462827424424	0.9986239202028597
81.29257113102861	0.9986319202290848
81.39051398781298	0.9986399202555988
81.48845684459735	0.9986479202824224
81.58639970138172	0.9986559203095766
81.6843425581661	0.9986639203370825
81.78228541495046	0.9986719203649617
81.88022827173484	0.9986799203932357
81.97817112851921	0.9986879204219269
82.07611398530358	0.9986959204510575
82.17405684208795	0.9987039204806504
82.27199969887232	0.9987119205107287
82.36994255565669	0.9987199205413159
82.46788541244106	0.9987279205724359
82.56582826922543	0.9987359206041131
82.6637711260098	0.9987439206363724
82.76171398279419	0.998751920669239
82.85965683957855	0.9987599207027387
82.95759969636292	0.9987679207368976
83.05554255314729	0.9987759207717426
83.15348540993168	0.9987839208073012
83.25142826671603	0.998791920843601
83.3493711235004	0.9987999208806708
83.44731398028478	0.9988079209185395
83.54525683706915	0.998815920957237
83.64319969385352	0.9988239209967937
83.74114255063789	0.9988319210372407
83.83908540742227	0.9988399210786097
83.93702826420663	0.9988479211209335
84.034971120991	0.9988559211642452
84.13291397777537	0.998863921208579
84.23085683455976	0.99887192125397
84.32879969134412	0.9988799213004537
84.42674254812849	0.9988879213480668
84.52468540491286	0.998895921396847
84.62262826169724	0.9989039214468327
84.7205711184816	0.9989119214980634
84.81851397526597	0.9989199215505795
84.91645683205034	0.9989279216044226
85.01439968883473	0.998935921659635
85.11234254561909	0.9989439217162605
85.21028540240346	0.9989519217743438
85.30822825918784	0.9989599218339309
85.4061711159722	0.9989679218950689
85.50411397275657	0.9989759219578062
85.60205682954094	0.9989839220221924
85.69999968632533	0.9989919220882786
85.79794254310968	0.998999922156117
85.89588539989406	0.9990079222257614
85.99382825667843	0.9990159222972669
86.09177111346281	0.9990239223706903
86.18971397024717	0.9990319224460896
86.28765682703154	0.9990399225235248
86.38559968381593	0.9990479226030572
86.4835425406003	0.9990559226847499
86.58148539738465	0.9990639227686677
86.67942825416903	0.9990719228548773
86.77737111095341	0.999079922943447
86.87531396773778	0.9990879230344473
86.97325682452214	0.9990959231279503
87.07119968130651	0.9991039232240303
87.1691425380909	0.9991119233227637
87.26708539487525	0.9991199234242288
87.36502825165962	0.9991279235285064
87.462971108444	0.9991359236356793
87.56091396522838	0.9991439237458327
87.65885682201274	0.9991519238590543
87.75679967879711	0.999159923975434
87.8547425355815	0.9991679240950644
87.95268539236586	0.9991759242180407
88.05062824915022	0.9991839243444607
88.1485711059346	0.9991919244744251
88.24651396271898	0.9991999246080372
88.34445681950335	0.9992079247454035
88.4423996762877	0.9992159248866334
88.54034253307208	0.9992239250318391
88.63828538985646	0.9992319251811365
88.73622824664083	0.9992399253346443
88.83417110342519	0.999247925492485
88.93211396020958	0.9992559256547842
89.03005681699395	0.9992639258216711
89.12799967377832	0.999271925993279
89.22594253056268	0.9992799261697444
89.32388538734706	0.9992879263512079
89.42182824413143	0.9992959265378143
89.51977110091579	0.9993039267297124
89.61771395770016	0.9993119269270551
89.71565681448455	0.9993199271299997
89.81359967126892	0.9993279273387081
89.91154252805327	0.9993359275533468
90.00948538483765	0.9993439277740869
90.10742824162203	0.9993519280011045
90.2053710984064	0.9993599282345808
90.30331395519076	0.9993679284747018
90.40125681197514	0.9993759287216594
90.49919966875952	0.9993839289756504
90.59714252554389	0.9993919292368777
90.69508538232824	0.9993999295055496
90.79302823911263	0.9994079297818805
90.890971095897	0.9994159300660912
90.98891395268137	0.9994239303584084
91.08685680946573	0.9994319306590653
91.18479966625011	0.9994399309683022
91.28274252303449	0.9994479312863659
91.38068537981884	0.9994559316135103
91.47862823660323	0.9994639319499967
91.5765710933876	0.9994719322960938
91.67451395017197	0.9994799326520779
91.77245680695633	0.9994879330182334
91.87039966374071	0.9994959333948527
91.96834252052508	0.9995039337822366
92.06628537730946	0.9995119341806946
92.16422823409381	0.999519934590545
92.2621710908782	0.9995279350121151
92.36011394766257	0.9995359354457418
92.45805680444694	0.9995439358917716
92.5559996612313	0.9995519363505607
92.65394251801568	0.9995599368224758
92.75188537480005	0.999567937307894
92.84982823158442	0.9995759378072031
92.9477710883688	0.9995839383208023
93.04571394515317	0.9995919388491018
93.14365680193754	0.999599939392524
93.2415996587219	0.9996079399515032
93.33954251550628	0.9996159405264862
93.43748537229065	0.9996239411179325
93.53542822907502	0.999631941726315
93.63337108585938	0.9996399423521198
93.73131394264377	0.9996479429958474
93.82925679942814	0.9996559436580122
93.92719965621251	0.9996639443391437
94.02514251299688	0.9996719450397865
94.12308536978125	0.9996799457605007
94.22102822656562	0.9996879465018624
94.31897108335	0.9996959472644645
94.41691394013436	0.9997039480489168
94.51485679691874	0.9997119488558466
94.6127996537031	0.999719949685899
94.71074251048748	0.9997279505397377
94.80868536727185	0.9997359514180458
94.90662822405622	0.9997439523215255
95.00457108084059	0.9997519532508993
95.10251393762496	0.9997599542069106
95.20045679440933	0.9997679551903238
95.2983996511937	0.9997759562019256
95.39634250797808	0.9997839572425251
95.49428536476245	0.9997919583129545
95.59222822154682	0.9997999594140702
95.69017107833119	0.9998079605467527
95.78811393511556	0.9998159617119081
95.88605679189993	0.9998239629104685
95.9839996486843	0.9998319641433926
96.08194250546867	0.9998399654116668
96.17988536225305	0.9998479667163055
96.27782821903742	0.9998559680583525
96.37577107582179	0.9998639694388815
96.47371393260616	0.9998719708589968
96.57165678939053	0.9998799723198347
96.6695996461749	0.9998879738225639
96.76754250295927	0.9998959753683867
96.86548535974364	0.9999039769585398
96.96342821652802	0.9999119785942956
97.06137107331239	0.9999199802769628
97.15931393009676	0.9999279820078879
97.25725678688113	0.9999359837884558
97.3551996436655	0.9999439856200913
97.45314250044987	0.9999519875042601
97.55108535723424	0.9999599894424697
97.64902821401861	0.9999679914362711
97.74697107080299	0.99997599348726
97.84491392758736	0.9999839955970774
97.94285678437173	0.9999919977674118
97.94285678437338	1.0
