0.0	0.0004825002662976975
0.0979428567843734	0.0004825002663616844
0.1958857135687468	0.000279211631571324
0.29382857035312016	0.0009036999503343338
0.3917714271374936	0.0019433632636785935
0.489714283921867	0.0033828364092904645
0.5876571407062404	0.005217774429165623
0.6855999974906137	0.007444720241095338
0.7835428542749872	0.01005995292665358
0.8814857110593605	0.013059261463903384
0.9794285678437338	0.016437891066914116
1.077371424628107	0.020190535294513486
1.1753142814124804	0.02431134395594444
1.2732571381968536	0.02879393791655394
1.3711999949812272	0.03363142765863138
1.4691428517656007	0.03881643429974904
1.5670857085499743	0.04434111244118639
1.6650285653343475	0.050197174486076815
1.7629714221187212	0.0563759161813682
1.8609142789030946	0.06286824318969267
1.958857135687468	0.0696646985221568
2.0567999924718414	0.07675549067578949
2.154742849256215	0.08413052232658556
2.2526857060405883	0.0917794194338911
2.350628562824962	0.09969156061581837
2.448571419609335	0.10785610665921579
2.5465142763937085	0.11626203003183246
2.644457133178082	0.12489814426888453
2.742399989962456	0.13375313311132692
2.8403428467468292	0.1428155792787663
2.938285703531202	0.15207399276609723
3.0362285603155756	0.16151683855955556
3.1341714170999495	0.17113256367490587
3.232114273884323	0.18090962342784306
3.3300571306686964	0.1908365068543287
3.4279999874530698	0.20090176120642428
3.525942844237443	0.21109401545715906
3.623885701021817	0.22140200275601005
3.7218285578061905	0.23181458178460784
3.819771414590564	0.24232075697025518
3.9177142713749373	0.25290969752269193
4.015657128159311	0.26357075526721047
4.113599984943685	0.2742934812546658
4.211542841728058	0.28506764113609445
4.309485698512431	0.29588322929651223
4.407428555296804	0.3067304817489726
4.505371412081177	0.31759988779610565
4.603314268865551	0.3284822004720965
4.701257125649925	0.3393684457833883
4.799199982434298	0.3502499307712923
4.897142839218671	0.36111825042414575
4.995085696003044	0.3719652934706823
5.093028552787418	0.38278324708985667
5.190971409571792	0.39356460057551146
5.288914266356165	0.40430214799698994
5.386857123140539	0.4149889898990977
5.4847999799249125	0.42561853408670997
5.5827428367092855	0.4361844955408281
5.680685693493659	0.4466808955140261
5.778628550278032	0.4571020598540108
5.876571407062406	0.4674426166044769
5.97451426384678	0.4776974929325835
6.072457120631153	0.4878619114322418
6.170399977415527	0.4979313858520004
6.2683428341999	0.5079017162956776
6.366285690984273	0.5177689839430296
6.464228547768647	0.5275295453366972
6.56217140455302	0.5371800262804494
6.660114261337394	0.5467173153923757
6.7580571181217675	0.556138557355176
6.85599997490614	0.5654411459040951
6.953942831690514	0.5746227165913491
7.051885688474887	0.5836811393641291
7.149828545259261	0.5926145109914425
7.247771402043635	0.6014211473731973
7.345714258828008	0.6100995757630528
7.443657115612382	0.6186485269346659
7.541599972396755	0.6270669273190757
7.639542829181128	0.6353538911390919
7.737485685965503	0.6435087125647002
7.835428542749875	0.6515308579116769
7.933371399534249	0.6594199579038261
8.031314256318622	0.6671758000175201
8.129257113102996	0.6747983209255397
8.22719996988737	0.682287599055593
8.325142826671744	0.6896438472773252
8.423085683456115	0.6968674057301391
8.52102854024049	0.7039587348027134
8.618971397024863	0.7109184082737481
8.716914253809238	0.7177471066221739
8.81485711059361	0.7244456105138457
8.912799967377984	0.7310147944705886
9.010742824162357	0.7374556207263901
9.10868568094673	0.7437691332745219
9.206628537731104	0.749956452108434
9.304571394515477	0.7560187676583953
9.402514251299852	0.7619573354250417
9.500457108084223	0.7677734708102542
9.598399964868598	0.773468544145103
9.696342821652971	0.7790439759139735
9.794285678437346	0.7845012321734187
9.892228535221719	0.7898418201637749
9.990171392006092	0.7950672841111107
10.088114248790465	0.8001792012166724
10.18605710557484	0.8051791778306173
10.283999962359212	0.8100688458065095
10.381942819143587	0.8148498590327661
10.479885675927958	0.8195238901370044
10.577828532712331	0.8240926273590301
10.675771389496706	0.8285577715880345
10.773714246281079	0.8329210335594287
10.871657103065454	0.837184131206629
10.969599959849825	0.8413487871630191
11.0675428166342	0.8454167264092579
11.165485673418573	0.8493896740610598
11.263428530202948	0.8532693532925554
11.36137138698732	0.8570574833903435
11.459314243771693	0.8607557779333599
11.557257100556066	0.8643659430937227
11.655199957340441	0.8678896760537597
11.753142814124814	0.8713286635344807
11.851085670909189	0.87468458043083
11.94902852769356	0.8779590885491285
12.046971384477935	0.8811538354422074
12.144914241262308	0.8842704533378237
12.24285709804668	0.8873105581560554
12.340799954831056	0.8902757486114727
12.438742811615429	0.8931676053959966
12.536685668399802	0.8959876904384668
12.634628525184175	0.8987375462370596
12.73257138196855	0.9014186952608103
12.830514238752922	0.9040326394166195
12.928457095537297	0.9065808595782373
13.026399952321668	0.9090648151738452
13.124342809106043	0.9114859438289714
13.222285665890416	0.9138456610615987
13.32022852267479	0.9161453600264394
13.418171379459164	0.9183864113054728
13.516114236243537	0.9205701627419532
13.61405709302791	0.9226979393152137
13.711999949812283	0.9247710430536998
13.809942806596657	0.9267907529837801
13.90788566338103	0.9287583251119845
14.005828520165403	0.9306749924384297
14.103771376949776	0.9325419649992889
14.201714233734151	0.9343604299362672
14.299657090518524	0.9361315515911351
14.397599947302899	0.9378564716234707
14.49554280408727	0.9395363091498489
14.593485660871645	0.9411721609028051
14.691428517656018	0.942765101407985
14.789371374440393	0.9443161831779734
14.887314231224765	0.945826436921375
14.985257088009138	0.9472968717657948
15.083199944793513	0.9487284754934389
15.181142801577884	0.9501222147881283
15.27908565836226	0.9514790354925832
15.377028515146634	0.9527998628749005
15.474971371931005	0.9540856019032118
15.572914228715378	0.9553371375275646
15.670857085499753	0.9565553349681277
15.768799942284128	0.9577410400088784
15.866742799068499	0.9588950792959754
15.964685655852874	0.960018260640077
16.062628512637247	0.9611113733219071
16.16057136942162	0.9621751884004168
16.258514226205993	0.9632104590229349
16.356457082990367	0.9642179207367375
16.454399939774742	0.9651982918015088
16.552342796559117	0.9661522735022001
16.650285653343488	0.967080550461829
16.748228510127863	0.9679837909537947
16.846171366912234	0.9688626472133173
16.94411422369661	0.9697177557476349
17.04205708048098	0.9705497376446263
17.139999937265355	0.9713591988795486
17.23794279404973	0.9721467306196072
17.3358856508341	0.9729129095260979
17.433828507618475	0.9736582980538838
17.53177136440285	0.9743834447479921
17.629714221187225	0.975088884537132
17.727657077971596	0.9757751390239595
17.825599934755967	0.9764427167719258
17.923542791540342	0.9770921135885701
18.021485648324717	0.9777238128051252
18.119428505109088	0.9783382855523267
18.217371361893463	0.9789359910323233
18.315314218677837	0.979517376786605
18.413257075462212	0.9800828789598726
18.511199932246583	0.9806329225597863
18.609142789030958	0.9811679217125423
18.707085645815333	0.9816882799142318
18.805028502599704	0.9821943902779522
18.902971359384075	0.9826866357766431
19.00091421616845	0.9831653894816313
19.098857072952825	0.9836310147968753
19.196799929737196	0.9840838656889047
19.29474278652157	0.9845242869124607
19.392685643305946	0.9849526142318447
19.49062850009032	0.9853691746379902
19.58857135687469	0.9857742865612791
19.686514213659063	0.9861682600801243
19.784457070443434	0.9865513971253487
19.882399927227805	0.986923991680392
19.980342784012176	0.9872863299773817
20.078285640796544	0.9876386906891059
20.176228497580915	0.9879813451169308
20.274171354365286	0.9883145573747072
20.372114211149658	0.9886385845687117
20.47005706793403	0.9889536769736723
20.5679999247184	0.989260078204929
20.665942781502775	0.9895580253867805
20.763885638287146	0.9898477493170725
20.861828495071517	0.9901294746280813
20.95977135185589	0.9904034199437489
21.05771420864026	0.9906697980333273
21.15565706542463	0.9909288159614889
21.253599922209002	0.9911806752349616
21.351542778993373	0.9914255719457478
21.449485635777744	0.9916636969109864
21.547428492562116	0.9918952358095169
21.645371349346487	0.992120369315205
21.743314206130858	0.992339273227091
21.84125706291523	0.9925521185964189
21.9391999196996	0.9927590718506056
22.03714277648397	0.9929602949142117
22.135085633268343	0.9931559453269698
22.233028490052714	0.9933461763589323
22.330971346837085	0.9935311371227938
22.428914203621456	0.9937109726834488
22.526857060405828	0.9938858241648397
22.6247999171902	0.9940558288541544
22.72274277397457	0.9942211203034268
22.82068563075894	0.9943818284285981
22.918628487543312	0.9945380796060936
23.016571344327684	0.9946899967669679
23.114514201112055	0.9948376994886734
23.21245705789643	0.9949813040845047
23.3103999146808	0.9951209236907704
23.408342771465172	0.9952566683517448
23.506285628249543	0.9953886451024477
23.604228485033914	0.9955169580493061
23.702171341818286	0.9956417084487414
23.800114198602657	0.9957629947837356
23.898057055387024	0.9958809128384197
23.995999912171396	0.9959955557707328
24.093942768955767	0.9961070141831975
24.191885625740138	0.9962153761918552
24.28982848252451	0.996320727493407
24.38777133930888	0.9964231514306022
24.485714196093255	0.996522729055916
24.583657052877626	0.9966195391935603
24.681599909661998	0.9967136584998659
24.77954276644637	0.9968051615220775
24.87748562323074	0.9968941207555992
24.97542848001511	0.9969806066997301
25.073371336799482	0.9970646879119266
25.171314193583854	0.9971464310606281
25.269257050368225	0.9972259009766825
25.367199907152596	0.9973031607034061
25.465142763936967	0.9973782715453119
25.56308562072134	0.9974512931155411
25.661028477505713	0.9975222833820296
25.75897133429008	0.9975912987124413
25.856914191074452	0.9976583939179013
25.954857047858823	0.9977236222955574
26.052799904643194	0.9977870356700017
26.150742761427566	0.9978486844335807
26.248685618211937	0.9979086175856224
26.346628474996308	0.9979668827706093
26.44457133178068	0.9980235263153229
26.54251418856505	0.998078593264988
26.64045704534942	0.998132127418442
26.738399902133793	0.9981841713623546
26.836342758918164	0.9982347665045225
26.93428561570254	0.9982839531062638
27.03222847248691	0.9983317703139359
27.13017132927128	0.9983782561895983
27.228114186055652	0.9984234477408446
27.326057042840024	0.9984673809498248
27.423999899624395	0.9985100908014795
27.521942756408766	0.9985516113110058
27.619885613193137	0.9985919755505773
27.717828469977505	0.9986312156753359
27.815771326761876	0.9986693629486754
27.913714183546247	0.998706447766837
28.01165704033062	0.998742499682833
28.10959989711499	0.9987775474297176
28.207542753899364	0.9988116189432223
28.305485610683736	0.9988447413837733
28.403428467468107	0.9988769411579057
28.501371324252478	0.9989082439390932
28.59931418103685	0.9989386746880063
28.69725703782122	0.9989682576722171
28.79519989460559	0.9989970164853625
28.893142751389963	0.9990249740657839
28.991085608174334	0.999052152714654
29.089028464958705	0.9990785741136068
29.186971321743076	0.9991042593418843
29.284914178527448	0.9991292288930109
29.38285703531182	0.9991535026910108
29.480799892096194	0.9991771001061783
29.57874274888056	0.9992000399704163
29.676685605664932	0.9992223405921506
29.774628462449304	0.9992440197708357
29.87257131923367	0.9992650948110594
29.970514176018046	0.9992855825362609
30.06845703280242	0.9993054993020688
30.16639988958679	0.9993248610092734
30.264342746371163	0.9993436831164402
30.36228560315553	0.9993619806521754
30.460228459939906	0.9993797682270543
30.558171316724273	0.9993970600452189
30.656114173508648	0.9994138699156562
30.754057030293016	0.9994302112631653
30.85199988707739	0.9994460971390211
30.949942743861758	0.9994615402313431
31.047885600646133	0.9994765528751788
31.1458284574305	0.9994911470623068
31.243771314214875	0.9995053344507704
31.341714170999246	0.9995191263741465
31.439657027783618	0.9995325338505585
31.53759988456799	0.9995455675914395
31.635542741352356	0.9995582380100536
31.73348559813673	0.9995705552297806
31.8314284549211	0.9995825290921717
31.929371311705474	0.9995941691647824
32.027314168489845	0.9996054847487877
32.125257025274216	0.999616484886387
32.22319988205859	0.9996271783680033
32.32114273884296	0.9996375737392835
32.41908559562733	0.9996476793079041
32.5170284524117	0.9996575031501885
32.61497130919607	0.9996670531175408
32.71291416598044	0.9996763368427009
32.810857022764814	0.9996853617458266
32.908799879549186	0.9996941350404067
33.00674273633356	0.99970266373901
33.10468559311793	0.9997109546588745
33.2026284499023	0.9997190144273425
33.30057130668667	0.9997268494871434
33.39851416347104	0.9997344661015313
33.49645702025541	0.9997418703592784
33.594399877039784	0.9997490681795316
33.692342733824155	0.9997560653165324
33.790285590608526	0.999762867364207
33.888228447392905	0.9997694797606284
33.98617130417727	0.9997759077923541
34.08411416096165	0.9997821565986447
34.18205701774601	0.9997882311755631
34.27999987453038	0.9997941363799624
34.377942731314754	0.9997998769333604
34.475885588099125	0.9998054574257083
34.573828444883496	0.9998108823190538
34.67177130166787	0.9998161559511025
34.76971415845224	0.9998212825386803
34.86765701523661	0.9998262661810993
34.96559987202098	0.9998311108634308
35.06354272880535	0.9998358204596864
35.16148558558973	0.9998403987359114
35.259428442374094	0.9998448493531913
35.35737129915847	0.9998491758705759
35.45531415594284	0.9998533817479206
35.553257012727215	0.9998574703486499
35.65119986951158	0.9998614449424433
35.74914272629596	0.9998653087078467
35.84708558308032	0.9998690647348112
35.9450284398647	0.9998727160271609
36.042971296649064	0.9998762655049926
36.14091415343344	0.9998797160070085
36.23885701021781	0.9998830702927833
36.33679986700218	0.9998863310449695
36.434742723786556	0.99988950087144
36.53268558057092	0.9998925823073721
36.6306284373553	0.9998955778172728
36.72857129413966	0.999898489796948
36.82651415092404	0.9999013205754168
36.924457007708405	0.9999040724167728
37.02239986449278	0.9999067475219929
37.12034272127715	0.9999093480306965
37.218285578061526	0.9999118760228551
37.31622843484589	0.9999143335204549
37.41417129163027	0.9999167224891121
37.51211414841463	0.9999190448396447
37.61005700519901	0.999921302429599
37.70799986198338	0.9999234970647348
37.80594271876775	0.9999256305004683
37.903885575552124	0.9999277044432756
38.001828432336495	0.9999297205520563
38.099771289120866	0.9999316804394599
38.19771414590523	0.9999335856731748
38.29565700268961	0.9999354377771814
38.39359985947397	0.9999372382329704
38.49154271625835	0.9999389884807274
38.589485573042715	0.9999406899204838
38.687428429827094	0.9999423439132364
38.78537128661146	0.9999439517820354
38.883314143395836	0.9999455148130422
38.98125700018021	0.9999470342565574
39.07919985696458	0.999948511328021
39.17714271374895	0.9999499472089837
39.27508557053333	0.9999513430480517
39.37302842731769	0.9999526999618054
39.47097128410207	0.9999540190356918
39.568914140886434	0.9999553013248927
39.66685699767081	0.9999565478551684
39.764799854455184	0.9999577596236775
39.86274271123955	0.9999589375997748
39.960685568023926	0.9999600827257863
40.05862842480829	0.9999611959177624
40.15657128159267	0.999962278066211
40.25451413837703	0.999963330036809
40.35245699516141	0.9999643526710952
40.450399851945775	0.9999653467871427
40.548342708730154	0.9999663131802135
40.64628556551452	0.9999672526233943
40.744228422298896	0.9999681658682147
40.84217127908326	0.9999690536452486
40.94011413586764	0.999969916664698
41.03805699265201	0.9999707556169614
41.13599984943638	0.9999715711731855
41.23394270622075	0.9999723639858022
41.33188556300512	0.9999731346890507
41.429828419789494	0.9999738838994842
41.527771276573866	0.9999746122164632
41.62571413335824	0.9999753202226354
41.72365699014261	0.9999760084844007
41.82159984692698	0.9999766775523651
41.91954270371134	0.9999773279617806
42.01748556049572	0.9999779602329736
42.115428417280086	0.9999785748717607
42.213371274064464	0.9999791723698537
42.311314130848835	0.9999797532052527
42.409256987633206	0.9999803178426283
42.50719984441758	0.9999808667336935
42.60514270120195	0.9999814003175647
42.70308555798632	0.9999819190211133
42.80102841477069	0.9999824232593072
42.89897127155506	0.999982913435542
42.996914128339434	0.9999833899419646
43.094856985123805	0.9999838531597861
43.192799841908176	0.9999843034595874
43.29074269869255	0.9999847412016151
43.38868555547692	0.9999851667360699
43.48662841226129	0.9999855804033866
43.58457126904566	0.9999859825345067
43.68251412583003	0.9999863734511427
43.7804569826144	0.9999867534660359
43.878399839398774	0.9999871228832062
43.976342696183146	0.9999874819981954
44.07428555296752	0.9999878310983038
44.17222840975189	0.9999881704628196
44.27017126653626	0.9999885003632428
44.36811412332063	0.9999888210635022
44.466056980105	0.9999891328201662
44.56399983688937	0.9999894358826485
44.661942693673744	0.9999897304934077
44.759885550458115	0.9999900168881405
44.85782840724249	0.999990295295971
44.95577126402686	0.999990565939634
45.053714120811236	0.9999908290356523
45.1516569775956	0.999991084794511
45.24959983437998	0.9999913334208255
45.34754269116434	0.9999915751135046
45.44548554794872	0.9999918100659103
45.543428404733085	0.9999920384660126
45.641371261517456	0.9999922604965392
45.73931411830183	0.9999924763351222
45.8372569750862	0.9999926861544401
45.93519983187057	0.9999928901223558
46.03314268865494	0.9999930884020508
46.13108554543932	0.9999932811521562
46.22902840222368	0.9999934685268793
46.32697125900806	0.9999936506761268
46.424914115792426	0.999993827745625
46.522856972576804	0.9999939998770362
46.62079982936117	0.9999941672080723
46.718742686145546	0.9999943298726047
46.81668554292991	0.9999944880007715
46.91462839971429	0.9999946417190814
47.01257125649865	0.9999947911505153
47.11051411328303	0.9999949364146243
47.208456970067395	0.9999950776276259
47.306399826851774	0.9999952149024961
47.404342683636145	0.9999953483490607
47.50228554042051	0.9999954780740824
47.60022839720489	0.9999956041813468
47.69817125398925	0.9999957267717451
47.79611411077363	0.9999958459433548
47.894056967557994	0.9999959617915183
47.99199982434237	0.9999960744089192
48.089942681126736	0.9999961838856566
48.187885537911114	0.9999962903093164
48.28582839469548	0.9999963937650423
48.38377125147986	0.9999964943356037
48.48171410826422	0.9999965921014613
48.5796569650486	0.9999966871408322
48.67759982183297	0.9999967795297524
48.77554267861734	0.999996869342137
48.87348553540171	0.9999969566498402
48.971428392186084	0.9999970415227121
49.069371248970455	0.9999971240286548
49.167314105754826	0.9999972042336771
49.2652569625392	0.9999972822019466
49.36319981932357	0.9999973579958417
49.46114267610794	0.9999974316760009
49.559085532892304	0.9999975033013718
49.65702838967668	0.9999975729292582
49.75497124646105	0.9999976406153656
49.852914103245425	0.9999977064138461
49.950856960029796	0.9999977703773417
50.04879981681417	0.9999978325570263
50.14674267359854	0.9999978930026466
50.24468553038291	0.999997951762562
50.34262838716728	0.9999980088837832
50.44057124395165	0.99999806441201
50.53851410073602	0.9999981183916677
50.636456957520394	0.9999981708659427
50.734399814304766	0.9999982218768169
50.83234267108914	0.9999982714651015
50.93028552787351	0.9999983196704696
51.02822838465788	0.9999983665314879
51.12617124144225	0.9999984120856474
51.22411409822662	0.9999984563693939
51.32205695501099	0.9999984994181563
51.419999811795364	0.999998541266376
51.517942668579735	0.9999985819475335
51.61588552536411	0.999998621494176
51.71382838214848	0.9999986599379425
51.81177123893285	0.99999869730959
51.90971409571722	0.9999987336390178
52.00765695250159	0.9999987689552912
52.10559980928596	0.9999988032866649
52.203542666070334	0.999998836660606
52.301485522854705	0.9999988691038151
52.399428379639076	0.9999989006422485
52.497371236423454	0.9999989313011385
52.59531409320782	0.9999989611050137
52.6932569499922	0.999998990077719
52.79119980677656	0.9999990182424338
52.88914266356094	0.9999990456216913
52.9870855203453	0.9999990722373964
53.085028377129674	0.9999990981108429
53.182971233914046	0.9999991232627309
53.28091409069842	0.9999991477131833
53.37885694748279	0.9999991714817618
53.47679980426716	0.9999991945874822
53.57474266105153	0.9999992170488304
53.6726855178359	0.9999992388837767
53.77062837462028	0.9999992601097901
53.868571231404644	0.9999992807438526
53.96651408818902	0.9999993008024723
54.06445694497339	0.9999993203016975
54.162399801757765	0.9999993392571283
54.26034265854213	0.99999935768393
54.35828551532651	0.9999993755968452
54.45622837211087	0.9999993930102049
54.55417122889525	0.9999994099379409
54.652114085679614	0.9999994263935962
54.75005694246399	0.9999994423903362
54.847999799248356	0.9999994579409591
54.945942656032734	0.9999994730579063
55.043885512817106	0.999999487753272
55.14182836960147	0.9999995020388133
55.23977122638585	0.9999995159259594
55.33771408317021	0.9999995294258207
55.43565693995459	0.9999995425491979
55.533599796738955	0.9999995553065902
55.63154265352333	0.9999995677082044
55.7294855103077	0.9999995797639624
55.827428367092075	0.9999995914835093
55.92537122387644	0.9999996028762214
56.02331408066082	0.9999996139512135
56.12125693744519	0.9999996247173462
56.21919979422956	0.9999996351832329
56.31714265101393	0.9999996453572468
56.4150855077983	0.9999996552475279
56.513028364582674	0.9999996648619887
56.610971221367045	0.9999996742083213
56.708914078151416	0.9999996832940033
56.80685693493579	0.9999996921263038
56.90479979172016	0.999999700712289
57.00274264850452	0.9999997090588283
57.1006855052889	0.9999997171725992
57.198628362073265	0.9999997250600932
57.29657121885764	0.9999997327276207
57.394514075642014	0.9999997401813161
57.492456932426386	0.9999997474271428
57.59039978921076	0.9999997544708978
57.68834264599513	0.9999997613182166
57.7862855027795	0.9999997679745771
57.88422835956387	0.9999997744453051
57.98217121634824	0.9999997807355773
58.08011407313261	0.9999997868504263
58.178056929916984	0.9999997927947444
58.275999786701355	0.9999997985732872
58.37394264348573	0.999999804190678
58.4718855002701	0.999999809651411
58.56982835705447	0.999999814959855
58.66777121383885	0.999999820120257
58.76571407062321	0.9999998251367457
58.86365692740758	0.9999998300133345
58.961599784191954	0.999999834753925
59.059542640976325	0.9999998393623097
59.157485497760696	0.9999998438421759
59.25542835454507	0.9999998481971074
59.35337121132944	0.9999998524305885
59.45131406811381	0.9999998565460063
59.54925692489818	0.9999998605466534
59.64719978168255	0.9999998644357302
59.74514263846692	0.9999998682163485
59.84308549525129	0.9999998718915328
59.94102835203567	0.9999998754642235
60.03897120882004	0.999999878937279
60.13691406560441	0.9999998823134779
60.234856922388786	0.9999998855955213
60.33279977917316	0.9999998887860351
60.43074263595752	0.9999998918875718
60.52868549274189	0.9999998949026128
60.62662834952627	0.9999998978335702
60.724571206310635	0.9999999006827891
60.82251406309501	0.999999903452549
60.92045691987938	0.9999999061450657
61.018399776663756	0.9999999087624936
61.11634263344812	0.9999999113069264
61.21428549023249	0.9999999137804002
61.31222834701687	0.9999999161848937
61.41017120380124	0.9999999185223306
61.508114060585605	0.9999999207945811
61.606056917369976	0.999999923003463
61.703999774154354	0.9999999251507435
61.801942630938726	0.9999999272381407
61.89988548772309	0.9999999292673245
61.99782834450746	0.9999999312399185
62.09577120129184	0.9999999331575007
62.19371405807621	0.9999999350216053
62.291656914860575	0.9999999368337238
62.389599771644946	0.9999999385953059
62.487542628429324	0.999999940307761
62.585485485213695	0.999999941972459
62.68342834199806	0.999999943590732
62.78137119878244	0.9999999451638745
62.87931405556681	0.9999999466931452
62.97725691235117	0.9999999481797676
63.075199769135544	0.999999949624931
63.17314262591992	0.9999999510297917
63.271085482704294	0.9999999523954736
63.36902833948866	0.9999999537230694
63.46697119627303	0.9999999550136411
63.56491405305741	0.9999999562682215
63.66285690984178	0.999999957487814
63.76079976662614	0.9999999586733945
63.85874262341053	0.9999999598259116
63.95668548019489	0.9999999609462872
64.05462833697926	0.9999999620354177
64.15257119376363	0.9999999630941746
64.250514050548	0.9999999641234049
64.34845690733238	0.999999965123932
64.44639976411675	0.9999999660965563
64.54434262090112	0.9999999670420561
64.64228547768549	0.9999999679611877
64.74022833446986	0.9999999688546867
64.83817119125423	0.9999999697232677
64.93611404803859	0.9999999705676257
65.03405690482298	0.9999999713884362
65.13199976160735	0.999999972186356
65.22994261839172	0.9999999729620233
65.32788547517609	0.9999999737160588
65.42582833196046	0.9999999744490657
65.52377118874483	0.9999999751616306
65.6217140455292	0.9999999758543235
65.71965690231357	0.9999999765276986
65.81759975909794	0.9999999771822945
65.91554261588232	0.999999977818635
66.01348547266669	0.9999999784372293
66.11142832945106	0.9999999790385722
66.20937118623543	0.9999999796231448
66.3073140430198	0.9999999801914149
66.40525689980417	0.999999980743837
66.50319975658854	0.9999999812808532
66.60114261337291	0.9999999818028931
66.69908547015729	0.9999999823103743
66.79702832694166	0.999999982803703
66.89497118372603	0.9999999832832736
66.9929140405104	0.9999999837494699
67.09085689729477	0.9999999842026649
67.18879975407914	0.9999999846432213
67.28674261086351	0.9999999850714913
67.38468546764788	0.9999999854878179
67.48262832443227	0.9999999858925339
67.58057118121663	0.9999999862859632
67.678514038001	0.9999999866684205
67.77645689478537	0.9999999870402119
67.87439975156975	0.9999999874016346
67.97234260835411	0.999999987752978
68.07028546513848	0.9999999880945232
68.16822832192285	0.9999999884265434
68.26617117870722	0.9999999887493042
68.3641140354916	0.9999999890630638
68.46205689227597	0.9999999893680732
68.55999974906034	0.9999999896645766
68.65794260584471	0.999999989952811
68.75588546262908	0.9999999902330072
68.85382831941345	0.9999999905053893
68.95177117619784	0.9999999907701752
69.0497140329822	0.9999999910275768
69.14765688976657	0.9999999912777998
69.24559974655094	0.9999999915210447
69.34354260333532	0.999999991757506
69.44148546011968	0.9999999919873728
69.53942831690405	0.9999999922108291
69.63737117368842	0.9999999924280537
69.73531403047281	0.9999999926392203
69.83325688725716	0.9999999928444979
69.93119974404154	0.9999999930440507
70.02914260082592	0.9999999932380385
70.12708545761028	0.9999999934266162
70.22502831439465	0.9999999936099349
70.32297117117902	0.9999999937881412
70.4209140279634	0.9999999939613776
70.51885688474776	0.9999999941297829
70.61679974153213	0.9999999942934916
70.7147425983165	0.9999999944526349
70.81268545510089	0.9999999946073399
70.91062831188525	0.9999999947577306
71.00857116866962	0.9999999949039271
71.10651402545399	0.9999999950460465
71.20445688223838	0.9999999951842026
71.30239973902273	0.9999999953185057
71.4003425958071	0.9999999954490634
71.49828545259149	0.9999999955759801
71.59622830937586	0.9999999956993573
71.69417116616022	0.9999999958192938
71.79211402294459	0.9999999959358854
71.89005687972897	0.9999999960492255
71.98799973651334	0.9999999961594048
72.0859425932977	0.9999999962665115
72.18388545008207	0.9999999963706312
72.28182830686646	0.9999999964718471
72.37977116365082	0.9999999965702404
72.47771402043519	0.9999999966658897
72.57565687721957	0.9999999967588715
72.67359973400394	0.9999999968492602
72.7715425907883	0.9999999969371282
72.86948544757267	0.9999999970225457
72.96742830435706	0.9999999971055811
73.06537116114143	0.9999999971863007
73.16331401792579	0.9999999972647693
73.26125687471016	0.9999999973410495
73.35919973149454	0.9999999974152024
73.45714258827891	0.9999999974872874
73.55508544506327	0.9999999975573621
73.65302830184764	0.9999999976254825
73.75097115863203	0.9999999976917032
73.8489140154164	0.9999999977560772
73.94685687220075	0.9999999978186559
74.04479972898514	0.9999999978794893
74.14274258576951	0.9999999979386263
74.24068544255387	0.999999997996114
74.33862829933824	0.9999999980519986
74.43657115612262	0.9999999981063246
74.534514012907	0.9999999981591355
74.63245686969135	0.9999999982104737
74.73039972647572	0.9999999982603802
74.82834258326011	0.999999998308895
74.92628544004448	0.9999999983560567
75.02422829682884	0.9999999984019031
75.12217115361322	0.999999998446471
75.2201140103976	0.999999998489796
75.31805686718197	0.9999999985319128
75.41599972396632	0.999999998572855
75.51394258075071	0.9999999986126554
75.61188543753508	0.9999999986513459
75.70982829431945	0.9999999986889574
75.80777115110381	0.9999999987255199
75.9057140078882	0.9999999987610628
76.00365686467256	0.9999999987956145
76.10159972145692	0.9999999988292027
76.19954257824129	0.9999999988618541
76.29748543502568	0.9999999988935949
76.39542829181005	0.9999999989244506
76.4933711485944	0.9999999989544458
76.59131400537879	0.9999999989836045
76.68925686216316	0.99999999901195
76.78719971894753	0.999999999039505
76.88514257573189	0.9999999990662916
76.98308543251628	0.9999999990923311
77.08102828930065	0.9999999991176445
77.17897114608502	0.9999999991422519
77.27691400286938	0.9999999991661731
77.37485685965376	0.9999999991894272
77.47279971643813	0.9999999992120328
77.5707425732225	0.999999999234008
77.66868543000687	0.9999999992553703
77.76662828679125	0.9999999992761369
77.86457114357562	0.9999999992963243
77.96251400035999	0.9999999993159489
78.06045685714436	0.999999999335026
78.15839971392873	0.9999999993535712
78.2563425707131	0.9999999993715992
78.35428542749746	0.9999999993891244
78.45222828428184	0.9999999994061609
78.55017114106622	0.9999999994227223
78.64811399785059	0.9999999994388219
78.74605685463494	0.9999999994544725
78.84399971141933	0.9999999994696867
78.9419425682037	0.9999999994844765
79.03988542498807	0.9999999994988539
79.13782828177244	0.9999999995128304
79.23577113855681	0.999999999526417
79.33371399534118	0.9999999995396248
79.43165685212556	0.9999999995524643
79.52959970890993	0.9999999995649458
79.6275425656943	0.9999999995770792
79.72548542247867	0.9999999995888742
79.82342827926304	0.9999999996003403
79.92137113604741	0.9999999996114866
80.01931399283178	0.9999999996223221
80.11725684961615	0.9999999996328555
80.21519970640053	0.999999999643095
80.3131425631849	0.9999999996530491
80.41108541996927	0.9999999996627256
80.50902827675364	0.9999999996721323
80.60697113353801	0.9999999996812766
80.70491399032238	0.999999999690166
80.80285684710675	0.9999999996988074
80.90079970389112	0.9999999997072079
80.9987425606755	0.9999999997153741
81.09668541745987	0.9999999997233127
81.19462827424424	0.9999999997310298
81.29257113102861	0.9999999997385318
81.39051398781298	0.9999999997458245
81.48845684459735	0.999999999752914
81.58639970138172	0.9999999997598057
81.6843425581661	0.9999999997665052
81.78228541495046	0.999999999773018
81.88022827173484	0.9999999997793492
81.97817112851921	0.9999999997855038
82.07611398530358	0.9999999997914868
82.17405684208795	0.999999999797303
82.27199969887232	0.9999999998029571
82.36994255565669	0.9999999998084534
82.46788541244106	0.9999999998137966
82.56582826922543	0.9999999998189908
82.6637711260098	0.9999999998240401
82.76171398279419	0.9999999998289486
82.85965683957855	0.9999999998337203
82.95759969636292	0.9999999998383591
83.05554255314729	0.9999999998428685
83.15348540993168	0.9999999998472521
83.25142826671603	0.9999999998515136
83.3493711235004	0.9999999998556562
83.44731398028478	0.9999999998596834
83.54525683706915	0.9999999998635982
83.64319969385352	0.999999999867404
83.74114255063789	0.9999999998711037
83.83908540742227	0.9999999998747002
83.93702826420663	0.9999999998781965
84.034971120991	0.9999999998815954
84.13291397777537	0.9999999998848995
84.23085683455976	0.9999999998881116
84.32879969134412	0.9999999998912341
84.42674254812849	0.9999999998942696
84.52468540491286	0.9999999998972205
84.62262826169724	0.9999999999000893
84.7205711184816	0.999999999902878
84.81851397526597	0.9999999999055891
84.91645683205034	0.9999999999082246
85.01439968883473	0.9999999999107867
85.11234254561909	0.9999999999132774
85.21028540240346	0.9999999999156987
85.30822825918784	0.9999999999180526
85.4061711159722	0.9999999999203408
85.50411397275657	0.9999999999225654
85.60205682954094	0.999999999924728
85.69999968632533	0.9999999999268304
85.79794254310968	0.9999999999288743
85.89588539989406	0.9999999999308613
85.99382825667843	0.999999999932793
86.09177111346281	0.9999999999346709
86.18971397024717	0.9999999999364966
86.28765682703154	0.9999999999382714
86.38559968381593	0.9999999999399968
86.4835425406003	0.9999999999416742
86.58148539738465	0.999999999943305
86.67942825416903	0.9999999999448904
86.77737111095341	0.9999999999464317
86.87531396773778	0.9999999999479302
86.97325682452214	0.999999999949387
87.07119968130651	0.9999999999508034
87.1691425380909	0.9999999999521803
87.26708539487525	0.999999999953519
87.36502825165962	0.9999999999548205
87.462971108444	0.9999999999560858
87.56091396522838	0.999999999957316
87.65885682201274	0.9999999999585121
87.75679967879711	0.9999999999596749
87.8547425355815	0.9999999999608056
87.95268539236586	0.9999999999619048
88.05062824915022	0.9999999999629736
88.1485711059346	0.9999999999640128
88.24651396271898	0.9999999999650232
88.34445681950335	0.9999999999660055
88.4423996762877	0.9999999999669608
88.54034253307208	0.9999999999678895
88.63828538985646	0.9999999999687925
88.73622824664083	0.9999999999696706
88.83417110342519	0.9999999999705245
88.93211396020958	0.9999999999713547
89.03005681699395	0.999999999972162
89.12799967377832	0.9999999999729471
89.22594253056268	0.9999999999737105
89.32388538734706	0.9999999999744529
89.42182824413143	0.9999999999751749
89.51977110091579	0.999999999975877
89.61771395770016	0.9999999999765598
89.71565681448455	0.9999999999772238
89.81359967126892	0.9999999999778696
89.91154252805327	0.9999999999784976
90.00948538483765	0.9999999999791085
90.10742824162203	0.9999999999797027
90.2053710984064	0.9999999999802807
90.30331395519076	0.9999999999808428
90.40125681197514	0.9999999999813896
90.49919966875952	0.9999999999819215
90.59714252554389	0.9999999999824389
90.69508538232824	0.9999999999829423
90.79302823911263	0.9999999999834321
90.890971095897	0.9999999999839086
90.98891395268137	0.9999999999843723
91.08685680946573	0.9999999999848235
91.18479966625011	0.9999999999852625
91.28274252303449	0.9999999999856897
91.38068537981884	0.9999999999861054
91.47862823660323	0.9999999999865101
91.5765710933876	0.999999999986904
91.67451395017197	0.9999999999872874
91.77245680695633	0.9999999999876606
91.87039966374071	0.999999999988024
91.96834252052508	0.9999999999883777
92.06628537730946	0.9999999999887222
92.16422823409381	0.9999999999890576
92.2621710908782	0.9999999999893843
92.36011394766257	0.9999999999897025
92.45805680444694	0.9999999999900124
92.5559996612313	0.9999999999903144
92.65394251801568	0.9999999999906086
92.75188537480005	0.9999999999908953
92.84982823158442	0.9999999999911747
92.9477710883688	0.9999999999914471
93.04571394515317	0.9999999999917125
93.14365680193754	0.9999999999919714
93.2415996587219	0.9999999999922239
93.33954251550628	0.9999999999924701
93.43748537229065	0.9999999999927104
93.53542822907502	0.9999999999929448
93.63337108585938	0.9999999999931735
93.73131394264377	0.9999999999933967
93.82925679942814	0.9999999999936147
93.92719965621251	0.9999999999938275
94.02514251299688	0.9999999999940354
94.12308536978125	0.9999999999942386
94.22102822656562	0.9999999999944371
94.31897108335	0.9999999999946312
94.41691394013436	0.999999999994821
94.51485679691874	0.9999999999950067
94.6127996537031	0.9999999999951883
94.71074251048748	0.9999999999953662
94.80868536727185	0.9999999999955402
94.90662822405622	0.9999999999957108
95.00457108084059	0.9999999999958779
95.10251393762496	0.9999999999960416
95.20045679440933	0.9999999999962023
95.2983996511937	0.9999999999963599
95.39634250797808	0.9999999999965146
95.49428536476245	0.9999999999966664
95.59222822154682	0.9999999999968157
95.69017107833119	0.9999999999969623
95.78811393511556	0.9999999999971065
95.88605679189993	0.9999999999972484
95.9839996486843	0.9999999999973882
96.08194250546867	0.9999999999975259
96.17988536225305	0.9999999999976615
96.27782821903742	0.9999999999977953
96.37577107582179	0.9999999999979273
96.47371393260616	0.9999999999980577
96.57165678939053	0.9999999999981865
96.6695996461749	0.9999999999983138
96.76754250295927	0.9999999999984398
96.86548535974364	0.9999999999985646
96.96342821652802	0.9999999999986882
97.06137107331239	0.9999999999988107
97.15931393009676	0.9999999999989323
97.25725678688113	0.9999999999990531
97.3551996436655	0.9999999999991731
97.45314250044987	0.9999999999992925
97.55108535723424	0.9999999999994112
97.64902821401861	0.9999999999995296
97.74697107080299	0.9999999999996475
97.84491392758736	0.9999999999997652
97.94285678437173	0.9999999999998826
97.94285678437338	1.0
