0.0	4.881784144848814
0.0979428567843734	4.881784144526179
0.1958857135687468	1.1229632814382324
0.29382857035312016	0.6047068454810545
0.3917714271374936	0.41205622669044506
0.489714283921867	0.3121412703179731
0.5876571407062404	0.2510320439288383
0.6855999974906137	0.20978501091983284
0.7835428542749872	0.18005426568340152
0.8814857110593605	0.15759381277285722
0.9794285678437338	0.14001619743587668
1.077371424628107	0.12587615626751547
1.1753142814124804	0.11424765350822753
1.2732571381968536	0.10450996062090755
1.3711999949812272	0.09623143419999387
1.4691428517656007	0.08910262418729409
1.5670857085499743	0.08289590041687585
1.6650285653343475	0.0774400934474393
1.7629714221187212	0.07260401599861006
1.8609142789030946	0.06828543696589494
1.958857135687468	0.06440351318941868
2.0567999924718414	0.06089347676240058
2.154742849256215	0.057702830755324216
2.2526857060405883	0.05478857627826767
2.350628562824962	0.05211515879103596
2.448571419609335	0.04965292502953704
2.5465142763937085	0.04737694832752137
2.644457133178082	0.04526612365187357
2.742399989962456	0.04330246276651529
2.8403428467468292	0.04147053972822992
2.938285703531202	0.03975705059261607
3.0362285603155756	0.03815046079875368
3.1341714170999495	0.03664072051901751
3.232114273884323	0.035219033168654296
3.3300571306686964	0.03387766584463581
3.4279999874530698	0.032609793095541496
3.525942844237443	0.031409367382131445
3.623885701021817	0.030271011058477428
3.7218285578061905	0.029189925817371103
3.819771414590564	0.02816181639467945
3.9177142713749373	0.02718282598255245
4.015657128159311	0.026249481309676796
4.113599984943685	0.02535864574383807
4.211542841728058	0.02450747908430176
4.309485698512431	0.023693402958616477
4.407428555296804	0.022914070935145234
4.505371412081177	0.022167342620108242
4.603314268865551	0.021451261134676644
4.701257125649925	0.020764033470209175
4.799199982434298	0.020104013303102384
4.897142839218671	0.019469685918831706
4.995085696003044	0.018859654950642728
5.093028552787418	0.018272630684399705
5.190971409571792	0.017707419719198758
5.288914266356165	0.017162915805001823
5.386857123140539	0.016638091704936332
5.4847999799249125	0.016131991951988882
5.5827428367092855	0.015643726388365732
5.680685693493659	0.015172464391418332
5.778628550278032	0.014717429703240489
5.876571407062406	0.014277895792243565
5.97451426384678	0.013853181684541754
6.072457120631153	0.013442648211104358
6.170399977415527	0.013045694623581752
6.2683428341999	0.012661755537672388
6.366285690984273	0.012290298168023725
6.464228547768647	0.011930819823078883
6.56217140455302	0.011582845632099516
6.660114261337394	0.011245926479903386
6.7580571181217675	0.010919637127727335
6.85599997490614	0.010603574501125566
6.953942831690514	0.010297356127992619
7.051885688474887	0.010000618711704962
7.149828545259261	0.009713016826042786
7.247771402043635	0.0094342217200167
7.345714258828008	0.009163920222010036
7.443657115612382	0.008901813733780043
7.541599972396755	0.008647617305860318
7.639542829181128	0.008401058786789659
7.737485685965503	0.008161878039374097
7.835428542749875	0.007929826217881715
7.933371399534249	0.007704665100685105
8.031314256318622	0.0074861664734135296
8.129257113102996	0.007274111558164203
8.22719996988737	0.0070682904847567075
8.325142826671744	0.006868501800402817
8.423085683456115	0.006674552014511141
8.52102854024049	0.006486255175656892
8.618971397024863	0.006303432478025797
8.716914253809238	0.006125911894891362
8.81485711059361	0.00595352783690954
8.912799967377984	0.0057861208332171685
9.010742824162357	0.005623537233502696
9.10868568094673	0.005465628929382011
9.206628537731104	0.005312253093560441
9.304571394515477	0.005163271935395922
9.402514251299852	0.005018552471599424
9.500457108084223	0.0048779663109183745
9.598399964868598	0.00474138945174807
9.696342821652971	0.004608702091706135
9.794285678437346	0.004479788448286748
9.892228535221719	0.004354536589785538
9.990171392006092	0.004232838275753495
10.088114248790465	0.00411458880629954
10.18605710557484	0.0039996868796172095
10.283999962359212	0.0038880344571617415
10.381942819143587	0.0037795366359501936
10.479885675927958	0.0036741015274994538
10.577828532712331	0.0035716401429555815
10.675771389496706	0.003472066284003135
10.773714246281079	0.003375296439175302
10.871657103065454	0.0032812496852150917
10.969599959849825	0.003189847593164747
11.0675428166342	0.0031010141388851846
11.165485673418573	0.003014675617729831
11.263428530202948	0.002930760563117905
11.36137138698732	0.002849199668771165
11.459314243771693	0.0027699257143955266
11.557257100556066	0.0026928734946049335
11.655199957340441	0.0026179797508995286
11.753142814124814	0.0025451831065236474
11.851085670909189	0.002474424004041547
11.94902852769356	0.0024056446454801855
12.046971384477935	0.002338788934898851
12.144914241262308	0.0022738024232551047
12.24285709804668	0.0022106322554453967
12.340799954831056	0.00214922711940693
12.438742811615429	0.0020895371971748978
12.536685668399802	0.002031514117796216
12.634628525184175	0.00197511091200732
12.73257138196855	0.0019202819685895476
12.830514238752922	0.001866982992321133
12.928457095537297	0.0018151709634499455
13.026399952321668	0.0017648040986158035
13.124342809106043	0.0017158418131555664
13.222285665890416	0.001668244684728253
13.32022852267479	0.0016219744182011794
13.418171379459164	0.0015769938117415915
13.516114236243537	0.0015332667240614954
13.61405709302791	0.001490758042766383
13.711999949812283	0.0014494336537613482
13.809942806596657	0.0014092604116706716
13.90788566338103	0.001370206111229367
14.005828520165403	0.001332239459607437
14.103771376949776	0.001295330049629672
14.201714233734151	0.0012594483338557825
14.299657090518524	0.0012245655994874813
14.397599947302899	0.001190653944070834
14.49554280408727	0.0011576862519637838
14.593485660871645	0.0011256361715402553
14.691428517656018	0.0010944780931036262
14.789371374440393	0.001064187127483671
14.887314231224765	0.0010347390852923008
14.985257088009138	0.001006110456814571
15.083199944793513	0.0009782783925125172
15.181142801577884	0.0009512206841203828
15.27908565836226	0.0009249157463107646
15.377028515146634	0.0008993425989120984
15.474971371931005	0.0008744808496587535
15.572914228715378	0.0008503106774558014
15.670857085499753	0.0008268128161412843
15.768799942284128	0.0008039685387295114
15.866742799068499	0.0007817596421195901
15.964685655852874	0.0007601684322540358
16.062628512637247	0.0007391777097129035
16.16057136942162	0.0007187707557294575
16.258514226205993	0.0006989313186139379
16.356457082990367	0.0006796436005724956
16.454399939774742	0.0006608922449088555
16.552342796559117	0.0006426623235967354
16.650285653343488	0.0006249393252114836
16.748228510127863	0.0006077091432098272
16.846171366912234	0.0005909580645470137
16.94411422369661	0.0005746727586210218
17.04205708048098	0.0005588402665338725
17.139999937265355	0.0005434479906604251
17.23794279404973	0.0005284836845153749
17.3358856508341	0.0005139354429094851
17.433828507618475	0.0004997916923863923
17.53177136440285	0.0004860411819316159
17.629714221187225	0.00047267297394568
17.727657077971596	0.00045967643547352514
17.825599934755967	0.0004470412296826436
17.923542791540342	0.00043475730758261847
18.021485648324717	0.00042281489997898276
18.119428505109088	0.0004112045096545433
18.217371361893463	0.0003999169037715325
18.315314218677837	0.0003889431064881588
18.413257075462212	0.0003782743917833341
18.511199932246583	0.00036790227648354545
18.609142789030958	0.00035781851348602967
18.707085645815333	0.0003480150851725889
18.805028502599704	0.00033848419700855943
18.902971359384075	0.0003292182713216139
19.00091421616845	0.00032020994125523923
19.098857072952825	0.0003114520448918897
19.196799929737196	0.00030293761954096424
19.29474278652157	0.0002946598961869036
19.392685643305946	0.0002866122940928444
19.49062850009032	0.00027878841555540175
19.58857135687469	0.00027118204080628535
19.686514213659063	0.00026378712305658036
19.784457070443434	0.0002565977836796469
19.882399927227805	0.00024960830752871225
19.980342784012176	0.00024281313838534415
20.078285640796544	0.00023620687453510577
20.176228497580915	0.00022978426446679993
20.274171354365286	0.0002235402026918157
20.372114211149658	0.00021746972568019115
20.47005706793403	0.0002115680079101043
20.5679999247184	0.0002058303580275991
20.665942781502775	0.00020025221511344593
20.763885638287146	0.00019482914505412443
20.861828495071517	0.00018955683701400442
20.95977135185589	0.00018443110000588257
21.05771420864026	0.00017944785955711605
21.15565706542463	0.00017460315446867126
21.253599922209002	0.00016989313366448379
21.351542778993373	0.00016531405312859905
21.449485635777744	0.0001608622729276356
21.547428492562116	0.00015653425431618224
21.645371349346487	0.00015232655692280913
21.743314206130858	0.00014823583601443753
21.84125706291523	0.00014425883983687748
21.9391999196996	0.0001403924070294046
22.03714277648397	0.00013663346411130718
22.135085633268343	0.0001329790230383934
22.233028490052714	0.00012942617882750457
22.330971346837085	0.00012597210724713692
22.428914203621456	0.00012261406257232582
22.526857060405828	0.00011934937540199985
22.6247999171902	0.00011617545053706225
22.72274277397457	0.00011308976491750569
22.82068563075894	0.00011008986561691437
22.918628487543312	0.00010717336789275378
23.016571344327684	0.00010433795329089281
23.114514201112055	0.00010158136780284717
23.21245705789643	9.89014200742747e-05
23.3103999146808	9.62959796632952e-05
23.408342771465172	9.376297534724633e-05
23.506285628249543	9.130039347652703e-05
23.604228485033914	8.890627637421693e-05
23.702171341818286	8.657872078019723e-05
23.800114198602657	8.431587633853393e-05
23.898057055387024	8.211594412691931e-05
23.995999912171396	7.997717522700069e-05
24.093942768955767	7.789786933445859e-05
24.191885625740138	7.587637340772822e-05
24.28982848252451	7.391108035428863e-05
24.38777133930888	7.200042775347433e-05
24.485714196093255	7.014289661479342e-05
24.583657052877626	6.833701017076406e-05
24.681599909661998	6.658133270330922e-05
24.77954276644637	6.487446840277616e-05
24.87748562323074	6.321506025867321e-05
24.97542848001511	6.160178898124142e-05
25.073371336799482	6.00333719530039e-05
25.171314193583854	5.850856220945886e-05
25.269257050368225	5.70261474481058e-05
25.367199907152596	5.558494906501716e-05
25.465142763936967	5.4183821218189547e-05
25.56308562072134	5.282164991692941e-05
25.661028477505713	5.149735213654987e-05
25.75897133429008	5.020987495767453e-05
25.856914191074452	4.895819472946434e-05
25.954857047858823	4.7741316256102296e-05
26.052799904643194	4.655827200588945e-05
26.150742761427566	4.540812134232342e-05
26.248685618211937	4.428994977654864e-05
26.346628474996308	4.320286824058383e-05
26.44457133178068	4.2146012380749515e-05
26.54251418856505	4.1118541870733615e-05
26.64045704534942	4.011963974374969e-05
26.738399902133793	3.9148511743256696e-05
26.836342758918164	3.820438569172465e-05
26.93428561570254	3.728651087694435e-05
27.03222847248691	3.6394157455393705e-05
27.13017132927128	3.552661587218629e-05
27.228114186055652	3.4683196297141675e-05
27.326057042840024	3.38632280765289e-05
27.423999899624395	3.3066059200047904e-05
27.521942756408766	3.229105578262525e-05
27.619885613193137	3.153760156061221e-05
27.717828469977505	3.0805097401985214e-05
27.815771326761876	3.0092960830159287e-05
27.913714183546247	2.9400625561036297e-05
28.01165704033062	2.8727541052920018e-05
28.10959989711499	2.807317206894046e-05
28.207542753899364	2.743699825163984e-05
28.305485610683736	2.681851370938224e-05
28.403428467468107	2.6217226614258083e-05
28.501371324252478	2.5632658811164383e-05
28.59931418103685	2.5064345437749835e-05
28.69725703782122	2.4511834554922923e-05
28.79519989460559	2.397468678762938e-05
28.893142751389963	2.3452474975613872e-05
28.991085608174334	2.2944783833888003e-05
29.089028464958705	2.245120962263532e-05
29.186971321743076	2.1971359826290736e-05
29.284914178527448	2.1504852841539488e-05
29.38285703531182	2.1051317673987897e-05
29.480799892096194	2.061039364326463e-05
29.57874274888056	2.018173009631848e-05
29.676685605664932	1.9764986128684664e-05
29.774628462449304	1.9359830313498267e-05
29.87257131923367	1.8965940438039487e-05
29.970514176018046	1.858300324760144e-05
30.06845703280242	1.8210714196476865e-05
30.16639988958679	1.78487772058661e-05
30.264342746371163	1.749690442851376e-05
30.36228560315553	1.7154816019887274e-05
30.460228459939906	1.68222399157154e-05
30.558171316724273	1.649891161571e-05
30.656114173508648	1.618457397329916e-05
30.754057030293016	1.5878976991204724e-05
30.85199988707739	1.558187762270164e-05
30.949942743861758	1.5293039578401358e-05
31.047885600646133	1.5012233138405723e-05
31.1458284574305	1.4739234969682074e-05
31.243771314214875	1.4473827948514371e-05
31.341714170999246	1.421580098788949e-05
31.439657027783618	1.3964948869681377e-05
31.53759988456799	1.3721072081499592e-05
31.635542741352356	1.348397665807293e-05
31.73348559813673	1.3253474027041839e-05
31.8314284549211	1.3029380859037182e-05
31.929371311705474	1.2811518921926228e-05
32.027314168489845	1.259971493910993e-05
32.125257025274216	1.2393800451759135e-05
32.22319988205859	1.2193611684879973e-05
32.32114273884296	1.1998989417102274e-05
32.41908559562733	1.180977885408731e-05
32.5170284524117	1.1625829505454481e-05
32.61497130919607	1.144699506512883e-05
32.71291416598044	1.12731332950147e-05
32.810857022764814	1.1104105911902852e-05
32.908799879549186	1.0939778477521146e-05
33.00674273633356	1.0780020291641638e-05
33.10468559311793	1.06247042881588e-05
33.2026284499023	1.047370693405674e-05
33.30057130668667	1.0326908131184597e-05
33.39851416347104	1.0184191120762506e-05
33.49645702025541	1.0045442390542076e-05
33.594399877039784	9.910551584547456e-06
33.692342733824155	9.77941141532559e-06
33.790285590608526	9.651917578635592e-06
33.888228447392905	9.527968670509612e-06
33.98617130417727	9.407466106619318e-06
34.08411416096165	9.290314043883782e-06
34.18205701774601	9.176419304256575e-06
34.27999987453038	9.065691300631423e-06
34.377942731314754	8.958041964807658e-06
34.475885588099125	8.853385677458011e-06
34.573828444883496	8.751639200043376e-06
34.67177130166787	8.652721608620124e-06
34.76971415845224	8.556554229487554e-06
34.86765701523661	8.463060576624312e-06
34.96559987202098	8.372166290864048e-06
35.06354272880535	8.283799080761856e-06
35.16148558558973	8.197888665104707e-06
35.259428442374094	8.114366717019932e-06
35.35737129915847	8.033166809637605e-06
35.45531415594284	7.95422436326342e-06
35.553257012727215	7.8774765940202e-06
35.65119986951158	7.802862463917062e-06
35.74914272629596	7.730322632306857e-06
35.84708558308032	7.65979940869292e-06
35.9450284398647	7.5912367068478954e-06
36.042971296649064	7.524580000208075e-06
36.14091415343344	7.459776278507708e-06
36.23885701021781	7.3967740056191486e-06
36.33679986700218	7.3355230785646995e-06
36.434742723786556	7.275974787668321e-06
36.53268558057092	7.218081777814908e-06
36.6306284373553	7.161798010786751e-06
36.72857129413966	7.107078728647059e-06
36.82651415092404	7.05388041814138e-06
36.924457007708405	7.002160776088841e-06
37.02239986449278	6.951878675735449e-06
37.12034272127715	6.9029941340429115e-06
37.218285578061526	6.855468279886827e-06
37.31622843484589	6.809263323139007e-06
37.41417129163027	6.76434252460951e-06
37.51211414841463	6.7206701668241845e-06
37.61005700519901	6.678211525614695e-06
37.70799986198338	6.636932842498443e-06
37.80594271876775	6.5968012978264475e-06
37.903885575552124	6.557784984677646e-06
38.001828432336495	6.519852883479065e-06
38.099771289120866	6.4829748373317274e-06
38.19771414590523	6.447121528022325e-06
38.29565700268961	6.412264452702078e-06
38.39359985947397	6.378375901213889e-06
38.49154271625835	6.345428934049872e-06
38.589485573042715	6.313397360921715e-06
38.687428429827094	6.28225571992687e-06
38.78537128661146	6.251979257294068e-06
38.883314143395836	6.222543907691876e-06
38.98125700018021	6.193926275084871e-06
39.07919985696458	6.1661036141219184e-06
39.17714271374895	6.139053812042059e-06
39.27508557053333	6.112755371083432e-06
39.37302842731769	6.087187391381381e-06
39.47097128410207	6.062329554341897e-06
39.568914140886434	6.038162106477557e-06
39.66685699767081	6.014665843692754e-06
39.764799854455184	5.991822096005886e-06
39.86274271123955	5.969612712696442e-06
39.960685568023926	5.948020047864906e-06
40.05862842480829	5.927026946394289e-06
40.15657128159267	5.906616730302016e-06
40.25451413837703	5.8867731854711355e-06
40.35245699516141	5.867480548750706e-06
40.450399851945775	5.848723495414721e-06
40.548342708730154	5.8304871269696744e-06
40.64628556551452	5.8127569593013005e-06
40.744228422298896	5.795518911150887e-06
40.84217127908326	5.778759292911846e-06
40.94011413586764	5.7624647957379925e-06
41.03805699265201	5.746622480954612e-06
41.13599984943638	5.7312197697639055e-06
41.23394270622075	5.716244433236794e-06
41.33188556300512	5.70168458258297e-06
41.429828419789494	5.687528659691445e-06
41.527771276573866	5.673765427934219e-06
41.62571413335824	5.660383963225613e-06
41.72365699014261	5.647373645330292e-06
41.82159984692698	5.634724149412858e-06
41.91954270371134	5.622425437822532e-06
42.01748556049572	5.6104677521062084e-06
42.115428417280086	5.598841605243625e-06
42.213371274064464	5.5875377740985424e-06
42.311314130848835	5.57654729207967e-06
42.409256987633206	5.56586144200578e-06
42.50719984441758	5.55547174916925e-06
42.60514270120195	5.545369974592412e-06
42.70308555798632	5.535548108471505e-06
42.80102841477069	5.52599836380286e-06
42.89897127155506	5.516713170186359e-06
42.996914128339434	5.507685167801288e-06
43.094856985123805	5.498907201549551e-06
43.192799841908176	5.490372315361895e-06
43.29074269869255	5.48207374666244e-06
43.38868555547692	5.474004920987059e-06
43.48662841226129	5.466159446751508e-06
43.58457126904566	5.458531110164973e-06
43.68251412583003	5.451113870285226e-06
43.7804569826144	5.4439018542110694e-06
43.878399839398774	5.4368893524085705e-06
43.976342696183146	5.430070814167396e-06
44.07428555296752	5.423440843183248e-06
44.17222840975189	5.416994193263422e-06
44.27017126653626	5.4107257641515626e-06
44.36811412332063	5.404630597468679e-06
44.466056980105	5.398703872766995e-06
44.56399983688937	5.392940903693505e-06
44.661942693673744	5.387337134260262e-06
44.759885550458115	5.381888135218383e-06
44.85782840724249	5.376589600532926e-06
44.95577126402686	5.371437343955744e-06
45.053714120811236	5.366427295693637e-06
45.1516569775956	5.3615554991693e-06
45.24959983437998	5.356818107872144e-06
45.34754269116434	5.352211382296906e-06
45.44548554794872	5.347731686967241e-06
45.543428404733085	5.343375487542171e-06
45.641371261517456	5.339139348003015e-06
45.73931411830183	5.335019927918447e-06
45.8372569750862	5.3310139797858055e-06
45.93519983187057	5.3271183464461505e-06
46.03314268865494	5.323329958571354e-06
46.13108554543932	5.319645832220987e-06
46.22902840222368	5.316063066467204e-06
46.32697125900806	5.312578841085691e-06
46.424914115792426	5.3091904143107595e-06
46.522856972576804	5.305895120652985e-06
46.62079982936117	5.302690368777453e-06
46.718742686145546	5.299573639441076e-06
46.81668554292991	5.2965424834872465e-06
46.91462839971429	5.293594519896233e-06
47.01257125649865	5.2907274338899046e-06
47.11051411328303	5.287938975088994e-06
47.208456970067395	5.285226955721849e-06
47.306399826851774	5.282589248882799e-06
47.404342683636145	5.280023786839008e-06
47.50228554042051	5.277528559384517e-06
47.60022839720489	5.27510161224001e-06
47.69817125398925	5.272741045496983e-06
47.79611411077363	5.270445012105362e-06
47.894056967557994	5.268211716403056e-06
47.99199982434237	5.266039412686474e-06
48.089942681126736	5.2639264038208e-06
48.187885537911114	5.261871039888887e-06
48.28582839469548	5.259871716877738e-06
48.38377125147986	5.257926875401552e-06
48.48171410826422	5.256034999460265e-06
48.5796569650486	5.2541946152326334e-06
48.67759982183297	5.2524042899028495e-06
48.77554267861734	5.25066263051989e-06
48.87348553540171	5.2489682828884274e-06
48.971428392186084	5.2473199304907216e-06
49.069371248970455	5.245716293438549e-06
49.167314105754826	5.244156127454117e-06
49.2652569625392	5.242638222879415e-06
49.36319981932357	5.241161403713158e-06
49.46114267610794	5.239724526674437e-06
49.559085532892304	5.23832648029244e-06
49.65702838967668	5.236966184021525e-06
49.75497124646105	5.235642587380938e-06
49.852914103245425	5.234354669118341e-06
49.950856960029796	5.233101436396659e-06
50.04879981681417	5.2318819240036405e-06
50.14674267359854	5.230695193583285e-06
50.24468553038291	5.229540332888716e-06
50.34262838716728	5.228416455055765e-06
50.44057124395165	5.227322697896857e-06
50.53851410073602	5.2262582232144594e-06
50.636456957520394	5.225222216133718e-06
50.734399814304766	5.224213884453525e-06
50.83234267108914	5.2232324580157515e-06
50.93028552787351	5.222277188092004e-06
51.02822838465788	5.22134734678734e-06
51.12617124144225	5.220442226460811e-06
51.22411409822662	5.219561139161791e-06
51.32205695501099	5.2187034160822505e-06
51.419999811795364	5.217868407024171e-06
51.517942668579735	5.217055479881788e-06
51.61588552536411	5.216264020138249e-06
51.71382838214848	5.215493430376227e-06
51.81177123893285	5.214743129802093e-06
51.90971409571722	5.214012553783557e-06
52.00765695250159	5.213301153399935e-06
52.10559980928596	5.212608395005058e-06
52.203542666070334	5.211933759802247e-06
52.301485522854705	5.2112767434311936e-06
52.399428379639076	5.210636855566278e-06
52.497371236423454	5.210013619526125e-06
52.59531409320782	5.2094065718939305e-06
52.6932569499922	5.208815262148466e-06
52.79119980677656	5.208239252305184e-06
52.88914266356094	5.207678116567482e-06
52.9870855203453	5.2071314409875746e-06
53.085028377129674	5.206598823136832e-06
53.182971233914046	5.206079871785246e-06
53.28091409069842	5.205574206589823e-06
53.37885694748279	5.2050814577917415e-06
53.47679980426716	5.204601265921773e-06
53.57474266105153	5.2041332815140175e-06
53.6726855178359	5.203677164827607e-06
53.77062837462028	5.203232585576093e-06
53.868571231404644	5.202799222664383e-06
53.96651408818902	5.2023767639329086e-06
54.06445694497339	5.201964905909117e-06
54.162399801757765	5.2015633535657365e-06
54.26034265854213	5.201171820085737e-06
54.35828551532651	5.200790026633902e-06
54.45622837211087	5.200417702134727e-06
54.55417122889525	5.200054583056575e-06
54.652114085679614	5.199700413201651e-06
54.75005694246399	5.199354943502013e-06
54.847999799248356	5.199017931821177e-06
54.945942656032734	5.198689142761187e-06
55.043885512817106	5.198368347475165e-06
55.14182836960147	5.198055323485035e-06
55.23977122638585	5.197749854504247e-06
55.33771408317021	5.197451730265521e-06
55.43565693995459	5.197160746353353e-06
55.533599796738955	5.196876704041218e-06
55.63154265352333	5.196599410133212e-06
55.7294855103077	5.196328676810174e-06
55.827428367092075	5.196064321480041e-06
55.92537122387644	5.195806166632482e-06
56.02331408066082	5.195554039697391e-06
56.12125693744519	5.195307772907473e-06
56.21919979422956	5.195067203164606e-06
56.31714265101393	5.194832171909822e-06
56.4150855077983	5.194602524997093e-06
56.513028364582674	5.1943781125705216e-06
56.610971221367045	5.194158788944851e-06
56.708914078151416	5.19394441248959e-06
56.80685693493579	5.193734845516009e-06
56.90479979172016	5.193529954167535e-06
57.00274264850452	5.193329608313068e-06
57.1006855052889	5.193133681443368e-06
57.198628362073265	5.192942050570231e-06
57.29657121885764	5.192754596128473e-06
57.394514075642014	5.192571201880738e-06
57.492456932426386	5.192391754824835e-06
57.59039978921076	5.192216145103729e-06
57.68834264599513	5.192044265918019e-06
57.7862855027795	5.191876013440839e-06
57.88422835956387	5.191711286735178e-06
57.98217121634824	5.191549987673376e-06
58.08011407313261	5.191392020858993e-06
58.178056929916984	5.191237293550808e-06
58.275999786701355	5.191085715588964e-06
58.37394264348573	5.190937199323017e-06
58.4718855002701	5.190791659542226e-06
58.56982835705447	5.190649013407536e-06
58.66777121383885	5.190509180385664e-06
58.76571407062321	5.190372082184925e-06
58.86365692740758	5.190237642692769e-06
58.961599784191954	5.190105787915242e-06
59.059542640976325	5.189976445917947e-06
59.157485497760696	5.189849546768791e-06
59.25542835454507	5.18972502248221e-06
59.35337121132944	5.189602806965001e-06
59.45131406811381	5.189482835963668e-06
59.54925692489818	5.189365047013238e-06
59.64719978168255	5.189249379387488e-06
59.74514263846692	5.189135774050485e-06
59.84308549525129	5.18902417360965e-06
59.94102835203567	5.188914522269955e-06
60.03897120882004	5.188806765789432e-06
60.13691406560441	5.188700851436048e-06
60.234856922388786	5.188596727945555e-06
60.33279977917316	5.188494345480779e-06
60.43074263595752	5.1883936555918055e-06
60.52868549274189	5.188294611177427e-06
60.62662834952627	5.188197166447559e-06
60.724571206310635	5.188101276886787e-06
60.82251406309501	5.188006899218862e-06
60.92045691987938	5.18791399137222e-06
61.018399776663756	5.187822512446434e-06
61.11634263344812	5.187732422679695e-06
61.21428549023249	5.187643683417024e-06
61.31222834701687	5.187556257079588e-06
61.41017120380124	5.1874701071345935e-06
61.508114060585605	5.1873851980663e-06
61.606056917369976	5.187301495347649e-06
61.703999774154354	5.187218965412786e-06
61.801942630938726	5.187137575630263e-06
61.89988548772309	5.187057294277094e-06
61.99782834450746	5.186978090513414e-06
62.09577120129184	5.186899934357935e-06
62.19371405807621	5.186822796664031e-06
62.291656914860575	5.186746649096494e-06
62.389599771644946	5.1866714641089975e-06
62.487542628429324	5.18659721492209e-06
62.585485485213695	5.186523875501862e-06
62.68342834199806	5.186451420539248e-06
62.78137119878244	5.186379825429769e-06
62.87931405556681	5.1863090662539975e-06
62.97725691235117	5.1862391197584525e-06
63.075199769135544	5.186169963337082e-06
63.17314262591992	5.186101575013185e-06
63.271085482704294	5.186033933421989e-06
63.36902833948866	5.1859670177936115e-06
63.46697119627303	5.185900807936411e-06
63.56491405305741	5.185835284220972e-06
63.66285690984178	5.185770427564399e-06
63.76079976662614	5.185706219415187e-06
63.85874262341053	5.185642641738379e-06
63.95668548019489	5.185579677001201e-06
64.05462833697926	5.185517308159063e-06
64.15257119376363	5.185455518641994e-06
64.250514050548	5.185394292341454e-06
64.34845690733238	5.18533361359743e-06
64.44639976411675	5.185273467186033e-06
64.54434262090112	5.185213838307336e-06
64.64228547768549	5.185154712573559e-06
64.74022833446986	5.185096075997578e-06
64.83817119125423	5.185037914981824e-06
64.93611404803859	5.184980216307369e-06
65.03405690482298	5.184922967123486e-06
65.13199976160735	5.184866154937312e-06
65.22994261839172	5.184809767604019e-06
65.32788547517609	5.1847537933169685e-06
65.42582833196046	5.18469822059842e-06
65.52377118874483	5.1846430382902925e-06
65.6217140455292	5.184588235545356e-06
65.71965690231357	5.184533801818474e-06
65.81759975909794	5.184479726858329e-06
65.91554261588232	5.184426000699163e-06
66.01348547266669	5.184372613652883e-06
66.11142832945106	5.184319556301239e-06
66.20937118623543	5.1842668194884344e-06
66.3073140430198	5.184214394313785e-06
66.40525689980417	5.1841622721245755e-06
66.50319975658854	5.184110444509205e-06
66.60114261337291	5.184058903290487e-06
66.69908547015729	5.184007640519092e-06
66.79702832694166	5.183956648467257e-06
66.89497118372603	5.183905919622603e-06
66.9929140405104	5.183855446682137e-06
67.09085689729477	5.1838052225464116e-06
67.18879975407914	5.183755240313927e-06
67.28674261086351	5.18370549327558e-06
67.38468546764788	5.1836559749092846e-06
67.48262832443227	5.183606678874823e-06
67.58057118121663	5.183557599008773e-06
67.678514038001	5.1835087293196315e-06
67.77645689478537	5.183460063982992e-06
67.87439975156975	5.1834115973368665e-06
67.97234260835411	5.183363323877303e-06
68.07028546513848	5.183315238253844e-06
68.16822832192285	5.183267335265303e-06
68.26617117870722	5.1832196098556905e-06
68.3641140354916	5.183172057110115e-06
68.46205689227597	5.183124672250892e-06
68.55999974906034	5.18307745063371e-06
68.65794260584471	5.183030387743939e-06
68.75588546262908	5.1829834791929965e-06
68.85382831941345	5.182936720714932e-06
68.95177117619784	5.182890108162953e-06
69.0497140329822	5.182843637506157e-06
69.14765688976657	5.182797304826266e-06
69.24559974655094	5.1827511063145525e-06
69.34354260333532	5.182705038268798e-06
69.44148546011968	5.182659097090333e-06
69.53942831690405	5.182613279281144e-06
69.63737117368842	5.1825675814411095e-06
69.73531403047281	5.182522000265269e-06
69.83325688725716	5.182476532541167e-06
69.93119974404154	5.182431175146413e-06
70.02914260082592	5.182385925046041e-06
70.12708545761028	5.182340779290142e-06
70.22502831439465	5.182295735011548e-06
70.32297117117902	5.182250789423476e-06
70.4209140279634	5.182205939817383e-06
70.51885688474776	5.1821611835607625e-06
70.61679974153213	5.182116518095023e-06
70.7147425983165	5.182071940933539e-06
70.81268545510089	5.182027449659538e-06
70.91062831188525	5.1819830419242666e-06
71.00857116866962	5.181938715445069e-06
71.10651402545399	5.181894468003621e-06
71.20445688223838	5.181850297444085e-06
71.30239973902273	5.181806201671458e-06
71.4003425958071	5.181762178649896e-06
71.49828545259149	5.181718226401007e-06
71.59622830937586	5.181674343002399e-06
71.69417116616022	5.1816305265860465e-06
71.79211402294459	5.181586775336835e-06
71.89005687972897	5.1815430874911194e-06
71.98799973651334	5.181499461335338e-06
72.0859425932977	5.181455895204583e-06
72.18388545008207	5.181412387481284e-06
72.28182830686646	5.181368936594005e-06
72.37977116365082	5.181325541016111e-06
72.47771402043519	5.181282199264572e-06
72.57565687721957	5.181238909898774e-06
72.67359973400394	5.18119567151936e-06
72.7715425907883	5.181152482767164e-06
72.86948544757267	5.181109342322054e-06
72.96742830435706	5.181066248901887e-06
73.06537116114143	5.181023201261549e-06
73.16331401792579	5.180980198191924e-06
73.26125687471016	5.18093723851892e-06
73.35919973149454	5.1808943211025925e-06
73.45714258827891	5.1808514448361345e-06
73.55508544506327	5.180808608645035e-06
73.65302830184764	5.1807658114862835e-06
73.75097115863203	5.180723052347444e-06
73.8489140154164	5.180680330245911e-06
73.94685687220075	5.180637644228098e-06
74.04479972898514	5.180594993368666e-06
74.14274258576951	5.180552376769868e-06
74.24068544255387	5.180509793560689e-06
74.33862829933824	5.1804672428962805e-06
74.43657115612262	5.180424723957239e-06
74.534514012907	5.1803822359488595e-06
74.63245686969135	5.18033977810069e-06
74.73039972647572	5.180297349665825e-06
74.82834258326011	5.180254949920248e-06
74.92628544004448	5.1802125781623115e-06
75.02422829682884	5.180170233712203e-06
75.12217115361322	5.180127915911371e-06
75.2201140103976	5.180085624121999e-06
75.31805686718197	5.180043357726462e-06
75.41599972396632	5.180001116126939e-06
75.51394258075071	5.179958898744822e-06
75.61188543753508	5.179916705020312e-06
75.70982829431945	5.179874534412004e-06
75.80777115110381	5.179832386396331e-06
75.9057140078882	5.179790260467285e-06
76.00365686467256	5.179748156135975e-06
76.10159972145692	5.179706072930162e-06
76.19954257824129	5.179664010393955e-06
76.29748543502568	5.179621968087438e-06
76.39542829181005	5.179579945586351e-06
76.4933711485944	5.179537942481682e-06
76.59131400537879	5.179495958379367e-06
76.68925686216316	5.17945399289996e-06
76.78719971894753	5.179412045678399e-06
76.88514257573189	5.1793701163636265e-06
76.98308543251628	5.179328204618371e-06
77.08102828930065	5.179286310118863e-06
77.17897114608502	5.17924443255455e-06
77.27691400286938	5.179202571627893e-06
77.37485685965376	5.17916072705407e-06
77.47279971643813	5.179118898560813e-06
77.5707425732225	5.179077085888149e-06
77.66868543000687	5.179035288788197e-06
77.76662828679125	5.178993507024995e-06
77.86457114357562	5.178951740374291e-06
77.96251400035999	5.178909988623394e-06
78.06045685714436	5.1788682515709474e-06
78.15839971392873	5.178826529026811e-06
78.2563425707131	5.17878482081191e-06
78.35428542749746	5.178743126758053e-06
78.45222828428184	5.178701446707857e-06
78.55017114106622	5.178659780514547e-06
78.64811399785059	5.17861812804193e-06
78.74605685463494	5.178576489164226e-06
78.84399971141933	5.178534863765968e-06
78.9419425682037	5.178493251741919e-06
79.03988542498807	5.17845165299701e-06
79.13782828177244	5.17841006744627e-06
79.23577113855681	5.178368495014706e-06
79.33371399534118	5.178326935637273e-06
79.43165685212556	5.17828538925878e-06
79.52959970890993	5.178243855833957e-06
79.6275425656943	5.178202335327328e-06
79.72548542247867	5.178160827713211e-06
79.82342827926304	5.178119332975667e-06
79.92137113604741	5.178077851108539e-06
80.01931399283178	5.178036382115399e-06
80.11725684961615	5.177994926009573e-06
80.21519970640053	5.177953482814195e-06
80.3131425631849	5.177912052562132e-06
80.41108541996927	5.177870635296075e-06
80.50902827675364	5.177829231068557e-06
80.60697113353801	5.177787839942014e-06
80.70491399032238	5.177746461988799e-06
80.80285684710675	5.177705097291265e-06
80.90079970389112	5.17766374594182e-06
80.9987425606755	5.17762240804304e-06
81.09668541745987	5.177581083707697e-06
81.19462827424424	5.177539773058834e-06
81.29257113102861	5.177498476229957e-06
81.39051398781298	5.177457193365051e-06
81.48845684459735	5.17741592461874e-06
81.58639970138172	5.1773746701564025e-06
81.6843425581661	5.1773334301542946e-06
81.78228541495046	5.177292204799711e-06
81.88022827173484	5.177250994291059e-06
81.97817112851921	5.177209798838176e-06
82.07611398530358	5.177168618662337e-06
82.17405684208795	5.177127453996518e-06
82.27199969887232	5.177086305085579e-06
82.36994255565669	5.177045172186414e-06
82.46788541244106	5.177004055568171e-06
82.56582826922543	5.1769629555124966e-06
82.6637711260098	5.176921872313802e-06
82.76171398279419	5.1768808062793595e-06
82.85965683957855	5.176839757729661e-06
82.95759969636292	5.176798726998626e-06
83.05554255314729	5.1767577144339e-06
83.15348540993168	5.176716720397148e-06
83.25142826671603	5.176675745264278e-06
83.3493711235004	5.176634789425799e-06
83.44731398028478	5.1765938532870935e-06
83.54525683706915	5.176552937268788e-06
83.64319969385352	5.1765120418070575e-06
83.74114255063789	5.176471167353961e-06
83.83908540742227	5.176430314377835e-06
83.93702826420663	5.176389483363642e-06
84.034971120991	5.176348674813396e-06
84.13291397777537	5.176307889246531e-06
84.23085683455976	5.1762671272003425e-06
84.32879969134412	5.176226389230383e-06
84.42674254812849	5.176185675910902e-06
84.52468540491286	5.1761449878353635e-06
84.62262826169724	5.1761043256168736e-06
84.7205711184816	5.176063689888674e-06
84.81851397526597	5.176023081304637e-06
84.91645683205034	5.175982500539865e-06
85.01439968883473	5.175941948291117e-06
85.11234254561909	5.17590142527743e-06
85.21028540240346	5.175860932240717e-06
85.30822825918784	5.175820469946321e-06
85.4061711159722	5.1757800391836255e-06
85.50411397275657	5.175739640766684e-06
85.60205682954094	5.17569927553494e-06
85.69999968632533	5.1756589443537985e-06
85.79794254310968	5.175618648115364e-06
85.89588539989406	5.175578387739189e-06
85.99382825667843	5.175538164172895e-06
86.09177111346281	5.175497978393086e-06
86.18971397024717	5.1754578314060175e-06
86.28765682703154	5.175417724248432e-06
86.38559968381593	5.1753776579884165e-06
86.4835425406003	5.175337633726199e-06
86.58148539738465	5.17529765259511e-06
86.67942825416903	5.175257715762409e-06
86.77737111095341	5.1752178244302575e-06
86.87531396773778	5.175177979836685e-06
86.97325682452214	5.1751381832565815e-06
87.07119968130651	5.175098436002691e-06
87.1691425380909	5.17505873942667e-06
87.26708539487525	5.175019094920182e-06
87.36502825165962	5.174979503915987e-06
87.462971108444	5.174939967889099e-06
87.56091396522838	5.174900488358024e-06
87.65885682201274	5.174861066885863e-06
87.75679967879711	5.174821705081674e-06
87.8547425355815	5.174782404601674e-06
87.95268539236586	5.174743167150583e-06
88.05062824915022	5.174703994483029e-06
88.1485711059346	5.174664888404921e-06
88.24651396271898	5.17462585077492e-06
88.34445681950335	5.174586883505893e-06
88.4423996762877	5.174547988566436e-06
88.54034253307208	5.1745091679824905e-06
88.63828538985646	5.174470423838922e-06
88.73622824664083	5.174431758281237e-06
88.83417110342519	5.174393173517236e-06
88.93211396020958	5.174354671818841e-06
89.03005681699395	5.174316255523867e-06
89.12799967377832	5.1742779270379384e-06
89.22594253056268	5.174239688836396e-06
89.32388538734706	5.1742015434662185e-06
89.42182824413143	5.174163493548136e-06
89.51977110091579	5.17412554177873e-06
89.61771395770016	5.174087690932572e-06
89.71565681448455	5.174049943864386e-06
89.81359967126892	5.174012303511381e-06
89.91154252805327	5.1739747728956275e-06
90.00948538483765	5.1739373551264804e-06
90.10742824162203	5.17390005340301e-06
90.2053710984064	5.1738628710166165e-06
90.30331395519076	5.173825811353561e-06
90.40125681197514	5.173788877897831e-06
90.49919966875952	5.1737520742338284e-06
90.59714252554389	5.173715404049229e-06
90.69508538232824	5.173678871137995e-06
90.79302823911263	5.173642479403354e-06
90.890971095897	5.173606232860988e-06
90.98891395268137	5.173570135642182e-06
91.08685680946573	5.1735341919971074e-06
91.18479966625011	5.17349840629834e-06
91.28274252303449	5.1734627830442895e-06
91.38068537981884	5.173427326862778e-06
91.47862823660323	5.173392042514777e-06
91.5765710933876	5.173356934898187e-06
91.67451395017197	5.1733220090518035e-06
91.77245680695633	5.173287270159279e-06
91.87039966374071	5.173252723553358e-06
91.96834252052508	5.1732183747200735e-06
92.06628537730946	5.173184229303197e-06
92.16422823409381	5.173150293108689e-06
92.2621710908782	5.173116572109416e-06
92.36011394766257	5.173083072449868e-06
92.45805680444694	5.173049800451137e-06
92.5559996612313	5.173016762615922e-06
92.65394251801568	5.172983965633741e-06
92.75188537480005	5.172951416386291e-06
92.84982823158442	5.1729191219530335e-06
92.9477710883688	5.172887089616759e-06
93.04571394515317	5.172855326869403e-06
93.14365680193754	5.172823841418149e-06
93.2415996587219	5.172792641191502e-06
93.33954251550628	5.172761734345685e-06
93.43748537229065	5.17273112927114e-06
93.53542822907502	5.172700834599289e-06
93.63337108585938	5.172670859209355e-06
93.73131394264377	5.17264121223555e-06
93.82925679942814	5.172611903074402e-06
93.92719965621251	5.17258294139214e-06
94.02514251299688	5.172554337132608e-06
94.12308536978125	5.1725261005251175e-06
94.22102822656562	5.172498242092642e-06
94.31897108335	5.172470772660255e-06
94.41691394013436	5.172443703363832e-06
94.51485679691874	5.172417045658945e-06
94.6127996537031	5.1723908113299935e-06
94.71074251048748	5.172365012499646e-06
94.80868536727185	5.172339661638595e-06
94.90662822405622	5.172314771575494e-06
95.00457108084059	5.172290355507237e-06
95.10251393762496	5.172266427009536e-06
95.20045679440933	5.172243000047792e-06
95.2983996511937	5.1722200889882285e-06
95.39634250797808	5.172197708609444e-06
95.49428536476245	5.172175874114207e-06
95.59222822154682	5.172154601141684e-06
95.69017107833119	5.172133905779898e-06
95.78811393511556	5.172113804578615e-06
95.88605679189993	5.172094314562641e-06
95.9839996486843	5.172075453245379e-06
96.08194250546867	5.1720572386429455e-06
96.17988536225305	5.172039689288496e-06
96.27782821903742	5.1720228242471096e-06
96.37577107582179	5.1720066631310545e-06
96.47371393260616	5.171991226115498e-06
96.57165678939053	5.171976533954659e-06
96.6695996461749	5.1719626079983395e-06
96.76754250295927	5.171949470209187e-06
96.86548535974364	5.1719371431800844e-06
96.96342821652802	5.171925650152387e-06
97.06137107331239	5.1719150150344754e-06
97.15931393009676	5.171905262420895e-06
97.25725678688113	5.171896417612076e-06
97.3551996436655	5.171888506634574e-06
97.45314250044987	5.171881556261878e-06
97.55108535723424	5.171875594035866e-06
97.64902821401861	5.171870648288878e-06
97.74697107080299	5.171866748166388e-06
97.84491392758736	5.171863923650345e-06
97.94285678437173	5.1718622055831834e-06
97.94285678437338	5.171861625692498e-06
