0.0	8.812160953230178
0.0979428567843734	2.0442106109783214
0.1958857135687468	1.1559817317755339
0.29382857035312016	0.8056280818600888
0.3917714271374936	0.6180687218904279
0.489714283921867	0.501192024924747
0.5876571407062403	0.4213507165577998
0.6855999974906137	0.3633291639170145
0.7835428542749872	0.31924274905049654
0.8814857110593605	0.28459734116820923
0.979428567843734	0.2566437601236054
1.0773714246281072	0.23360581585999118
1.1753142814124806	0.21428485052872148
1.273257138196854	0.19784265485413988
1.3711999949812275	0.18367545533429014
1.4691428517656007	0.17133731152575743
1.5670857085499743	0.16049170705607047
1.6650285653343475	0.1508799278637768
1.762971422118721	0.14229980704965717
1.8609142789030944	0.1345910768322332
1.958857135687468	0.12762504952852807
2.056799992471841	0.12129720501433922
2.1547428492562144	0.1155217724011715
2.252685706040588	0.11022770686242075
2.3506285628249612	0.10535565974841983
2.4485714196093347	0.1008556671900335
2.546514276393708	0.09668536597335133
2.6444571331780815	0.09280860149819567
2.742399989962455	0.08919433084585097
2.840342846746828	0.08581575045725218
2.9382857035312013	0.08264959653513422
3.0362285603155748	0.07967557954448967
3.1341714170999486	0.07687592375179335
3.2321142738843216	0.0742349897242884
3.330057130668695	0.07173896285986905
3.4279999874530684	0.06937559485457366
3.525942844237442	0.06713398790004252
3.6238857010218153	0.06500441359247866
3.7218285578061887	0.06297816020943141
3.819771414590562	0.061047403301986373
3.917714271374936	0.05920509555285275
4.015657128159309	0.05744487263520521
4.113599984943682	0.05576097242462528
4.211542841728056	0.054148165405635704
4.309485698512429	0.05260169450409705
4.407428555296803	0.05111722288907773
4.505371412081176	0.04969078853943787
4.6033142688655495	0.04831876457411983
4.7012571256499225	0.04699782451092663
4.7991999824342955	0.04572491175409256
4.897142839218669	0.0444972127222262
4.995085696003043	0.04331213311996079
5.093028552787416	0.042167276932611596
5.19097140957179	0.04106042778627985
5.288914266356163	0.039989532368515955
5.386857123140536	0.03895268564875728
5.48479997992491	0.03794811767480751
5.582742836709283	0.03697418175285751
5.680685693493656	0.0360293438449584
5.77862855027803	0.03511217304026149
5.876571407062403	0.034221332975398186
5.9745142638467765	0.03335557409563475
6.0724571206311495	0.03251372666234946
6.170399977415523	0.031694694424313156
6.268342834199897	0.030897448880519086
6.36628569098427	0.030121024071156792
6.464228547768643	0.029364511840973766
6.562171404553017	0.02862705752589345
6.66011426133739	0.02790785601951141
6.758057118121764	0.027206148181096963
6.855999974906137	0.026521217551092144
6.95394283169051	0.025852387343914696
7.051885688474884	0.02519901769120995
7.149828545259257	0.024560503111627156
7.247771402043631	0.023936270185769437
7.3457142588280036	0.023325775417234157
7.443657115612377	0.02272850326265992
7.54159997239675	0.02214396431546357
7.639542829181124	0.02157169362951424
7.737485685965497	0.021011249170378127
7.835428542749872	0.020462210382999016
7.933371399534244	0.019924176865774183
8.031314256318618	0.019396767141960945
8.129257113102991	0.018879617520218817
8.227199969887364	0.018372381036869657
8.325142826671737	0.017874726473153142
8.423085683456112	0.017386337441378023
8.521028540240485	0.01690691153442783
8.618971397024858	0.016436159533581855
8.71691425380923	0.015973804670063124
8.814857110593605	0.015519581936131658
8.912799967377978	0.015073237441907401
9.010742824162351	0.014634527814437881
9.108685680946724	0.014203219635824578
9.206628537731099	0.013779088917492008
9.304571394515472	0.013361920607928554
9.402514251299845	0.012951508131449858
9.500457108084218	0.012547652955737303
9.598399964868591	0.012150164186086755
9.696342821652964	0.011758858184469622
9.794285678437339	0.01137355821165957
9.892228535221712	0.010994094090816494
9.990171392006086	0.010620301891045255
10.088114248790458	0.010252023629561777
10.186057105574832	0.009889106991204218
10.283999962359205	0.00953140506412297
10.38194281914358	0.009178776090571543
10.479885675927953	0.008831083231800593
10.577828532712326	0.008488194346131852
10.675771389496699	0.008149981779356079
10.773714246281072	0.007816322166661968
10.871657103065447	0.007487096245359857
10.96959995984982	0.00716218867771709
11.067542816634193	0.006841487883270332
11.165485673418566	0.006524885880024782
11.26342853020294	0.006212278133991647
11.361371386987312	0.005903563416553078
11.459314243771685	0.005598643669179036
11.55725710055606	0.005297423875053093
11.65519995734043	0.004999811937193775
11.753142814124805	0.0047057185626864255
11.851085670909178	0.004415057152665708
11.949028527693553	0.004127743697713038
12.046971384477926	0.003843696678355102
12.144914241262299	0.0035628369703701655
12.242857098046672	0.003285087754627913
12.340799954831047	0.0030103744312060007
12.43874281161542	0.0027386245375431825
12.536685668399794	0.0024697676704037797
12.634628525184167	0.0022037354114427705
12.73257138196854	0.001940461256173521
12.830514238752913	0.0016798805461530177
12.928457095537286	0.0014219304042102983
13.026399952321661	0.0011665496725548885
13.124342809106034	0.0009136788536117812
13.222285665890407	0.0006632600534387714
13.32022852267478	0.00041523692759066095
13.418171379459155	0.00016955462930294852
13.516114236243528	-7.384024012493235e-05
13.614057093027903	-0.0003149996788596163
13.711999949812274	-0.0005539743300832204
13.809942806596645	-0.0007908135256623459
13.90788566338102	-0.0010255653280307924
14.005828520165393	-0.001258276570374936
14.103771376949767	-0.001488992895205547
14.20171423373414	-0.001717758791395119
14.299657090518513	-0.001944617629755273
14.397599947302886	-0.0021696116972246596
14.495542804087261	-0.0023927822297339658
14.593485660871634	-0.002614169443810704
14.691428517656007	-0.002833812566983346
14.78937137444038	-0.0030517498670408197
14.887314231224755	-0.0032680186802005336
14.98525708800913	-0.0034826554382351924
15.0831999447935	-0.003695695694605878
15.181142801577876	-0.003907174149646527
15.279085658362249	-0.0041171246748423615
15.37702851514662	-0.0043255803362426785
15.474971371930994	-0.004532573417046437
15.57291422871537	-0.00473813543939666
15.670857085499744	-0.004942297185418424
15.768799942284113	-0.005145088717532851
15.866742799068488	-0.005346539398078202
15.964685655852863	-0.005546677908267585
16.062628512637236	-0.005745532266511046
16.160571369421607	-0.005943129846128863
16.258514226205982	-0.006139497392480996
16.356457082990353	-0.006334661039536995
16.454399939774728	-0.006528646325908954
16.552342796559103	-0.006721478210369282
16.650285653343474	-0.006913181086874126
16.74822851012785	-0.007103778799111808
16.846171366912223	-0.007293294654595336
16.944114223696598	-0.007481751438316568
17.04205708048097	-0.007669171425979212
17.13999993726534	-0.007855576396826797
17.237942794049715	-0.008040987646081054
17.335885650834086	-0.008225425997005549
17.43382850761846	-0.008408911812608506
17.531771364402836	-0.008591465006998382
17.62971422118721	-0.008773105056404886
17.727657077971582	-0.008953851009877816
17.825599934755957	-0.009133721499675321
17.92354279154033	-0.009312734751352834
18.021485648324703	-0.009490908593563325
18.119428505109074	-0.00966826046757911
18.21737136189345	-0.009844807436545087
18.315314218677823	-0.010020566194472547
18.413257075462198	-0.01019555307498281
18.51119993224657	-0.010369784059809022
18.609142789030944	-0.010543274787064476
18.70708564581532	-0.010716040559285328
18.80502850259969	-0.01088809635125513
18.902971359384065	-0.01105945681761866
19.000914216168436	-0.011230136300291748
19.09885707295281	-0.011400148835673906
19.196799929737182	-0.01156950816167017
19.294742786521557	-0.01173822772452817
19.392685643305928	-0.011906320685496482
19.490628500090303	-0.012073799927309807
19.588571356874677	-0.012240678060506478
19.686514213659052	-0.012406967429583521
19.784457070443423	-0.0125726801189943
19.8823999272278	-0.012737827958993583
19.980342784012173	-0.01290242253133468
20.078285640796544	-0.01306647517482315
20.176228497580915	-0.013229996990731402
20.274171354365286	-0.01339299884807827
20.372114211149665	-0.013555491388777702
20.470057067934036	-0.01371748503266027
20.56799992471841	-0.013878989982371344
20.665942781502782	-0.014040016228149354
20.76388563828716	-0.014200573552487905
20.86182849507153	-0.014360671534684571
20.959771351855906	-0.014520319555280195
21.057714208640277	-0.014679526800391252
21.155657065424652	-0.01483830226593867
21.253599922209023	-0.014996654761775715
21.351542778993398	-0.015154592915717984
21.44948563577777	-0.015312125177477971
21.547428492562144	-0.015469259822507068
21.64537134934652	-0.01562600495574723
21.743314206130893	-0.015782368515295044
21.841257062915265	-0.015938358275980335
21.93919991969964	-0.016093981852861757
22.03714277648401	-0.01624924670464141
22.135085633268385	-0.016404160137000776
22.233028490052757	-0.016558729305859953
22.33097134683713	-0.016712961220562306
22.428914203621503	-0.01686686274698619
22.52685706040588	-0.01702044061058612
22.624799917190252	-0.017173701399364614
22.722742773974623	-0.017326651566777033
22.820685630758998	-0.017479297434570752
22.91862848754337	-0.017631645195560423
23.016571344327748	-0.017783700916341138
23.11451420111212	-0.017935470539940646
23.212457057896493	-0.018086959888412645
23.31039991468086	-0.018238174665372104
23.40834277146524	-0.018389120458474534
23.50628562824961	-0.018539802741840132
23.604228485033985	-0.018690226878424587
23.702171341818357	-0.018840398122337475
23.800114198602735	-0.01899032162110978
23.898057055387106	-0.01914000241791161
23.99599991217148	-0.019289445453721438
24.093942768955852	-0.019438655569447908
24.191885625740227	-0.019587637508005455
24.289828482524598	-0.019736395916344733
24.387771339308973	-0.01988493534743905
24.485714196093344	-0.020033260262227664
24.583657052877722	-0.020181375031517255
24.681599909662093	-0.020329283937842144
24.77954276644647	-0.020476991177284656
24.87748562323084	-0.020624500861256237
24.975428480015218	-0.020771817018240393
25.07337133679959	-0.020918943595498264
25.17131419358396	-0.021065884460737806
25.269257050368335	-0.02121264340374722
25.367199907152703	-0.021359224137993696
25.46514276393708	-0.021505630302188054
25.563085620721452	-0.021651865461816182
25.661028477505827	-0.02179793311063792
25.758971334290198	-0.021943836672154358
25.856914191074573	-0.022089579501043906
25.954857047858948	-0.022235164884568157
26.052799904643322	-0.02238059604394806
26.150742761427693	-0.022525876135711134
26.24868561821207	-0.02267100825301031
26.34662847499644	-0.022815995426915085
26.444571331780814	-0.0229608406276756
26.542514188565185	-0.023105546765960217
26.64045704534956	-0.023250116694067215
26.73839990213393	-0.023394553207111122
26.83634275891831	-0.02353885904418432
26.93428561570268	-0.023683036889494424
27.032228472487056	-0.02382708937347789
27.130171329271427	-0.023971019073890605
27.228114186055805	-0.024114828516875627
27.326057042840173	-0.0242585201780089
27.423999899624548	-0.024402096483323202
27.52194275640892	-0.024545559810310882
27.61988561319329	-0.02468891248890588
27.71782846997767	-0.02483215680244537
27.81577132676204	-0.02497529498861156
27.913714183546414	-0.025118329240354124
28.011657040330785	-0.02526126170679343
28.109599897115164	-0.025404094494105387
28.207542753899535	-0.025546829666387827
28.30548561068391	-0.0256894692465093
28.40342846746828	-0.025832015216940184
28.501371324252656	-0.025974469520566975
28.599314181037027	-0.026116834061489617
28.6972570378214	-0.026259110705802693
28.795199894605773	-0.026401301282360422
28.89314275139015	-0.026543407583526173
28.991085608174522	-0.026685431365906453
29.089028464958897	-0.026827374351070073
29.18697132174327	-0.026969238226252443
29.284914178527647	-0.027111024645045615
29.382857035312014	-0.02725273522807419
29.48079989209639	-0.027394371563657434
29.57874274888076	-0.0275359352084579
29.676685605665135	-0.027677427688116877
29.77462846244951	-0.027818850497876833
29.872571319233884	-0.027960205103191266
29.97051417601826	-0.028101492940322114
30.068457032802634	-0.028242715416925024
30.166399889587	-0.028383873912622745
30.264342746371376	-0.02852496977956686
30.36228560315575	-0.02866600434298821
30.460228459940122	-0.028806978901735943
30.558171316724497	-0.028947894728805948
30.656114173508865	-0.029088753071858268
30.75405703029324	-0.02922955515372428
30.851999887077614	-0.02937030217290345
30.94994274386199	-0.02951099530405011
31.047885600646364	-0.0296516356984504
31.14582845743074	-0.029792224484489597
31.243771314215106	-0.029932762768109786
31.341714170999488	-0.030073251633258656
31.439657027783856	-0.03021369214232896
31.537599884568227	-0.030354085336589124
31.6355427413526	-0.03049443223660533
31.733485598136976	-0.03063473384265497
31.83142845492135	-0.03077499113513172
31.929371311705726	-0.030915205074942595
32.02731416849009	-0.031055376603896904
32.12525702527447	-0.031195506645087447
32.22319988205884	-0.03133559610326389
32.321142738843214	-0.03147564586519889
32.41908559562759	-0.03161565680004653
32.517028452411964	-0.03175562975969388
32.61497130919634	-0.031895565579105216
32.712914165980706	-0.032035465076659476
32.810857022765084	-0.032175329054480936
32.908799879549456	-0.032315158298763184
33.006742736333834	-0.03245495358008656
33.104685593118205	-0.032594715653729345
33.202628449902576	-0.03273444525997269
33.30057130668695	-0.03287414312439925
33.398514163471326	-0.03301380995818608
33.4964570202557	-0.03315344645839146
33.59439987704007	-0.03329305330823615
33.69234273382445	-0.03343263117737877
33.79028559060882	-0.03357218072218598
33.888228447393196	-0.033711702585996914
33.98617130417757	-0.03385119739938259
34.08411416096194	-0.03399066578039998
34.18205701774631	-0.03413010833484103
34.27999987453068	-0.03426952565647673
34.37794273131506	-0.034408918327296235
34.47588558809943	-0.03454828691774125
34.57382844488381	-0.034687631986935794
34.67177130166817	-0.03482695408291118
34.76971415845256	-0.034966253742826706
34.86765701523692	-0.03510553149318578
34.9655998720213	-0.035244787850047914
35.06354272880567	-0.03538402331923619
35.16148558559004	-0.03552323839654089
35.25942844237442	-0.035662433567918914
35.357371299158785	-0.035801609309689134
35.455314155943164	-0.03594076608872407
35.553257012727535	-0.03607990436263749
35.65119986951191	-0.03621902457996854
35.749142726296284	-0.036358127180361875
35.84708558308066	-0.036497212594744526
35.94502843986503	-0.03663628124549902
36.042971296649405	-0.03677533354663309
36.140914153433776	-0.03691436990394609
36.23885701021815	-0.03705339071519199
36.336799867002526	-0.03719239637023915
36.4347427237869	-0.03733138725122697
36.532685580571275	-0.03747036373271928
36.63062843735565	-0.037609326181854925
36.72857129414002	-0.03774827495849499
36.826514150924396	-0.037887210415367426
36.92445700770877	-0.038026132898208595
37.02239986449314	-0.038165042745902156
37.12034272127751	-0.038303940290614916
37.21828557806189	-0.038442825857930386
37.31622843484626	-0.038581699766979206
37.41417129163064	-0.038720562330567414
37.512114148415	-0.038859413855301804
37.61005700519938	-0.03899825464171307
37.70799986198375	-0.039137084984376284
37.80594271876813	-0.03927590517202911
37.9038855755525	-0.03941471548768767
38.00182843233687	-0.03955351620875995
38.09977128912125	-0.03969230760715716
38.19771414590562	-0.039831089949402744
38.29565700268999	-0.03996986349673927
38.393599859474364	-0.04010862850523312
38.49154271625874	-0.04024738522587731
38.58948557304311	-0.04038613390469193
38.68742842982749	-0.04052487478282297
38.785371286611856	-0.0406636080966388
38.883314143396234	-0.040802334077825075
38.981257000180605	-0.04094105295347749
39.07919985696498	-0.0410797649461929
39.177142713749355	-0.04121847027415841
39.275085570533726	-0.041357169151238944
39.373028427318104	-0.04149586178706286
39.470971284102475	-0.04163454838710594
39.56891414088685	-0.04177322915277384
39.66685699767122	-0.04191190428148261
39.7647998544556	-0.04205057396673794
39.86274271123997	-0.04218923839821261
39.960685568024346	-0.04232789776182249
40.05862842480871	-0.04246655223980098
40.15657128159309	-0.042605202010772066
40.254514138377466	-0.04274384724982186
40.35245699516183	-0.04288248812856862
40.45039985194621	-0.043021124815231654
40.54834270873057	-0.04315975747469855
40.64628556551496	-0.0432983862685913
40.74422842229933	-0.043437011355330936
40.8421712790837	-0.04357563289020107
40.94011413586807	-0.04371425102540996
41.03805699265246	-0.04385286591015156
41.13599984943682	-0.04399147769066518
41.23394270622119	-0.04413008651029406
41.331885563005564	-0.04426869250954276
41.42982841978994	-0.04440729582613346
41.52777127657432	-0.04454589659506099
41.625714133358684	-0.0446844949486469
41.72365699014306	-0.04482309101659252
41.821599846927434	-0.04496168492603078
41.91954270371181	-0.04510027680157714
42.01748556049618	-0.0452388667653794
42.115428417280555	-0.04537745493716671
42.21337127406493	-0.045516041434297404
42.311314130849304	-0.04565462637180596
42.409256987633675	-0.045793209862449065
42.50719984441805	-0.0459317920167508
42.605142701202425	-0.04607037294304676
42.703085557986796	-0.046208952747527426
42.801028414771174	-0.04634753153428075
42.89897127155554	-0.04648610940533371
42.99691412833992	-0.04662468646069318
43.09485698512429	-0.04676326279838591
43.192799841908666	-0.04690183851449779
43.29074269869304	-0.04704041370321226
43.38868555547741	-0.04717898845684803
43.48662841226179	-0.047317562865895994
43.58457126904615	-0.047456137019055385
43.68251412583053	-0.04759471100326937
43.7804569826149	-0.0477332849037597
43.87839983939928	-0.04787185880406094
43.97634269618365	-0.04801043278605379
44.07428555296802	-0.04814900692999783
44.17222840975239	-0.048287581314563725
44.27017126653677	-0.0484261560168646
44.36811412332114	-0.04856473111248693
44.46605698010551	-0.04870330667552072
44.563999836889884	-0.04884188277858926
44.66194269367426	-0.048980459492878034
44.75988555045864	-0.049119036888163256
44.857828407243005	-0.0492576150328398
44.95577126402738	-0.04939619399394852
45.05371412081176	-0.04953477383720309
45.15165697759613	-0.04967335462701621
45.249599834380504	-0.049811936426525504
45.347542691164875	-0.04995051929761863
45.44548554794925	-0.05008910330095812
45.543428404733625	-0.05022768849600567
45.641371261517996	-0.05036627494104572
45.73931411830237	-0.050504862693209036
45.83725697508674	-0.050643451808495374
45.93519983187112	-0.05078204234179591
46.033142688655495	-0.05092063434691526
46.13108554543986	-0.051059227876592846
46.22902840222424	-0.051197822982524184
46.326971259008616	-0.05133641971538139
46.42491411579299	-0.051475018124833516
46.52285697257736	-0.05161361825956639
46.62079982936172	-0.05175222016730212
46.71874268614611	-0.051890823894818125
46.81668554293048	-0.05202942948796582
46.91462839971485	-0.05216803699168908
47.01257125649922	-0.05230664645004205
47.11051411328361	-0.05244525790620687
47.20845697006797	-0.052583871402510834
47.30639982685235	-0.052722486980443434
47.40434268363671	-0.05286110468067289
47.50228554042109	-0.05299972454306242
47.60022839720547	-0.053138346606686114
47.698171253989834	-0.05327697090984466
47.79611411077421	-0.053415597490080596
47.894056967558576	-0.05355422638419331
47.99199982434296	-0.053692857628253855
48.08994268112733	-0.05383149125761914
48.187885537911704	-0.053970127306946364
48.285828394696075	-0.05410876581020664
48.383771251480454	-0.05424740680069866
48.481714108264825	-0.05438605031106203
48.579656965049196	-0.05452469637329024
48.67759982183357	-0.054663345018743585
48.775542678617946	-0.054801996278161576
48.873485535402324	-0.054940650181675224
48.97142839218669	-0.05507930675881923
49.069371248971066	-0.055217966038543655
49.167314105755445	-0.055356628049225545
49.265256962539816	-0.0554952928186802
49.36319981932419	-0.05563396037417244
49.46114267610856	-0.055772630742427394
49.55908553289294	-0.055911303949641215
49.65702838967731	-0.05604998002149154
49.75497124646168	-0.0561886589831477
49.85291410324605	-0.05632734085928097
49.950856960030436	-0.05646602567407423
50.0487998168148	-0.05660471345123165
50.14674267359918	-0.05674340421398834
50.24468553038354	-0.05688209798511943
50.34262838716792	-0.05702079478694927
50.4405712439523	-0.05715949464136036
50.53851410073667	-0.057298197569802076
50.63645695752104	-0.05743690359329925
50.734399814305405	-0.05757561273246058
50.83234267108979	-0.05771432500748685
50.93028552787416	-0.05785304043817896
51.02822838465853	-0.05799175904394602
51.126171241442904	-0.058130480843812844
51.22411409822728	-0.058269205856427815
51.322056955011654	-0.0584079341000701
51.41999981179603	-0.05854666559265714
51.517942668580396	-0.058685400351751744
51.615885525364774	-0.058824138394569084
51.713828382149146	-0.05896287973798358
51.81177123893352	-0.059101624398535745
51.909714095717895	-0.059240372392438595
52.007656952502266	-0.059379123735584384
52.105599809286645	-0.05951787844355069
52.20354266607101	-0.059656636531606855
52.30148552285539	-0.05979539801471998
52.399428379639765	-0.05993416290756094
52.49737123642414	-0.06007293122451023
52.59531409320851	-0.06021170297966369
52.69325694999288	-0.060350478186838225
52.79119980677725	-0.060489256859577276
52.88914266356163	-0.060628039011156175
52.987085520346	-0.06076682465458751
53.08502837713037	-0.06090561380262638
53.18297123391474	-0.06104440646777537
53.28091409069912	-0.06118320266228966
53.3788569474835	-0.06132200239818182
53.47679980426786	-0.061460805687226734
53.57474266105224	-0.061599612540966145
53.67268551783662	-0.0617384229707135
53.77062837462098	-0.061877236987558135
53.86857123140536	-0.062016054602370085
53.966514088189726	-0.06215487582580415
54.06445694497411	-0.062293700668304294
54.16239980175848	-0.062432529140107725
54.260342658542854	-0.06257136125124908
54.358285515327225	-0.06271019701156434
54.45622837211161	-0.06284903643069492
54.554171228895974	-0.06298787951809127
54.652114085680346	-0.0631267262830169
54.75005694246472	-0.06326557673455192
54.847999799249095	-0.06340443088159682
54.94594265603347	-0.06354328873287578
55.04388551281784	-0.06368215029694044
55.141828369602216	-0.06382101558217311
55.23977122638658	-0.06395988459679029
55.337714083170965	-0.06409875734884578
55.43565693995534	-0.06423763384623397
55.53359979673971	-0.06437651409669308
55.63154265352408	-0.06451539810780813
55.72948551030846	-0.06465428588701402
55.82742836709283	-0.06479317744159849
55.9253712238772	-0.0649320727787051
56.02331408066157	-0.06507097190533595
56.12125693744595	-0.06520987482835461
56.21919979423033	-0.06534878155448878
56.31714265101469	-0.06548769209033302
56.41508550779907	-0.06562660644235137
56.51302836458345	-0.06576552461687997
56.61097122136782	-0.06590444662012947
56.70891407815219	-0.06604337245818769
56.80685693493656	-0.06618230213702189
56.90479979172094	-0.06632123566248133
57.00274264850531	-0.06646017304029936
57.10068550528968	-0.06659911427609598
57.198628362074054	-0.06673805937537992
57.29657121885844	-0.06687700834355088
57.3945140756428	-0.0670159611859017
57.49245693242718	-0.0671549179076204
57.590399789211546	-0.06729387851379245
57.688342645995924	-0.06743284300940258
57.7862855027803	-0.06757181139933688
57.884228359564666	-0.06771078368838473
57.982171216349045	-0.06784975988124076
58.08011407313341	-0.06798873998250661
58.178056929917794	-0.06812772399669297
58.275999786702165	-0.06826671192822109
58.37394264348654	-0.0684057037814249
58.47188550027091	-0.0685446995605524
58.56982835705529	-0.06868369926976761
58.66777121383966	-0.06882270291315208
58.76571407062403	-0.06896171049470663
58.8636569274084	-0.06910072201835288
58.96159978419278	-0.06923973748793484
59.059542640977156	-0.06937875690722041
59.15748549776152	-0.06951778027990291
59.2554283545459	-0.06965680760960265
59.35337121133027	-0.06979583889986822
59.45131406811465	-0.06993487415417797
59.54925692489902	-0.07007391337594143
59.64719978168339	-0.0702129565685007
59.74514263846777	-0.07035200373513162
59.84308549525214	-0.07049105487904529
59.94102835203652	-0.07063011000338924
60.03897120882088	-0.07076916911124866
60.13691406560527	-0.07090823220564782
60.23485692238963	-0.07104729928955086
60.332799779174	-0.07118637036586355
60.43074263595838	-0.071325445437434
60.52868549274275	-0.07146452450705398
60.62662834952713	-0.07160360757746001
60.7245712063115	-0.07174269465133441
60.822514063095866	-0.07188178573130652
60.920456919880245	-0.0720208808199535
61.018399776664616	-0.07215997991980165
61.116342633448994	-0.07229908303332713
61.214285490233365	-0.07243819016295719
61.31222834701773	-0.072577301311071
61.410171203802115	-0.07271641648000068
61.50811406058648	-0.07285553567203217
61.606056917370864	-0.07299465888940615
61.70399977415523	-0.07313378613431896
61.80194263093961	-0.07327291740892353
61.89988548772398	-0.0734120527153301
61.99782834450835	-0.0735511920556072
62.09577120129273	-0.07369033543178236
62.193714058077106	-0.07382948284584308
62.29165691486148	-0.07396863429973742
62.38959977164584	-0.07410778979537497
62.48754262843021	-0.07424694933462747
62.58548548521459	-0.07438611291932964
62.683428341998976	-0.07452528055127991
62.78137119878334	-0.07466445223224105
62.87931405556771	-0.07480362796394105
62.977256912352075	-0.07494280774807355
63.075199769136454	-0.07508199158629882
63.17314262592084	-0.07522117948024416
63.2710854827052	-0.07536037143150473
63.369028339489574	-0.07549956744164413
63.46697119627395	-0.07563876751219495
63.564914053058324	-0.07577797164465952
63.6628569098427	-0.07591717984051036
63.76079976662707	-0.0760563921011909
63.85874262341145	-0.07619560842811599
63.95668548019582	-0.07633482882267249
64.05462833698019	-0.07647405328621977
64.15257119376457	-0.07661328182009035
64.25051405054894	-0.07675251442559039
64.34845690733331	-0.07689175110400012
64.44639976411769	-0.07703099185657447
64.54434262090206	-0.07717023668454354
64.64228547768643	-0.07730948558911312
64.74022833447081	-0.07744873857146507
64.83817119125519	-0.07758799563275791
64.93611404803956	-0.0777272567741272
65.03405690482393	-0.07786652199668605
65.1319997616083	-0.0780057913015255
65.22994261839268	-0.07814506468971505
65.32788547517704	-0.07828434216230301
65.42582833196141	-0.07842362372031694
65.5237711887458	-0.07856290936476405
65.62171404553017	-0.07870219909663163
65.71965690231454	-0.07884149291688747
65.81759975909891	-0.07898079082648012
65.9155426158833	-0.07912009282633943
66.01348547266767	-0.07925939891737678
66.11142832945202	-0.07939870910048562
66.20937118623641	-0.0795380233765416
66.3073140430208	-0.07967734174640313
66.40525689980515	-0.07981666421091156
66.50319975658952	-0.0799559907708916
66.6011426133739	-0.08009532142715171
66.69908547015828	-0.08023465618048434
66.79702832694265	-0.08037399503166606
66.89497118372702	-0.08051333798145838
66.9929140405114	-0.08065268503060753
67.09085689729577	-0.080792036179845
67.18879975408014	-0.08093139142988785
67.28674261086452	-0.08107075078143892
67.3846854676489	-0.08121011423518718
67.48262832443326	-0.08134948179180791
67.58057118121764	-0.08148885345196301
67.678514038002	-0.08162822921630136
67.77645689478639	-0.08176760908545899
67.87439975157075	-0.08190699306005922
67.97234260835513	-0.08204638114071318
68.0702854651395	-0.08218577332801981
68.16822832192388	-0.08232516962256627
68.26617117870825	-0.08246457002492806
68.36411403549262	-0.08260397453566927
68.462056892277	-0.08274338315534287
68.55999974906136	-0.08288279588449082
68.65794260584573	-0.08302221272364442
68.75588546263012	-0.08316163367332449
68.85382831941449	-0.08330105873404141
68.95177117619886	-0.08344048790629556
69.04971403298323	-0.08357992119057742
69.14765688976762	-0.08371935858736766
69.24559974655197	-0.08385880009713761
69.34354260333635	-0.08399824572034909
69.44148546012073	-0.08413769545745489
69.53942831690512	-0.08427714930889883
69.63737117368947	-0.08441660727511589
69.73531403047384	-0.08455606935653254
69.83325688725823	-0.08469553555356671
69.9311997440426	-0.08483500586662808
70.02914260082697	-0.08497448029611827
70.12708545761134	-0.08511395884243088
70.22502831439571	-0.08525344150595184
70.32297117118009	-0.08539292828705924
70.42091402796446	-0.08553241918612398
70.51885688474884	-0.08567191420350934
70.61679974153321	-0.08581141333957147
70.71474259831757	-0.08595091659465962
70.81268545510196	-0.08609042396911602
70.91062831188633	-0.08622993546327609
71.00857116867071	-0.0863694510774687
71.10651402545507	-0.08650897081201613
71.20445688223946	-0.08664849466723434
71.30239973902383	-0.08678802264343304
71.40034259580818	-0.08692755474091574
71.49828545259257	-0.08706709095998001
71.59622830937695	-0.08720663130091755
71.69417116616133	-0.08734617576401421
71.79211402294568	-0.08748572434955024
71.89005687973005	-0.0876252770578003
71.98799973651444	-0.08776483388903365
72.08594259329881	-0.08790439484351423
72.18388545008318	-0.08804395992150073
72.28182830686755	-0.08818352912324669
72.37977116365194	-0.08832310244900074
72.4777140204363	-0.08846267989900643
72.57565687722068	-0.08860226147350266
72.67359973400505	-0.08874184717272347
72.77154259078942	-0.08888143699689834
72.8694854475738	-0.08902103094625219
72.96742830435817	-0.08916062902100544
73.06537116114255	-0.08930023122137426
73.16331401792692	-0.08943983754757046
73.2612568747113	-0.08957944799980161
73.35919973149566	-0.08971906257827132
73.45714258828004	-0.08985868128317903
73.5550854450644	-0.08999830411472029
73.65302830184879	-0.09013793107308683
73.75097115863316	-0.09027756215846645
73.84891401541753	-0.09041719737104337
73.94685687220189	-0.09055683671099811
74.04479972898628	-0.09069648017850762
74.14274258577066	-0.09083612777374533
74.24068544255502	-0.09097577949688122
74.33862829933939	-0.09111543534808202
74.43657115612378	-0.09125509532751103
74.53451401290815	-0.09139475943532833
74.63245686969252	-0.09153442767169097
74.73039972647689	-0.09167410003675269
74.82834258326127	-0.09181377653066436
74.92628544004565	-0.09195345715357373
75.02422829683	-0.09209314190562574
75.12217115361439	-0.0922328307869624
75.22011401039876	-0.09237252379772291
75.31805686718313	-0.0925122209380437
75.4159997239675	-0.09265192220805858
75.51394258075187	-0.09279162760789862
75.61188543753626	-0.0929313371376923
75.70982829432063	-0.0930710507975657
75.807771151105	-0.09321076858764218
75.90571400788937	-0.0933504905080428
76.00365686467374	-0.09349021655888623
76.10159972145811	-0.09362994674028874
76.1995425782425	-0.09376968105236429
76.29748543502687	-0.09390941949522463
76.39542829181124	-0.09404916206897931
76.49337114859561	-0.09418890877373567
76.59131400537999	-0.09432865960959888
76.68925686216437	-0.09446841457667218
76.78719971894873	-0.0946081736750566
76.88514257573311	-0.09474793690485128
76.98308543251748	-0.09488770426615331
77.08102828930186	-0.09502747575905796
77.17897114608623	-0.09516725138365854
77.2769140028706	-0.09530703114004659
77.37485685965498	-0.0954468150283117
77.47279971643934	-0.09558660304854187
77.57074257322371	-0.09572639520082314
77.6686854300081	-0.09586619148524009
77.76662828679247	-0.09600599190187542
77.86457114357684	-0.09614579645081031
77.96251400036121	-0.0962856051321243
78.06045685714558	-0.09642541794589535
78.15839971392997	-0.09656523489219991
78.25634257071432	-0.09670505597111283
78.35428542749871	-0.09684488118270757
78.45222828428308	-0.09698471052705614
78.55017114106745	-0.09712454400422903
78.64811399785182	-0.09726438161429547
78.74605685463621	-0.09740422335732318
78.84399971142058	-0.09754406923337865
78.94194256820495	-0.09768391924252696
79.03988542498932	-0.09782377338483199
79.1378282817737	-0.09796363166035628
79.23577113855806	-0.09810349406916119
79.33371399534244	-0.09824336061130687
79.4316568521268	-0.09838323128685224
79.5295997089112	-0.09852310609585503
79.62754256569556	-0.09866298503837194
79.72548542247993	-0.09880286811445838
79.8234282792643	-0.0989427553241688
79.92137113604869	-0.09908264666755655
80.01931399283305	-0.09922254214467385
80.11725684961742	-0.09936244175557203
80.21519970640179	-0.09950234550030122
80.31314256318618	-0.09964225337891068
80.41108541997055	-0.09978216539144874
80.50902827675493	-0.0999220815379626
80.6069711335393	-0.10006200181849866
80.70491399032366	-0.10020192623310237
80.80285684710803	-0.10034185478181827
80.90079970389242	-0.10048178746469003
80.99874256067679	-0.10062172428176046
81.09668541746115	-0.10076166523307153
81.19462827424555	-0.10090161031866438
81.29257113102992	-0.10104155953857925
81.39051398781429	-0.10118151289285565
81.48845684459866	-0.1013214703815324
81.58639970138303	-0.10146143200464743
81.6843425581674	-0.1016013977622379
81.78228541495176	-0.10174136765434035
81.88022827173614	-0.10188134168099051
81.97817112852053	-0.10202131984222344
82.07611398530491	-0.10216130213807349
82.17405684208927	-0.10230128856857429
82.27199969887364	-0.10244127913375893
82.36994255565801	-0.10258127383365968
82.46788541244239	-0.10272127266830829
82.56582826922676	-0.10286127563773587
82.66377112601113	-0.10300128274197283
82.7617139827955	-0.10314129398104913
82.85965683957988	-0.10328130935499398
82.95759969636426	-0.10342132886383605
83.05554255314864	-0.10356135250760354
83.15348540993301	-0.103701380286324
83.25142826671737	-0.10384141220002441
83.34937112350174	-0.10398144824873135
83.44731398028613	-0.10412148843247071
83.5452568370705	-0.10426153275126795
83.64319969385487	-0.10440158120514809
83.74114255063925	-0.10454163379413552
83.83908540742362	-0.10468169051825423
83.93702826420798	-0.10482175137752772
84.03497112099237	-0.10496181637197899
84.13291397777674	-0.10510188550163067
84.23085683456111	-0.10524195876650487
84.32879969134547	-0.10538203616662327
84.42674254812987	-0.10552211770200715
84.52468540491424	-0.10566220337267739
84.62262826169861	-0.10580229317865428
84.72057111848298	-0.105942387119958
84.81851397526735	-0.1060824851966081
84.91645683205172	-0.10622258740862385
85.0143996888361	-0.10636269375602406
85.11234254562046	-0.10650280423882726
85.21028540240485	-0.10664291885705163
85.30822825918924	-0.10678303761071482
85.40617111597359	-0.10692316049983429
85.50411397275796	-0.10706328752442705
85.60205682954235	-0.10720341868450994
85.6999996863267	-0.1073435539800993
85.79794254311108	-0.10748369341121118
85.89588539989545	-0.10762383697786135
85.99382825667983	-0.10776398468006525
86.0917711134642	-0.10790413651783805
86.18971397024858	-0.10804429249119452
86.28765682703296	-0.10818445260014926
86.38559968381733	-0.10832461684471653
86.48354254060169	-0.10846478522491024
86.58148539738607	-0.10860495774074416
86.67942825417045	-0.10874513439223167
86.77737111095482	-0.10888531517938597
86.8753139677392	-0.10902550010221992
86.97325682452357	-0.10916568916074619
87.07119968130795	-0.10930588235497714
87.1691425380923	-0.10944607968492498
87.26708539487669	-0.10958628115060155
87.36502825166106	-0.10972648675201854
87.46297110844543	-0.10986669648918743
87.5609139652298	-0.11000691036211946
87.65885682201419	-0.11014712837082552
87.75679967879856	-0.11028735051531646
87.85474253558293	-0.11042757679560282
87.9526853923673	-0.11056780721169494
88.05062824915167	-0.110708041763603
88.14857110593604	-0.11084828045133692
88.24651396272041	-0.11098852327490646
88.34445681950479	-0.1111287702343212
88.44239967628916	-0.1112690213295905
88.54034253307354	-0.11140927656072355
88.63828538985791	-0.11154953592772932
88.73622824664228	-0.11168979943061665
88.83417110342667	-0.11183006706939416
88.93211396021103	-0.11197033884407037
89.0300568169954	-0.1121106147546536
89.12799967377977	-0.11225089480115198
89.22594253056415	-0.11239117898357345
89.32388538734853	-0.1125314673019259
89.42182824413291	-0.11267175975621695
89.51977110091728	-0.11281205634645415
89.61771395770165	-0.11295235707264485
89.71565681448601	-0.11309266193479629
89.8135996712704	-0.11323297093291558
89.91154252805477	-0.11337328406700962
90.00948538483912	-0.11351360133708521
90.10742824162352	-0.1136539227431491
90.2053710984079	-0.11379424828520768
90.30331395519227	-0.11393457796326746
90.40125681197664	-0.11407491177733471
90.49919966876101	-0.1142152497274156
90.59714252554538	-0.11435559181351611
90.69508538232975	-0.11449593803564222
90.79302823911412	-0.11463628839379966
90.8909710958985	-0.11477664288799418
90.98891395268289	-0.11491700151823135
91.08685680946725	-0.11505736428451659
91.18479966625162	-0.11519773118685525
91.28274252303599	-0.1153381022252526
91.38068537982038	-0.11547847739971381
91.47862823660473	-0.11561885671024384
91.5765710933891	-0.1157592401568477
91.67451395017348	-0.11589962773953022
91.77245680695786	-0.11604001945829619
91.87039966374223	-0.11618041531315018
91.96834252052662	-0.1163208153040968
92.06628537731099	-0.11646121943114046
92.16422823409535	-0.11660162769428567
92.26217109087972	-0.11674204009353656
92.3601139476641	-0.11688245662889751
92.45805680444847	-0.11702287730037257
92.55599966123285	-0.1171633021079658
92.65394251801723	-0.11730373105168113
92.7518853748016	-0.11744416413152246
92.84982823158597	-0.11758460134749361
92.94777108837035	-0.11772504269959833
93.04571394515472	-0.11786548818784023
93.14365680193909	-0.118005937812223
93.24159965872344	-0.11814639157275006
93.33954251550783	-0.11828684946942492
93.43748537229222	-0.11842731150225093
93.53542822907659	-0.11856777767123142
93.63337108586096	-0.1187082479763696
93.73131394264533	-0.11884872241766865
93.8292567994297	-0.11898920099513174
93.92719965621407	-0.11912968370876194
94.02514251299844	-0.1192701705585622
94.12308536978281	-0.11941066154453547
94.22102822656721	-0.11955115666668466
94.31897108335157	-0.11969165592501255
94.41691394013594	-0.11983215931952192
94.51485679692031	-0.1199726668502155
94.6127996537047	-0.12011317851709594
94.71074251048906	-0.1202536943201658
94.80868536727343	-0.12039421425942774
94.90662822405781	-0.12053473833488416
95.00457108084218	-0.12067526654653762
95.10251393762655	-0.1208157988943904
95.20045679441094	-0.120956335378445
95.29839965119531	-0.12109687599870356
95.39634250797967	-0.12123742075516851
95.49428536476405	-0.12137796964784198
95.59222822154842	-0.1215185226767262
95.6901710783328	-0.12165907984182325
95.78811393511715	-0.12179964114313525
95.88605679190155	-0.12194020658066428
95.98399964868592	-0.12208077615441226
96.08194250547028	-0.12222134986438128
96.17988536225467	-0.12236192771057317
96.27782821903904	-0.1225025096929899
96.37577107582341	-0.12264309581163325
96.47371393260778	-0.1227836860665051
96.57165678939215	-0.12292428045760721
96.66959964617654	-0.12306487898494133
96.76754250296091	-0.12320548164850917
96.86548535974528	-0.12334608844831241
96.96342821652965	-0.12348669938435268
97.06137107331402	-0.12362731445663162
97.15931393009839	-0.12376793366515079
97.25725678688276	-0.1239085570099118
97.35519964366713	-0.12404918449091608
97.45314250045153	-0.12418981610816517
97.55108535723589	-0.12433045186166056
97.64902821402026	-0.12447109175140356
97.74697107080465	-0.12461173577739569
97.84491392758902	-0.1247523839396383
