0.0	9.124731764430517e-06
0.0979428567843734	0.00016952015237102817
0.1958857135687468	0.0005297666607248304
0.29382857035312016	0.001089576251542141
0.3917714271374936	0.0018485016843222792
0.489714283921867	0.002805937242146069
0.5876571407062403	0.003961119757971718
0.6855999974906137	0.005313129905446913
0.7835428542749872	0.006860893750495803
0.8814857110593605	0.008603184559196146
0.979428567843734	0.010538624856738002
1.0773714246281072	0.012665688731554511
1.1753142814124806	0.014982704378040276
1.273257138196854	0.01748785687062627
1.3711999949812275	0.020179191161364917
1.4691428517656007	0.023054615292597936
1.5670857085499743	0.026111903815732872
1.6650285653343475	0.029348701406647592
1.762971422118721	0.0327625266677731
1.8609142789030944	0.03635077610647885
1.958857135687468	0.040110728278999884
2.056799992471841	0.04403954808880507
2.1547428492562144	0.048134291228009364
2.252685706040588	0.05239190875018186
2.3506285628249612	0.056809251762695766
2.4485714196093347	0.061383076226606464
2.546514276393708	0.06611004785192857
2.6444571331780815	0.07098674707611327
2.742399989962455	0.0760096741135015
2.840342846746828	0.08117525406354682
2.9382857035312013	0.08647984206566184
3.0362285603155748	0.09191972848864388
3.1341714170999486	0.09749114414277826
3.2321142738843216	0.10319026550289627
3.330057130668695	0.1090132199308819
3.4279999874530684	0.11495609088637343
3.525942844237442	0.12101492311468956
3.6238857010218153	0.1271857278013251
3.7218285578061887	0.13346448768270305
3.819771414590562	0.13984716210324225
3.917714271374936	0.14632969200919063
4.015657128159309	0.1529080048700907
4.113599984943682	0.15957801951917763
4.211542841728056	0.1663356509044616
4.309485698512429	0.1731768147427104
4.407428555296803	0.18009743206902828
4.505371412081176	0.18709343367521014
4.6033142688655495	0.19416076443054814
4.7012571256499225	0.20129538747926498
4.7991999824342955	0.20849328830925026
4.897142839218669	0.21575047868728103
4.995085696003043	0.22306300045640612
5.093028552787416	0.23042692919167518
5.19097140957179	0.2378383777108841
5.288914266356163	0.24529349943749537
5.386857123140536	0.2527884916133702
5.48479997992491	0.2603195983594145
5.582742836709283	0.26788311358269923
5.680685693493656	0.2754753837290581
5.77862855027803	0.28309281038059164
5.876571407062403	0.29073185269792506
5.9745142638467765	0.2983890297074636
6.0724571206311495	0.3060609224342679
6.170399977415523	0.3137441758815385
6.268342834199897	0.32143550085804296
6.36628569098427	0.3291316756551458
6.464228547768643	0.3368295475754082
6.562171404553017	0.34452603431501455
6.66011426133739	0.35221812520255297
6.758057118121764	0.3599028822969209
6.855999974906137	0.3675774413473663
6.95394283169051	0.37523901261887516
7.051885688474884	0.3828848815863182
7.149828545259257	0.3905124095009313
7.247771402043631	0.39811903383286906
7.3457142588280036	0.4057022685936977
7.443657115612377	0.41325970454281735
7.54159997239675	0.4207890092819016
7.639542829181124	0.42828792724152637
7.737485685965497	0.43575427956423113
7.835428542749872	0.4431859638883015
7.933371399534244	0.45058095403660764
8.031314256318618	0.45793729961484897
8.129257113102991	0.4652531255235694
8.227199969887364	0.4725266313883043
8.325142826671737	0.47975609091220306
8.423085683456112	0.48693985115544447
8.521028540240485	0.49407633174573024
8.618971397024858	0.501164024024085
8.71691425380923	0.5082014901301463
8.814857110593605	0.5151873620310525
8.912799967377978	0.5221203404979732
9.010742824162351	0.5289991940342389
9.108685680946724	0.5358227577589482
9.206628537731099	0.5425899322498315
9.304571394515472	0.5492996823490601
9.402514251299845	0.5559510359355824
9.500457108084218	0.562543082667467
9.598399964868591	0.5690749726976225
9.696342821652964	0.5755459153661519
9.794285678437339	0.581955177872486
9.892228535221712	0.5883020839303255
9.990171392006086	0.5945860124083011
10.088114248790458	0.6008063959591494
10.186057105574832	0.6069627196400761
10.283999962359205	0.6130545195268665
10.38194281914358	0.6190813813241813
10.479885675927953	0.6250429389743595
10.577828532712326	0.6309388732669347
10.675771389496699	0.6367689104509526
10.773714246281072	0.6425328208520691
10.871657103065447	0.6482304174962893
10.96959995984982	0.6538615547421064
11.067542816634193	0.6594261269226832
11.165485673418566	0.6649240669996186
11.26342853020294	0.6703553452297374
11.361371386987312	0.6757199678462399
11.459314243771685	0.6810179757554541
11.55725710055606	0.6862494432503295
11.65519995734043	0.6914144767417346
11.753142814124805	0.6965132135085143
11.851085670909178	0.701545820467192
11.949028527693553	0.7065124929621088
12.046971384477926	0.7114134535767176
12.144914241262299	0.7162489509666733
12.242857098046672	0.7210192587152835
12.340799954831047	0.7257246742118183
12.43874281161542	0.7303655175531073
12.536685668399794	0.7349421304687918
12.634628525184167	0.7394548752705322
12.73257138196854	0.7439041338254241
12.830514238752913	0.7482903065538083
12.928457095537286	0.7526138114516187
13.026399952321661	0.7568750831373573
13.124342809106034	0.7610745719237413
13.222285665890407	0.7652127429140212
13.32022852267478	0.7692900751229313
13.418171379459155	0.7733070606221935
13.516114236243528	0.7772642037104581
13.614057093027903	0.7811620201075357
13.711999949812274	0.7850010361727379
13.809942806596645	0.7887817881471221
13.90788566338102	0.7925048214193999
14.005828520165393	0.7961706898152573
14.103771376949767	0.7997799549097949
14.20171423373414	0.8033331853627942
14.299657090518513	0.8068309562764816
14.397599947302886	0.8102738485754554
14.495542804087261	0.8136624484084192
14.593485660871634	0.8169973465713559
14.691428517656007	0.820279137951761
14.78937137444038	0.8235084209935449
14.887314231224755	0.8266857971822045
14.98525708800913	0.8298118705498562
15.0831999447935	0.832887247199715
15.181142801577876	0.8359125348495999
15.279085658362249	0.8388883423940422
15.37702851514662	0.8418152794845641
15.474971371930994	0.8446939561277044
15.57291422871537	0.8475249823003509
15.670857085499744	0.8503089675819551
15.768799942284113	0.8530465208031883
15.866742799068488	0.8557382497106161
15.964685655852863	0.8583847606469521
16.062628512637236	0.8609866582464738
16.160571369421607	0.8635445451451644
16.258514226205982	0.8660590217051684
16.356457082990353	0.8685306857531364
16.454399939774728	0.8709601323320544
16.552342796559103	0.8733479534661369
16.650285653343474	0.8756947379383945
16.74822851012785	0.8780010710804673
16.846171366912223	0.8802675345743394
16.944114223696598	0.8824947062655435
17.04205708048097	0.8846831599874829
17.13999993726534	0.886833465396491
17.237942794049715	0.8889461878172679
17.335885650834086	0.8910218880983327
17.43382850761846	0.8930611224771426
17.531771364402836	0.8950644424545293
17.62971422118721	0.89703239467812
17.727657077971582	0.8989655208344136
17.825599934755957	0.9008643575491849
17.92354279154033	0.9027294362959088
18.021485648324703	0.9045612833118909
18.119428505109074	0.9063604195218106
18.21737136189345	0.9081273604683792
18.315314218677823	0.9098626162498329
18.413257075462198	0.9115666914639817
18.51119993224657	0.9132400851585426
18.609142789030944	0.9148832907874991
18.70708564581532	0.9164967961732277
18.80502850259969	0.9180810834741466
18.902971359384065	0.9196366291576447
19.000914216168436	0.9211639039780571
19.09885707295281	0.9226633729594621
19.196799929737182	0.9241354953830772
19.294742786521557	0.9255807247790455
19.392685643305928	0.9269995089224013
19.490628500090303	0.9283922898330195
19.588571356874677	0.9297595037793522
19.686514213659052	0.9311015812857696
19.784457070443423	0.9324189471433182
19.8823999272278	0.9337120204237289
19.980342784012173	0.934981214496501
20.078285640796544	0.9362269370489004
20.176228497580915	0.9374495901087178
20.274171354365286	0.9386495700696281
20.372114211149665	0.9398272677190141
20.470057067934036	0.9409830682681054
20.56799992471841	0.9421173513842993
20.665942781502782	0.9432304912255371
20.76388563828716	0.9443228564766012
20.86182849507153	0.9453948103872195
20.959771351855906	0.9464467108118583
21.057714208640277	0.947478910251088
21.155657065424652	0.9484917558944204
21.253599922209023	0.9494855896645077
21.351542778993398	0.9504607482626102
21.44948563577777	0.9514175632152309
21.547428492562144	0.9523563609218314
21.64537134934652	0.953277462703538
21.743314206130893	0.9541811848527558
21.841257062915265	0.9550678386836096
21.93919991969964	0.9559377305831337
22.03714277648401	0.9567911620631411
22.135085633268385	0.9576284298126959
22.233028490052757	0.9584498257511266
22.33097134683713	0.959255637081513
22.428914203621503	0.9600461463445866
22.52685706040588	0.9608216314729873
22.624799917190252	0.9615823658458162
22.722742773974623	0.9623286183434386
22.820685630758998	0.9630606534024783
22.91862848754337	0.9637787310709619
23.016571344327748	0.9644831070635633
23.11451420111212	0.9651740328169065
23.212457057896493	0.9658517555448851
23.31039991468086	0.9665165182939592
23.40834277146524	0.9671685599983929
23.50628562824961	0.9678081155353959
23.604228485033985	0.9684354157801384
23.702171341818357	0.9690506876606046
23.800114198602735	0.9696541542122591
23.898057055387106	0.970246034632493
23.99599991217148	0.9708265443348283
24.093942768955852	0.9713958950028527
24.191885625740227	0.9719542946438618
24.289828482524598	0.9725019476421884
24.387771339308973	0.9730390548121955
24.485714196093344	0.9735658134509154
24.583657052877722	0.9740824173903198
24.681599909662093	0.9745890570491952
24.77954276644647	0.9750859194846203
24.87748562323084	0.9755731884430198
24.975428480015218	0.9760510444107877
25.07337133679959	0.9765196646644648
25.17131419358396	0.9769792233204622
25.269257050368335	0.9774298913843134
25.367199907152703	0.9778718367994552
25.46514276393708	0.9783052244955195
25.563085620721452	0.9787302164361324
25.661028477505827	0.9791469716662152
25.758971334290198	0.9795556463587751
25.856914191074573	0.9799563938611858
25.954857047858948	0.980349364740949
26.052799904643322	0.9807347068309344
26.150742761427693	0.9811125652740925
26.24868561821207	0.9814830825676405
26.34662847499644	0.9818463986067133
26.444571331780814	0.9822026507274825
26.542514188565185	0.9825519737497387
26.64045704534956	0.982894500018937
26.73839990213393	0.9832303594477053
26.83634275891831	0.983559679556813
26.93428561570268	0.9838825855156033
27.032228472487056	0.9841992001818878
27.130171329271427	0.9845096441413034
27.228114186055805	0.9848140357461339
27.326057042840173	0.9851124911535994
27.423999899624548	0.9854051243636102
27.52194275640892	0.9856920472559939
27.61988561319329	0.9859733696271915
27.71782846997767	0.9862491992264314
27.81577132676204	0.986519641791378
27.913714183546414	0.9867848010832632
28.011657040330785	0.9870447789215001
28.109599897115164	0.9872996752177864
28.207542753899535	0.9875495880096955
28.30548561068391	0.9877946134937652
28.40342846746828	0.9880348460580836
28.501371324252656	0.988270378314379
28.599314181037027	0.9885013011296158
28.6972570378214	0.9887277036571025
28.795199894605773	0.9889496733671156
28.89314275139015	0.989167296077044
28.991085608174522	0.9893806559810578
29.089028464958897	0.9895898356793094
29.18697132174327	0.989794916206666
29.284914178527647	0.9899959770609857
29.382857035312014	0.9901930962309345
29.48079989209639	0.9903863502233561
29.57874274888076	0.990575814090194
29.676685605665135	0.9907615614549772
29.77462846244951	0.9909436645388657
29.872571319233884	0.9911221941862723
29.97051417601826	0.9912972198900549
30.068457032802634	0.991468809816292
30.166399889587	0.9916370308286448
30.264342746371376	0.9918019485123094
30.36228560315575	0.991963627197565
30.460228459940122	0.9921221299829261
30.558171316724497	0.9922775187578997
30.656114173508865	0.9924298542253568
30.75405703029324	0.992579195923519
30.851999887077614	0.9927256022475714
30.94994274386199	0.992869130470901
31.047885600646364	0.993009836765968
31.14582845743074	0.9931477762248199
31.243771314215106	0.9932830028792432
31.341714170999488	0.9934155697205691
31.439657027783856	0.9935455287191299
31.537599884568227	0.9936729308433767
31.6355427413526	0.9937978260786594
31.733485598136976	0.9939202634456766
31.83142845492135	0.9940402910185999
31.929371311705726	0.9941579559428763
32.02731416849009	0.9942733044527152
32.12525702527447	0.9943863818882643
32.22319988205884	0.9944972327124785
32.321142738843214	0.9946059005276865
32.41908559562759	0.9947124280918629
32.517028452411964	0.9948168573346052
32.61497130919634	0.9949192293728256
32.712914165980706	0.9950195845261568
32.810857022765084	0.9951179623320836
32.908799879549456	0.9952144015607953
33.006742736333834	0.9953089402297736
33.104685593118205	0.9954016156181107
33.202628449902576	0.9954924642805707
33.30057130668695	0.9955815220613915
33.398514163471326	0.9956688241078351
33.4964570202557	0.9957544048834908
33.59439987704007	0.9958382981813327
33.69234273382445	0.9959205371365392
33.79028559060882	0.9960011542390746
33.888228447393196	0.9960801813460404
33.98617130417757	0.9961576496937969
34.08411416096194	0.9962335899098633
34.18205701774631	0.9963080320245946
34.27999987453068	0.9963810054826434
34.37794273131506	0.9964525391542091
34.47588558809943	0.9965226613460775
34.57382844488381	0.9965913998124548
34.67177130166817	0.9966587817655996
34.76971415845256	0.9967248338862567
34.86765701523692	0.9967895823338959
34.9655998720213	0.9968530527567588
35.06354272880567	0.996915270301718
35.16148558559004	0.9969762596239509
35.25942844237442	0.9970360448964312
35.357371299158785	0.9970946498192442
35.455314155943164	0.9971520976287235
35.553257012727535	0.9972084111064198
35.65119986951191	0.997263612587895
35.749142726296284	0.997317723971356
35.84708558308066	0.9973707667261219
35.94502843986503	0.9974227619009315
36.042971296649405	0.997473730132094
36.140914153433776	0.9975236916514856
36.23885701021815	0.9975726662943935
36.336799867002526	0.9976206735072114
36.4347427237869	0.9976677323549888
36.532685580571275	0.9977138615288373
36.63062843735565	0.9977590793531939
36.72857129414002	0.9978034037929486
36.826514150924396	0.9978468524604348
36.92445700770877	0.9978894426222851
37.02239986449314	0.9979311912061594
37.12034272127751	0.9979721148073406
37.21828557806189	0.9980122296952073
37.31622843484626	0.998051551819581
37.41417129163064	0.9980900968169522
37.512114148415	0.9981278800165864
37.61005700519938	0.9981649164465152
37.70799986198375	0.9982012208394095
37.80594271876813	0.9982368076383425
37.9038855755525	0.9982716910024401
38.00182843233687	0.9983058848124235
38.09977128912125	0.9983394026760457
38.19771414590562	0.9983722579334222
38.29565700268999	0.9984044636622595
38.393599859474364	0.9984360326829838
38.49154271625874	0.9984669775637683
38.58948557304311	0.9984973106254671
38.68742842982749	0.9985270439464509
38.785371286611856	0.9985561893673498
38.883314143396234	0.9985847584957063
38.981257000180605	0.9986127627105359
39.07919985696498	0.9986402131668017
39.177142713749355	0.9986671207998001
39.275085570533726	0.9986934963294644
39.373028427318104	0.9987193502645815
39.470971284102475	0.998744692906931
39.56891414088685	0.9987695343553407
39.66685699767122	0.9987938845096647
39.7647998544556	0.9988177530746847
39.86274271123997	0.9988411495639353
39.960685568024346	0.9988640833034549
40.05862842480871	0.998886563435463
40.15657128159309	0.9989085989219677
40.254514138377466	0.9989301985483018
40.35245699516183	0.9989513709265903
40.45039985194621	0.9989721244991513
40.54834270873057	0.9989924675418291
40.64628556551496	0.999012408167264
40.74422842229933	0.9990319543280979
40.8421712790837	0.9990511138201165
40.94011413586807	0.9990698942853321
41.03805699265246	0.9990883032150049
41.13599984943682	0.9991063479526052
41.23394270622119	0.999124035696719
41.331885563005564	0.9991413735038969
41.42982841978994	0.9991583682914448
41.52777127657432	0.9991750268401648
41.625714133358684	0.9991913557970374
41.72365699014306	0.9992073616778552
41.821599846927434	0.9992230508698038
41.91954270371181	0.999238429633991
42.01748556049618	0.9992535041079292
42.115428417280555	0.9992682803079664
42.21337127406493	0.9992827641316722
42.311314130849304	0.9992969613601751
42.409256987633675	0.9993108776604556
42.50719984441805	0.9993245185875929
42.605142701202425	0.9993378895869695
42.703085557986796	0.9993509959964305
42.801028414771174	0.9993638430484024
42.89897127155554	0.9993764358719693
42.99691412833992	0.9993887794949089
43.09485698512429	0.9994008788456884
43.192799841908666	0.9994127387554212
43.29074269869304	0.9994243639597861
43.38868555547741	0.9994357591009068
43.48662841226179	0.999446928729197
43.58457126904615	0.9994578773051678
43.68251412583053	0.9994686092012
43.7804569826149	0.9994791287032809
43.87839983939928	0.9994894400127098
43.97634269618365	0.9994995472477649
44.07428555296802	0.9995094544453431
44.17222840975239	0.9995191655625638
44.27017126653677	0.9995286844783425
44.36811412332114	0.9995380149949336
44.46605698010551	0.999547160839442
44.563999836889884	0.9995561256653068
44.66194269367426	0.9995649130537537
44.75988555045864	0.9995735265152201
44.857828407243005	0.9995819694907524
44.95577126402738	0.999590245353374
45.05371412081176	0.9995983574094299
45.15165697759613	0.9996063088999003
45.249599834380504	0.9996141030016924
45.347542691164875	0.9996217428289047
45.44548554794925	0.9996292314340665
45.543428404733625	0.9996365718093537
45.641371261517996	0.99964376688778
45.73931411830237	0.9996508195443654
45.83725697508674	0.9996577325972811
45.93519983187112	0.9996645088089722
46.033142688655495	0.9996711508872572
46.13108554543986	0.9996776614864085
46.22902840222424	0.999684043208208
46.326971259008616	0.9996902986029852
46.42491411579299	0.9996964301706326
46.52285697257736	0.9997024403616027
46.62079982936172	0.9997083315778839
46.71874268614611	0.9997141061739578
46.81668554293048	0.999719766457739
46.91462839971485	0.9997253146914932
47.01257125649922	0.99973075309274
47.11051411328361	0.9997360838351375
47.20845697006797	0.9997413090493481
47.30639982685235	0.9997464308238885
47.40434268363671	0.9997514512059622
47.50228554042109	0.9997563722022766
47.60022839720547	0.9997611957798421
47.698171253989834	0.9997659238667573
47.79611411077421	0.999770558352979
47.894056967558576	0.9997751010910737
47.99199982434296	0.9997795538969592
48.08994268112733	0.9997839185506265
48.187885537911704	0.9997881967968526
48.285828394696075	0.9997923903458941
48.383771251480454	0.9997965008741713
48.481714108264825	0.999800530024936
48.579656965049196	0.9998044794089279
48.67759982183357	0.9998083506050173
48.775542678617946	0.9998121451608347
48.873485535402324	0.9998158645933888
48.97142839218669	0.9998195103896721
49.069371248971066	0.9998230840072537
49.167314105755445	0.9998265868748621
49.265256962539816	0.9998300203929545
49.36319981932419	0.9998333859342764
49.46114267610856	0.9998366848444095
49.55908553289294	0.9998399184423084
49.65702838967731	0.9998430880208281
49.75497124646168	0.999846194847239
49.85291410324605	0.9998492401637342
49.950856960030436	0.999852225187924
50.0487998168148	0.9998551511133233
50.14674267359918	0.9998580191098276
50.24468553038354	0.9998608303241797
50.34262838716792	0.9998635858804288
50.4405712439523	0.9998662868803782
50.53851410073667	0.9998689344040262
50.63645695752104	0.999871529509997
50.734399814305405	0.9998740732359632
50.83234267108979	0.9998765665990609
50.93028552787416	0.9998790105962952
51.02822838465853	0.9998814062049397
51.126171241442904	0.9998837543829249
51.22411409822728	0.9998860560692223
51.322056955011654	0.9998883121842195
51.41999981179603	0.999890523630087
51.517942668580396	0.999892691291139
51.615885525364774	0.9998948160341868
51.713828382149146	0.9998968987088853
51.81177123893352	0.9998989401480715
51.909714095717895	0.9999009411680985
52.007656952502266	0.9999029025691603
52.105599809286645	0.9999048251356127
52.20354266607101	0.9999067096362865
52.30148552285539	0.9999085568247935
52.399428379639765	0.9999103674398292
52.49737123642414	0.9999121422054666
52.59531409320851	0.9999138818314472
52.69325694999288	0.9999155870134627
52.79119980677725	0.999917258433434
52.88914266356163	0.9999188967597838
52.987085520346	0.9999205026477036
53.08502837713037	0.9999220767394149
53.18297123391474	0.9999236196644268
53.28091409069912	0.999925132039787
53.3788569474835	0.9999266144703286
53.47679980426786	0.9999280675489115
53.57474266105224	0.9999294918566599
53.67268551783662	0.9999308879631945
53.77062837462098	0.999932256426859
53.86857123140536	0.9999335977949451
53.966514088189726	0.9999349126039097
54.06445694497411	0.9999362013795903
54.16239980175848	0.9999374646374145
54.260342658542854	0.9999387028826067
54.358285515327225	0.9999399166103895
54.45622837211161	0.9999411063061818
54.554171228895974	0.9999422724457926
54.652114085680346	0.9999434154956117
54.75005694246472	0.9999445359127962
54.847999799249095	0.9999456341454522
54.94594265603347	0.9999467106328153
55.04388551281784	0.999947765805425
55.141828369602216	0.9999488000852979
55.23977122638658	0.9999498138860953
55.337714083170965	0.9999508076132892
55.43565693995534	0.999951781664325
55.53359979673971	0.9999527364287787
55.63154265352408	0.9999536722885142
55.72948551030846	0.9999545896178355
55.82742836709283	0.9999554887836357
55.9253712238772	0.9999563701455451
56.02331408066157	0.9999572340560731
56.12125693744595	0.9999580808607511
56.21919979423033	0.9999589108982687
56.31714265101469	0.9999597245006109
56.41508550779907	0.9999605219931899
56.51302836458345	0.9999613036949749
56.61097122136782	0.9999620699186209
56.70891407815219	0.9999628209705915
56.80685693493656	0.9999635571512844
56.90479979172094	0.9999642787551488
57.00274264850531	0.9999649860708048
57.10068550528968	0.9999656793811578
57.198628362074054	0.9999663589635126
57.29657121885844	0.9999670250896834
57.3945140756428	0.9999676780261029
57.49245693242718	0.9999683180339288
57.590399789211546	0.9999689453691482
57.688342645995924	0.9999695602826799
57.7862855027803	0.9999701630204749
57.884228359564666	0.9999707538236144
57.982171216349045	0.9999713329284068
58.08011407313341	0.9999719005664814
58.178056929917794	0.9999724569648819
58.275999786702165	0.9999730023461563
58.37394264348654	0.9999735369284465
58.47188550027091	0.9999740609255755
58.56982835705529	0.9999745745471326
58.66777121383966	0.9999750779985574
58.76571407062403	0.9999755714812222
58.8636569274084	0.9999760551925118
58.96159978419278	0.9999765293259034
59.059542640977156	0.9999769940710428
59.15748549776152	0.9999774496138216
59.2554283545459	0.9999778961364503
59.35337121133027	0.9999783338175322
59.45131406811465	0.9999787628321338
59.54925692489902	0.9999791833518558
59.64719978168339	0.9999795955449009
59.74514263846777	0.9999799995761419
59.84308549525214	0.9999803956071867
59.94102835203652	0.9999807837964435
60.03897120882088	0.9999811642991844
60.13691406560527	0.9999815372676069
60.23485692238963	0.9999819028508945
60.332799779174	0.9999822611952777
60.43074263595838	0.9999826124440916
60.52868549274275	0.9999829567378324
60.62662834952713	0.9999832942142156
60.7245712063115	0.9999836250082291
60.822514063095866	0.9999839492521887
60.920456919880245	0.9999842670757896
61.018399776664616	0.9999845786061596
61.116342633448994	0.9999848839679091
61.214285490233365	0.9999851832831813
61.31222834701773	0.999985476671701
61.410171203802115	0.9999857642508224
61.50811406058648	0.9999860461355761
61.606056917370864	0.9999863224387144
61.70399977415523	0.9999865932707583
61.80194263093961	0.9999868587400396
61.89988548772398	0.9999871189527454
61.99782834450835	0.9999873740129599
62.09577120129273	0.9999876240227071
62.193714058077106	0.9999878690819902
62.29165691486148	0.9999881092888327
62.38959977164584	0.999988344739317
62.48754262843021	0.9999885755276231
62.58548548521459	0.9999888017460662
62.683428341998976	0.999989023485134
62.78137119878334	0.9999892408335215
62.87931405556771	0.9999894538781684
62.977256912352075	0.9999896627042928
63.075199769136454	0.9999898673954252
63.17314262592084	0.9999900680334424
63.2710854827052	0.9999902646985994
63.369028339489574	0.9999904574695633
63.46697119627395	0.9999906464234423
63.564914053058324	0.9999908316358183
63.6628569098427	0.9999910131807769
63.76079976662707	0.9999911911309365
63.85874262341145	0.9999913655574776
63.95668548019582	0.9999915365301713
64.05462833698019	0.9999917041174072
64.15257119376457	0.9999918683862207
64.25051405054894	0.9999920294023199
64.34845690733331	0.999992187230112
64.44639976411769	0.9999923419327286
64.54434262090206	0.9999924935720513
64.64228547768643	0.9999926422087366
64.74022833447081	0.9999927879022397
64.83817119125519	0.9999929307108391
64.93611404803956	0.9999930706916581
65.03405690482393	0.9999932079006904
65.1319997616083	0.9999933423928201
65.22994261839268	0.9999934742218447
65.32788547517704	0.9999936034404965
65.42582833196141	0.999993730100464
65.5237711887458	0.9999938542524115
65.62171404553017	0.9999939759460006
65.71965690231454	0.9999940952299098
65.81759975909891	0.999994212151853
65.9155426158833	0.9999943267586
66.01348547266767	0.9999944390959938
66.11142832945202	0.9999945492089708
66.20937118623641	0.9999946571415763
66.3073140430208	0.9999947629369845
66.40525689980515	0.999994866637514
66.50319975658952	0.9999949682846458
66.6011426133739	0.9999950679190397
66.69908547015828	0.9999951655805499
66.79702832694265	0.9999952613082422
66.89497118372702	0.9999953551404077
66.9929140405114	0.9999954471145805
67.09085689729577	0.999995537267551
67.18879975408014	0.9999956256353808
67.28674261086452	0.9999957122534181
67.3846854676489	0.9999957971563107
67.48262832443326	0.99999588037802
67.58057118121764	0.9999959619518362
67.678514038002	0.9999960419103888
67.77645689478639	0.9999961202856621
67.87439975157075	0.9999961971090072
67.97234260835513	0.9999962724111539
68.0702854651395	0.9999963462222234
68.16822832192388	0.9999964185717413
68.26617117870825	0.9999964894886478
68.36411403549262	0.9999965590013102
68.462056892277	0.9999966271375346
68.55999974906136	0.9999966939245758
68.65794260584573	0.9999967593891491
68.75588546263012	0.9999968235574415
68.85382831941449	0.9999968864551204
68.95177117619886	0.9999969481073455
69.04971403298323	0.9999970085387787
69.14765688976762	0.9999970677735929
69.24559974655197	0.9999971258354825
69.34354260333635	0.9999971827476728
69.44148546012073	0.9999972385329297
69.53942831690512	0.999997293213567
69.63737117368947	0.9999973468114584
69.73531403047384	0.9999973993480433
69.83325688725823	0.9999974508443367
69.9311997440426	0.9999975013209376
70.02914260082697	0.9999975507980374
70.12708545761134	0.9999975992954275
70.22502831439571	0.999997646832507
70.32297117118009	0.9999976934282915
70.42091402796446	0.9999977391014199
70.51885688474884	0.9999977838701618
70.61679974153321	0.999997827752425
70.71474259831757	0.9999978707657632
70.81268545510196	0.9999979129273818
70.91062831188633	0.9999979542541464
71.00857116867071	0.9999979947625877
71.10651402545507	0.9999980344689098
71.20445688223946	0.9999980733889955
71.30239973902383	0.9999981115384134
71.40034259580818	0.9999981489324237
71.49828545259257	0.9999981855859842
71.59622830937695	0.9999982215137568
71.69417116616133	0.9999982567301132
71.79211402294568	0.9999982912491404
71.89005687973005	0.9999983250846459
71.98799973651444	0.9999983582501649
72.08594259329881	0.9999983907589635
72.18388545008318	0.999998422624046
72.28182830686755	0.9999984538581584
72.37977116365194	0.9999984844737948
72.4777140204363	0.9999985144832021
72.57565687722068	0.999998543898384
72.67359973400505	0.9999985727311073
72.77154259078942	0.999998600992905
72.8694854475738	0.9999986286950826
72.96742830435817	0.999998655848721
73.06537116114255	0.9999986824646822
73.16331401792692	0.9999987085536126
73.2612568747113	0.9999987341259482
73.35919973149566	0.9999987591919183
73.45714258828004	0.9999987837615497
73.5550854450644	0.99999880784467
73.65302830184879	0.9999988314509135
73.75097115863316	0.9999988545897225
73.84891401541753	0.9999988772703527
73.94685687220189	0.999998899501877
74.04479972898628	0.9999989212931881
74.14274258577066	0.9999989426530028
74.24068544255502	0.9999989635898655
74.33862829933939	0.9999989841121506
74.43657115612378	0.9999990042280679
74.53451401290815	0.9999990239456634
74.63245686969252	0.9999990432728251
74.73039972647689	0.9999990622172834
74.82834258326127	0.9999990807866169
74.92628544004565	0.9999990989882532
75.02422829683	0.9999991168294733
75.12217115361439	0.9999991343174139
75.22011401039876	0.9999991514590701
75.31805686718313	0.9999991682612994
75.4159997239675	0.9999991847308226
75.51394258075187	0.9999992008742273
75.61188543753626	0.9999992166979716
75.70982829432063	0.9999992322083849
75.807771151105	0.999999247411672
75.90571400788937	0.9999992623139137
76.00365686467374	0.9999992769210716
76.10159972145811	0.9999992912389887
76.1995425782425	0.9999993052733921
76.29748543502687	0.9999993190298959
76.39542829181124	0.999999332514003
76.49337114859561	0.9999993457311069
76.59131400537999	0.9999993586864948
76.68925686216437	0.9999993713853492
76.78719971894873	0.9999993838327493
76.88514257573311	0.9999993960336747
76.98308543251748	0.9999994079930058
77.08102828930186	0.9999994197155262
77.17897114608623	0.9999994312059254
77.2769140028706	0.9999994424687995
77.37485685965498	0.9999994535086539
77.47279971643934	0.9999994643299048
77.57074257322371	0.9999994749368805
77.6686854300081	0.9999994853338241
77.76662828679247	0.9999994955248946
77.86457114357684	0.9999995055141687
77.96251400036121	0.9999995153056417
78.06045685714558	0.9999995249032307
78.15839971392997	0.9999995343107748
78.25634257071432	0.9999995435320373
78.35428542749871	0.9999995525707065
78.45222828428308	0.9999995614303981
78.55017114106745	0.9999995701146562
78.64811399785182	0.9999995786269547
78.74605685463621	0.9999995869706981
78.84399971142058	0.9999995951492248
78.94194256820495	0.9999996031658057
79.03988542498932	0.9999996110236476
79.1378282817737	0.9999996187258938
79.23577113855806	0.9999996262756258
79.33371399534244	0.9999996336758628
79.4316568521268	0.9999996409295653
79.5295997089112	0.999999648039635
79.62754256569556	0.9999996550089161
79.72548542247993	0.999999661840196
79.8234282792643	0.9999996685362077
79.92137113604869	0.9999996750996296
80.01931399283305	0.9999996815330867
80.11725684961742	0.9999996878391532
80.21519970640179	0.9999996940203512
80.31314256318618	0.9999997000791533
80.41108541997055	0.9999997060179832
80.50902827675493	0.9999997118392162
80.6069711335393	0.9999997175451814
80.70491399032366	0.9999997231381607
80.80285684710803	0.9999997286203917
80.90079970389242	0.999999733994067
80.99874256067679	0.9999997392613368
81.09668541746115	0.9999997444243077
81.19462827424555	0.9999997494850447
81.29257113102992	0.9999997544455728
81.39051398781429	0.9999997593078755
81.48845684459866	0.9999997640738983
81.58639970138303	0.9999997687455475
81.6843425581674	0.9999997733246921
81.78228541495176	0.9999997778131634
81.88022827173614	0.999999782212757
81.97817112852053	0.9999997865252329
82.07611398530491	0.999999790752316
82.17405684208927	0.9999997948956975
82.27199969887364	0.9999997989570343
82.36994255565801	0.9999998029379512
82.46788541244239	0.9999998068400409
82.56582826922676	0.9999998106648641
82.66377112601113	0.9999998144139506
82.7617139827955	0.9999998180888002
82.85965683957988	0.999999821690883
82.95759969636426	0.9999998252216399
83.05554255314864	0.9999998286824829
83.15348540993301	0.9999998320747966
83.25142826671737	0.9999998353999383
83.34937112350174	0.9999998386592376
83.44731398028613	0.9999998418539984
83.5452568370705	0.999999844985499
83.64319969385487	0.9999998480549914
83.74114255063925	0.999999851063704
83.83908540742362	0.9999998540128401
83.93702826420798	0.9999998569035793
84.03497112099237	0.9999998597370781
84.13291397777674	0.9999998625144698
84.23085683456111	0.9999998652368655
84.32879969134547	0.9999998679053542
84.42674254812987	0.9999998705210034
84.52468540491424	0.9999998730848589
84.62262826169861	0.999999875597947
84.72057111848298	0.9999998780612726
84.81851397526735	0.999999880475821
84.91645683205172	0.9999998828425581
85.0143996888361	0.9999998851624308
85.11234254562046	0.999999887436367
85.21028540240485	0.9999998896652761
85.30822825918924	0.9999998918500499
85.40617111597359	0.9999998939915623
85.50411397275796	0.9999998960906697
85.60205682954235	0.9999998981482122
85.6999996863267	0.9999999001650126
85.79794254311108	0.999999902141878
85.89588539989545	0.9999999040795985
85.99382825667983	0.9999999059789495
86.0917711134642	0.999999907840691
86.18971397024858	0.9999999096655674
86.28765682703296	0.999999911454309
86.38559968381733	0.999999913207631
86.48354254060169	0.9999999149262351
86.58148539738607	0.9999999166108084
86.67942825417045	0.9999999182620251
86.77737111095482	0.9999999198805452
86.8753139677392	0.9999999214670168
86.97325682452357	0.9999999230220739
87.07119968130795	0.999999924546339
87.1691425380923	0.9999999260404213
87.26708539487669	0.9999999275049192
87.36502825166106	0.9999999289404179
87.46297110844543	0.9999999303474919
87.5609139652298	0.9999999317267039
87.65885682201419	0.9999999330786056
87.75679967879856	0.999999934403738
87.85474253558293	0.9999999357026309
87.9526853923673	0.9999999369758042
88.05062824915167	0.9999999382237669
88.14857110593604	0.999999939447018
88.24651396272041	0.9999999406460476
88.34445681950479	0.9999999418213346
88.44239967628916	0.9999999429733492
88.54034253307354	0.9999999441025526
88.63828538985791	0.9999999452093961
88.73622824664228	0.9999999462943225
88.83417110342667	0.9999999473577663
88.93211396021103	0.9999999484001523
89.0300568169954	0.9999999494218978
89.12799967377977	0.9999999504234114
89.22594253056415	0.9999999514050933
89.32388538734853	0.999999952367337
89.42182824413291	0.9999999533105269
89.51977110091728	0.9999999542350405
89.61771395770165	0.9999999551412474
89.71565681448601	0.9999999560295101
89.8135996712704	0.9999999569001841
89.91154252805477	0.9999999577536176
90.00948538483912	0.999999958590152
90.10742824162352	0.9999999594101221
90.2053710984079	0.9999999602138554
90.30331395519227	0.9999999610016738
90.40125681197664	0.9999999617738925
90.49919966876101	0.9999999625308201
90.59714252554538	0.9999999632727595
90.69508538232975	0.9999999640000076
90.79302823911412	0.9999999647128551
90.8909710958985	0.9999999654115875
90.98891395268289	0.9999999660964839
91.08685680946725	0.9999999667678185
91.18479966625162	0.9999999674258597
91.28274252303599	0.9999999680708709
91.38068537982038	0.99999996870311
91.47862823660473	0.9999999693228301
91.5765710933891	0.9999999699302786
91.67451395017348	0.999999970525699
91.77245680695786	0.9999999711093293
91.87039966374223	0.999999971681403
91.96834252052662	0.9999999722421486
92.06628537731099	0.999999972791791
92.16422823409535	0.9999999733305496
92.26217109087972	0.99999997385864
92.3601139476641	0.9999999743762736
92.45805680444847	0.9999999748836573
92.55599966123285	0.9999999753809944
92.65394251801723	0.9999999758684833
92.7518853748016	0.9999999763463193
92.84982823158597	0.9999999768146935
92.94777108837035	0.9999999772737934
93.04571394515472	0.9999999777238023
93.14365680193909	0.9999999781649006
93.24159965872344	0.9999999785972645
93.33954251550783	0.9999999790210671
93.43748537229222	0.9999999794364779
93.53542822907659	0.9999999798436628
93.63337108586096	0.9999999802427851
93.73131394264533	0.9999999806340042
93.8292567994297	0.9999999810174766
93.92719965621407	0.9999999813933557
94.02514251299844	0.9999999817617921
94.12308536978281	0.9999999821229327
94.22102822656721	0.9999999824769225
94.31897108335157	0.9999999828239025
94.41691394013594	0.999999983164012
94.51485679692031	0.9999999834973871
94.6127996537047	0.9999999838241606
94.71074251048906	0.9999999841444637
94.80868536727343	0.9999999844584243
94.90662822405781	0.9999999847661681
95.00457108084218	0.9999999850678182
95.10251393762655	0.9999999853634951
95.20045679441094	0.9999999856533173
95.29839965119531	0.9999999859374007
95.39634250797967	0.9999999862158588
95.49428536476405	0.9999999864888032
95.59222822154842	0.9999999867563427
95.6901710783328	0.9999999870185847
95.78811393511715	0.999999987275634
95.88605679190155	0.9999999875275933
95.98399964868592	0.9999999877745636
96.08194250547028	0.9999999880166432
96.17988536225467	0.9999999882539297
96.27782821903904	0.9999999884865174
96.37577107582341	0.9999999887144997
96.47371393260778	0.9999999889379676
96.57165678939215	0.9999999891570104
96.66959964617654	0.999999989371716
96.76754250296091	0.9999999895821703
96.86548535974528	0.999999989788457
96.96342821652965	0.9999999899906591
97.06137107331402	0.9999999901888574
97.15931393009839	0.9999999903831309
97.25725678688276	0.9999999905735577
97.35519964366713	0.9999999907602137
97.45314250045153	0.9999999909431738
97.55108535723589	0.999999991122511
97.64902821402026	0.9999999912982971
97.74697107080465	0.9999999914706024
97.84491392758902	0.9999999916394957
