0.0	66319.77218197202
0.0979428567843734	66319.77217396644
0.1958857135687468	3671.6116010247893
0.29382857035312016	1076.7633059785112
0.3917714271374936	503.54780659487517
0.489714283921867	290.6209411508652
0.5876571407062404	188.99752555996858
0.6855999974906137	132.7404795495962
0.7835428542749872	98.37879681888103
0.8814857110593605	75.86647858645642
0.9794285678437338	60.321502925536386
1.077371424628107	49.13962587311459
1.1753142814124804	40.82868808059951
1.2732571381968536	34.483867197047715
1.3711999949812272	29.530619571324312
1.4691428517656007	25.589906495827904
1.5670857085499743	22.4034755255213
1.6650285653343475	19.790452708106425
1.7629714221187212	17.62110133103528
1.8609142789030946	15.800405186547907
1.958857135687468	14.257486971131902
2.0567999924718414	12.938606491305816
2.154742849256215	11.802418647381362
2.2526857060405883	10.816694546887994
2.350628562824962	9.956011669265791
2.448571419609335	9.20009907502801
2.5465142763937085	8.532633650393572
2.644457133178082	7.940352171063147
2.742399989962456	7.412387920433799
2.8403428467468292	6.939769230366186
2.938285703531202	6.5150363013813255
3.0362285603155756	6.131945460254445
3.1341714170999495	5.785238774160917
3.232114273884323	5.470463021250639
3.3300571306686964	5.183826293028053
3.4279999874530698	4.922083546677656
3.525942844237443	4.682444615490732
3.623885701021817	4.462499778519918
3.7218285578061905	4.2601591607959755
3.819771414590564	4.073603103106525
3.9177142713749373	3.9012412893268067
4.015657128159311	3.7416789087378026
4.113599984943685	3.593688502774042
4.211542841728058	3.4561864304805847
4.309485698512431	3.3282131065791685
4.407428555296804	3.2089163365042386
4.505371412081177	3.097537205909367
4.603314268865551	2.9933980867587358
4.701257125649925	2.895892404788494
4.799199982434298	2.8044758788080366
4.897142839218671	2.7186589947727384
4.995085696003044	2.638000519667988
5.093028552787418	2.562101894203387
5.190971409571792	2.4906023708276264
5.288914266356165	2.4231747859601622
5.386857123140539	2.359521873626757
5.4847999799249125	2.2993730426912724
5.5827428367092855	2.2424815522335626
5.680685693493659	2.188622029837945
5.778628550278032	2.137588286030293
5.876571407062406	2.089191385155245
5.97451426384678	2.043257938875863
6.072457120631153	1.9996285934136278
6.170399977415527	1.9581566857946808
6.2683428341999	1.918707047864682
6.366285690984273	1.881154939790462
6.464228547768647	1.8453850972723196
6.56217140455302	1.8112908788206297
6.660114261337394	1.7787735012655113
6.7580571181217675	1.747741353219029
6.85599997490614	1.7181093775375507
6.953942831690514	1.689798514972078
7.051885688474887	1.662735202175457
7.149828545259261	1.636850918081465
7.247771402043635	1.6120817734019879
7.345714258828008	1.588368138621799
7.443657115612382	1.5656543064200434
7.541599972396755	1.5438881849254429
7.639542829181128	1.5230210186286037
7.737485685965503	1.5030071341382603
7.835428542749875	1.4838037082861026
7.933371399534249	1.465370556363262
8.031314256318622	1.4476699385158545
8.129257113102996	1.4306663825417565
8.22719996988737	1.4143265215198837
8.325142826671744	1.3986189448700166
8.423085683456115	1.3835140615885098
8.52102854024049	1.3689839745355274
8.618971397024863	1.3550023647648852
8.716914253809238	1.3415443849899977
8.81485711059361	1.3285865613704295
8.912799967377984	1.3161067028845055
9.010742824162357	1.3040838176255656
9.10868568094673	1.2924980354237943
9.206628537731104	1.281330536253029
9.304571394515477	1.2705634839333537
9.402514251299852	1.26017996468632
9.500457108084223	1.250163930140897
9.598399964868598	1.240500144425305
9.696342821652971	1.2311741350131682
9.794285678437346	1.2221721470223752
9.892228535221719	1.2134811006920077
9.990171392006092	1.205088551787018
10.088114248790465	1.1969826547022893
10.18605710557484	1.1891521280575448
10.283999962359212	1.1815862225925118
10.381942819143587	1.174274691187987
10.479885675927958	1.1672077608531715
10.577828532712331	1.1603761065329874
10.675771389496706	1.1537708266012237
10.773714246281079	1.1473834199163617
10.871657103065454	1.1412057643269635
10.969599959849825	1.1352300965226256
11.0675428166342	1.1294489931348157
11.165485673418573	1.1238553529994926
11.263428530202948	1.1184423805003316
11.36137138698732	1.1132035699177008
11.459314243771693	1.1081326907143123
11.557257100556066	1.1032237736937656
11.655199957340441	1.09847109797304
11.753142814124814	1.0938691787144372
11.851085670909189	1.0894127555665358
11.94902852769356	1.0850967817674715
12.046971384477935	1.0809164138672707
12.144914241262308	1.0768670020291329
12.24285709804668	1.0729440808724502
12.340799954831056	1.0691433608230254
12.438742811615429	1.065460719938407
12.536685668399802	1.0618921961785288
12.634628525184175	1.058433980093928
12.73257138196855	1.0550824079057466
12.830514238752922	1.051833954953502
12.928457095537297	1.048685229488257
13.026399952321668	1.0456329667903401
13.124342809106043	1.0426740235921803
13.222285665890416	1.0398053727881127
13.32022852267479	1.037024098414228
13.418171379459164	1.0343273908824533
13.516114236243537	1.0317125424540867
13.61405709302791	1.029176942938973
13.711999949812283	1.0267180756073997
13.809942806596657	1.0243335133026221
13.90788566338103	1.0220209147426973
14.005828520165403	1.0197780210010225
14.103771376949776	1.017602652155641
14.201714233734151	1.015492704097998
14.299657090518524	1.0134461454924093
14.397599947302899	1.0114610148780396
14.49554280408727	1.009535417905693
14.593485660871645	1.0076675247021833
14.691428517656018	1.0058555673554905
14.789371374440393	1.0040978375143146
14.887314231224765	1.0023926840960211
14.985257088009138	1.000738511097327
15.083199944793513	0.9991337755024059
15.181142801577884	0.9975769852834061
15.27908565836226	0.9960666974886636
15.377028515146634	0.9946015164141621
15.474971371931005	0.9931800918540507
15.572914228715378	0.9918011174262669
15.670857085499753	0.9904633289695337
15.768799942284128	0.9891655030082138
15.866742799068499	0.9879064552816956
15.964685655852874	0.9866850393351742
16.062628512637247	0.9855001451688604
16.16057136942162	0.9843506979428164
16.258514226205993	0.9832356567347647
16.356457082990367	0.9821540133483669
16.454399939774742	0.9811047911695973
16.552342796559117	0.9800870440689664
16.650285653343488	0.9790998553474696
16.748228510127863	0.9781423367242448
16.846171366912234	0.977213627364032
16.94411422369661	0.9763128929426256
17.04205708048098	0.9754393247486043
17.139999937265355	0.9745921388197106
17.23794279404973	0.9737705751123384
17.3358856508341	0.9729738967026614
17.433828507618475	0.9722013890180123
17.53177136440285	0.9714523590971912
17.629714221187225	0.9707261348784479
17.727657077971596	0.970022064513946
17.825599934755967	0.9693395157095724
17.923542791540342	0.9686778750890164
18.021485648324717	0.9680365475810897
18.119428505109088	0.9674149558293135
18.217371361893463	0.966812539622841
18.315314218677837	0.9662287553478316
18.413257075462212	0.9656630754584341
18.511199932246583	0.9651149879665749
18.609142789030958	0.9645839959497863
18.707085645815333	0.9640696170763456
18.805028502599704	0.9635713831470291
18.902971359384075	0.963088839652816
19.00091421616845	0.9626215453479117
19.098857072952825	0.9621690718374822
19.196799929737196	0.9617310031795269
19.29474278652157	0.9613069355003339
19.392685643305946	0.9608964766229959
19.49062850009032	0.9604992457084804
19.58857135687469	0.9601148729087743
19.686514213659063	0.9597429990316435
19.784457070443434	0.9593832752165677
19.882399927227805	0.9590353626214295
19.980342784012176	0.958698932119555
20.078285640796544	0.9583736640067221
20.176228497580915	0.9580592477177657
20.274171354365286	0.9577553815524285
20.372114211149658	0.9574617724101172
20.47005706793403	0.9571781355332422
20.5679999247184	0.9569041942588274
20.665942781502775	0.9566396797780954
20.763885638287146	0.9563843309037386
20.861828495071517	0.956137893844607
20.95977135185589	0.9559001219875451
21.05771420864026	0.9556707756861299
21.15565706542463	0.9554496220560643
21.253599922209002	0.9552364347769968
21.351542778993373	0.9550309939005417
21.449485635777744	0.9548330856642869
21.547428492562116	0.9546425023115831
21.645371349346487	0.9544590419169158
21.743314206130858	0.9542825082166708
21.84125706291523	0.9541127104451098
21.9391999196996	0.9539494631753799
22.03714277648397	0.9537925861653885
22.135085633268343	0.9536419042083807
22.233028490052714	0.9534972469880612
22.330971346837085	0.9533584489381125
22.428914203621456	0.9532253491059622
22.526857060405828	0.9530977910206601
22.6247999171902	0.9529756225647303
22.72274277397457	0.9528586958498708
22.82068563075894	0.9527468670963716
22.918628487543312	0.9526399965161346
23.016571344327684	0.9525379481991778
23.114514201112055	0.9524405900035113
23.21245705789643	0.9523477934482787
23.3103999146808	0.9522594336100585
23.408342771465172	0.9521753890222264
23.506285628249543	0.9520955415772804
23.604228485033914	0.9520197764320362
23.702171341818286	0.9519479819156027
23.800114198602657	0.95188004944005
23.898057055387024	0.9518158734136862
23.995999912171396	0.9517553511568622
24.093942768955767	0.9516983828202255
24.191885625740138	0.9516448713053477
24.28982848252451	0.9515947221876528
24.38777133930888	0.9515478436415751
24.485714196093255	0.9515041463678782
24.583657052877626	0.9514635435230707
24.681599909661998	0.9514259506508529
24.77954276644637	0.9513912856155334
24.87748562323074	0.9513594685373572
24.97542848001511	0.9513304217296852
25.073371336799482	0.951304069637972
25.171314193583854	0.951280338780486
25.269257050368225	0.9512591576907206
25.367199907152596	0.9512404568614452
25.465142763936967	0.9512241686903485
25.56308562072134	0.951210227427225
25.661028477505713	0.9511985691226604
25.75897133429008	0.9511891315781705
25.856914191074452	0.9511818542977514
25.954857047858823	0.9511766784407987
26.052799904643194	0.9511735467763565
26.150742761427566	0.9511724036386559
26.248685618211937	0.9511731948839061
26.346628474996308	0.9511758678483014
26.44457133178068	0.9511803713072086
26.54251418856505	0.9511866554354994
26.64045704534942	0.951194671768997
26.738399902133793	0.9512043731670017
26.836342758918164	0.9512157137758667
26.93428561570254	0.9512286489935916
27.03222847248691	0.9512431354354063
27.13017132927128	0.951259130900315
27.228114186055652	0.9512765943385741
27.326057042840024	0.9512954858200764
27.423999899624395	0.9513157665036152
27.521942756408766	0.9513373986070045
27.619885613193137	0.95136034537803
27.717828469977505	0.9513845710662066
27.815771326761876	0.9514100408953202
27.913714183546247	0.9514367210367324
28.01165704033062	0.9514645785834235
28.10959989711499	0.9514935815247565
28.207542753899364	0.9515236987219385
28.305485610683736	0.9515548998841622
28.403428467468107	0.9515871555454061
28.501371324252478	0.9516204370418768
28.59931418103685	0.9516547164900742
28.69725703782122	0.9516899667654615
28.79519989460559	0.9517261614817247
28.893142751389963	0.9517632749706034
28.991085608174334	0.9518012822622778
29.089028464958705	0.9518401590662954
29.186971321743076	0.9518798817530238
29.284914178527448	0.9519204273356132
29.38285703531182	0.951961773452455
29.480799892096194	0.9520038983501233
29.57874274888056	0.9520467808667845
29.676685605664932	0.9520904004160632
29.774628462449304	0.9521347369713509
29.87257131923367	0.9521797710505451
29.970514176018046	0.9522254837012076
30.06845703280242	0.95227185648613
30.16639988958679	0.9523188714692938
30.264342746371163	0.9523665112022168
30.36228560315553	0.9524147587106725
30.460228459939906	0.9524635974817733
30.558171316724273	0.9525130114514082
30.656114173508648	0.9525629849920232
30.754057030293016	0.9526135029007368
30.85199988707739	0.9526645503877801
30.949942743861758	0.9527161130652534
31.047885600646133	0.9527681769361901
31.1458284574305	0.9528207283839188
31.243771314214875	0.9528737541617175
31.341714170999246	0.9529272413827484
31.439657027783618	0.9529811775102696
31.53759988456799	0.9530355503481124
31.635542741352356	0.9530903480314198
31.73348559813673	0.9531455590176365
31.8314284549211	0.953201172077746
31.929371311705474	0.9532571762877455
32.027314168489845	0.9533135610203542
32.125257025274216	0.9533703159369473
32.22319988205859	0.9534274309797097
32.32114273884296	0.953484896364004
32.41908559562733	0.9535427025709462
32.5170284524117	0.9536008403401834
32.61497130919607	0.9536593006628691
32.71291416598044	0.9537180747748287
32.810857022764814	0.9537771541499123
32.908799879549186	0.953836530493527
33.00674273633356	0.9538961957363472
33.10468559311793	0.9539561420281941
33.2026284499023	0.9540163617320833
33.30057130668667	0.9540768474184333
33.39851416347104	0.9541375918594328
33.49645702025541	0.9541985880235596
33.594399877039784	0.9542598290702501
33.692342733824155	0.954321308344713
33.790285590608526	0.9543830193728841
33.888228447392905	0.9544449558565185
33.98617130417727	0.9545071116684162
34.08411416096165	0.9545694808477773
34.18205701774601	0.9546320575956836
34.27999987453038	0.9546948362707031
34.377942731314754	0.9547578113846138
34.475885588099125	0.954820977598244
34.573828444883496	0.9548843297174251
34.67177130166787	0.9549478626890547
34.76971415845224	0.955011571597267
34.86765701523661	0.9550754516597065
34.96559987202098	0.9551394982239038
35.06354272880535	0.9552037067637488
35.16148558558973	0.9552680728760606
35.259428442374094	0.9553325922772504
35.35737129915847	0.9553972608000744
35.45531415594284	0.9554620743904756
35.553257012727215	0.9555270291045111
35.65119986951158	0.9555921211053632
35.74914272629596	0.9556573466604302
35.84708558308032	0.9557227021384987
35.9450284398647	0.9557881840069903
36.042971296649064	0.9558537888292842
36.14091415343344	0.9559195132621127
36.23885701021781	0.9559853540530263
36.33679986700218	0.956051308037929
36.434742723786556	0.9561173721386796
36.53268558057092	0.9561835433607581
36.6306284373553	0.9562498187909956
36.72857129413966	0.9563161955953665
36.82651415092404	0.9563826710168396
36.924457007708405	0.9564492423732878
37.02239986449278	0.9565159070554548
37.12034272127715	0.956582662524977
37.218285578061526	0.9566495063124589
37.31622843484589	0.9567164360156004
37.41417129163027	0.9567834492973758
37.51211414841463	0.9568505438842614
37.61005700519901	0.9569177175645116
37.70799986198338	0.9569849681864816
37.80594271876775	0.9570522936569956
37.903885575552124	0.9571196919397599
38.001828432336495	0.9571871610538178
38.099771289120866	0.957254699072048
38.19771414590523	0.9573223041197019
38.29565700268961	0.9573899743729826
38.39359985947397	0.9574577080576608
38.49154271625835	0.9575255034477296
38.589485573042715	0.957593358864094
38.687428429827094	0.9576612726732985
38.78537128661146	0.9577292432862865
38.883314143395836	0.9577972691571958
38.98125700018021	0.9578653487821848
39.07919985696458	0.957933480698292
39.17714271374895	0.9580016634823255
39.27508557053333	0.9580698957497833
39.37302842731769	0.9581381761538021
39.47097128410207	0.9582065033841359
39.568914140886434	0.9582748761661607
39.66685699767081	0.9583432932599077
39.764799854455184	0.9584117534591218
39.86274271123955	0.9584802555903458
39.960685568023926	0.9585487985120299
40.05862842480829	0.9586173811136649
40.15657128159267	0.9586860023149391
40.25451413837703	0.9587546610649179
40.35245699516141	0.9588233563412462
40.450399851945775	0.9588920871493714
40.548342708730154	0.9589608525217889
40.64628556551452	0.9590296515173069
40.744228422298896	0.9590984832203318
40.84217127908326	0.9591673467401723
40.94011413586764	0.9592362412103638
41.03805699265201	0.9593051657880091
41.13599984943638	0.9593741196531388
41.23394270622075	0.9594431020080881
41.33188556300512	0.9595121120768911
41.429828419789494	0.9595811491046907
41.527771276573866	0.9596502123571653
41.62571413335824	0.9597193011199708
41.72365699014261	0.9597884146981979
41.82159984692698	0.9598575524158434
41.91954270371134	0.9599267136152971
42.01748556049572	0.9599958976568418
42.115428417280086	0.9600651039181665
42.213371274064464	0.9601343317938937
42.311314130848835	0.9602035806951197
42.409256987633206	0.9602728500489659
42.50719984441758	0.9603421392981438
42.60514270120195	0.9604114479005312
42.70308555798632	0.9604807753287599
42.80102841477069	0.9605501210698143
42.89897127155506	0.9606194846246421
42.996914128339434	0.9606888655077739
43.094856985123805	0.9607582632469542
43.192799841908176	0.9608276773827825
43.29074269869255	0.9608971074683632
43.38868555547692	0.9609665530689661
43.48662841226129	0.9610360137616953
43.58457126904566	0.9611054891351681
43.68251412583003	0.961174978789201
43.7804569826144	0.9612444823345058
43.878399839398774	0.9613139993923933
43.976342696183146	0.9613835295944847
44.07428555296752	0.9614530725824318
44.17222840975189	0.9615226280076438
44.27017126653626	0.9615921955310219
44.36811412332063	0.9616617748227015
44.466056980105	0.9617313655618008
44.56399983688937	0.9618009674361766
44.661942693673744	0.9618705801421863
44.759885550458115	0.9619402033844573
44.85782840724249	0.9620098368756614
44.95577126402686	0.9620794803362965
45.053714120811236	0.9621491334944734
45.1516569775956	0.9622187960857086
45.24959983437998	0.9622884678527233
45.34754269116434	0.9623581485452468
45.44548554794872	0.9624278379198264
45.543428404733085	0.9624975357396416
45.641371261517456	0.9625672417743234
45.73931411830183	0.9626369557997794
45.8372569750862	0.9627066775980224
45.93519983187057	0.9627764069570047
46.03314268865494	0.9628461436704563
46.13108554543932	0.9629158875377275
46.22902840222368	0.9629856383636363
46.32697125900806	0.9630553959583192
46.424914115792426	0.963125160137087
46.522856972576804	0.9631949307202835
46.62079982936117	0.9632647075331484
46.718742686145546	0.9633344904056848
46.81668554292991	0.9634042791725285
46.91462839971429	0.9634740736728229
47.01257125649865	0.9635438737500956
47.11051411328303	0.9636136792521395
47.208456970067395	0.963683490030896
47.306399826851774	0.9637533059423431
47.404342683636145	0.9638231268463845
47.50228554042051	0.9638929526067435
47.60022839720489	0.9639627830908583
47.69817125398925	0.9640326181697815
47.79611411077363	0.9641024577180813
47.894056967557994	0.9641723016137459
47.99199982434237	0.9642421497380902
48.089942681126736	0.9643120019756655
48.187885537911114	0.964381858214171
48.28582839469548	0.9644517183443685
48.38377125147986	0.9645215822599986
48.48171410826422	0.9645914498576998
48.5796569650486	0.9646613210369296
48.67759982183297	0.9647311956998874
48.77554267861734	0.9648010737514403
48.87348553540171	0.96487095509905
48.971428392186084	0.9649408396527022
49.069371248970455	0.9650107273248381
49.167314105754826	0.9650806180302873
49.2652569625392	0.9651505116862029
49.36319981932357	0.9652204082119978
49.46114267610794	0.9652903075292837
49.559085532892304	0.9653602095618106
49.65702838967668	0.9654301142354089
49.75497124646105	0.9655000214779329
49.852914103245425	0.965569931219205
49.950856960029796	0.9656398433909628
50.04879981681417	0.9657097579268062
50.14674267359854	0.9657796747621475
50.24468553038291	0.9658495938341611
50.34262838716728	0.9659195150817361
50.44057124395165	0.9659894384454294
50.53851410073602	0.96605936386742
50.636456957520394	0.9661292912914652
50.734399814304766	0.9661992206628572
50.83234267108914	0.9662691519283816
50.93028552787351	0.9663390850362764
51.02822838465788	0.9664090199361925
51.12617124144225	0.9664789565791554
51.22411409822662	0.9665488949175273
51.32205695501099	0.966618834904971
51.419999811795364	0.9666887764964144
51.517942668579735	0.9667587196480157
51.61588552536411	0.9668286643171304
51.71382838214848	0.9668986104622782
51.81177123893285	0.9669685580431112
51.90971409571722	0.9670385070203835
52.00765695250159	0.9671084573559207
52.10559980928596	0.9671784090125908
52.203542666070334	0.9672483619542759
52.301485522854705	0.9673183161458445
52.399428379639076	0.9673882715531245
52.497371236423454	0.967458228142877
52.59531409320782	0.9675281858827709
52.6932569499922	0.9675981447413583
52.79119980677656	0.9676681046880502
52.88914266356094	0.9677380656930931
52.9870855203453	0.9678080277275463
53.085028377129674	0.9678779907632595
53.182971233914046	0.9679479547728518
53.28091409069842	0.9680179197296899
53.37885694748279	0.9680878856078682
53.47679980426716	0.968157852382189
53.57474266105153	0.968227820028143
53.6726855178359	0.9682977885218904
53.77062837462028	0.968367757840243
53.868571231404644	0.968437727960646
53.96651408818902	0.968507698861161
54.06445694497339	0.9685776705204491
54.162399801757765	0.9686476429177546
54.26034265854213	0.968717616032889
54.35828551532651	0.9687875898462153
54.45622837211087	0.9688575643386333
54.55417122889525	0.9689275394915651
54.652114085679614	0.9689975152869401
54.75005694246399	0.969067491707182
54.847999799248356	0.9691374687351947
54.945942656032734	0.9692074463543494
55.043885512817106	0.9692774245484721
55.14182836960147	0.9693474033018306
55.23977122638585	0.9694173825991229
55.33771408317021	0.9694873624254655
55.43565693995459	0.9695573427663816
55.533599796738955	0.9696273236077902
55.63154265352333	0.9696973049359954
55.7294855103077	0.9697672867376754
55.827428367092075	0.9698372689998732
55.92537122387644	0.9699072517099857
56.02331408066082	0.9699772348557545
56.12125693744519	0.9700472184252564
56.21919979422956	0.9701172024068944
56.31714265101393	0.9701871867893882
56.4150855077983	0.9702571715617665
56.513028364582674	0.9703271567133577
56.610971221367045	0.9703971422337822
56.708914078151416	0.9704671281129441
56.80685693493579	0.9705371143410239
56.90479979172016	0.9706071009084704
57.00274264850452	0.9706770878059937
57.1006855052889	0.9707470750245581
57.198628362073265	0.970817062555375
57.29657121885764	0.9708870503898962
57.394514075642014	0.9709570385198072
57.492456932426386	0.9710270269370211
57.59039978921076	0.9710970156336722
57.68834264599513	0.9711670046021098
57.7862855027795	0.9712369938348927
57.88422835956387	0.971306983324783
57.98217121634824	0.9713769730647412
58.08011407313261	0.9714469630479201
58.178056929916984	0.9715169532676597
58.275999786701355	0.9715869437174826
58.37394264348573	0.9716569343910881
58.4718855002701	0.9717269252823485
58.56982835705447	0.9717969163853032
58.66777121383885	0.971866907694155
58.76571407062321	0.971936899203265
58.86365692740758	0.9720068909071489
58.961599784191954	0.9720768828004723
59.059542640976325	0.9721468748780467
59.157485497760696	0.9722168671348257
59.25542835454507	0.9722868595659008
59.35337121132944	0.9723568521664978
59.45131406811381	0.9724268449319733
59.54925692489818	0.9724968378578107
59.64719978168255	0.9725668309396172
59.74514263846692	0.9726368241731198
59.84308549525129	0.9727068175541629
59.94102835203567	0.9727768110787042
60.03897120882004	0.972846804742812
60.13691406560441	0.9729167985426624
60.234856922388786	0.972986792474536
60.33279977917316	0.973056786534815
60.43074263595752	0.9731267807199805
60.52868549274189	0.9731967750266101
60.62662834952627	0.9732667694513748
60.724571206310635	0.9733367639910369
60.82251406309501	0.9734067586424467
60.92045691987938	0.9734767534025414
61.018399776663756	0.9735467482683411
61.11634263344812	0.973616743236948
61.21428549023249	0.9736867383055433
61.31222834701687	0.9737567334713852
61.41017120380124	0.9738267287318069
61.508114060585605	0.9738967240842143
61.606056917369976	0.9739667195260846
61.703999774154354	0.9740367150549636
61.801942630938726	0.9741067106684641
61.89988548772309	0.9741767063642643
61.99782834450746	0.9742467021401058
62.09577120129184	0.9743166979937916
62.19371405807621	0.9743866939231851
62.291656914860575	0.9744566899262077
62.389599771644946	0.9745266860008376
62.487542628429324	0.9745966821451082
62.585485485213695	0.9746666783571065
62.68342834199806	0.9747366746349717
62.78137119878244	0.9748066709768938
62.87931405556681	0.9748766673811119
62.97725691235117	0.9749466638459133
63.075199769135544	0.9750166603696321
63.17314262591992	0.9750866569506472
63.271085482704294	0.9751566535873822
63.36902833948866	0.9752266502783035
63.46697119627303	0.9752966470219188
63.56491405305741	0.9753666438167767
63.66285690984178	0.9754366406614654
63.76079976662614	0.9755066375546111
63.85874262341053	0.9755766344948774
63.95668548019489	0.9756466314809643
64.05462833697926	0.9757166285116069
64.15257119376363	0.9757866255855746
64.250514050548	0.9758566227016702
64.34845690733238	0.9759266198587287
64.44639976411675	0.975996617055617
64.54434262090112	0.9760666142912322
64.64228547768549	0.9761366115645014
64.74022833446986	0.9762066088743806
64.83817119125423	0.9762766062198539
64.93611404803859	0.9763466035999329
65.03405690482298	0.9764166010136555
65.13199976160735	0.9764865984600857
65.22994261839172	0.9765565959383126
65.32788547517609	0.9766265934474495
65.42582833196046	0.9766965909866338
65.52377118874483	0.9767665885550254
65.6217140455292	0.9768365861518072
65.71965690231357	0.9769065837761837
65.81759975909794	0.9769765814273802
65.91554261588232	0.9770465791046431
66.01348547266669	0.9771165768072385
66.11142832945106	0.9771865745344519
66.20937118623543	0.9772565722855877
66.3073140430198	0.9773265700599687
66.40525689980417	0.9773965678569354
66.50319975658854	0.9774665656758457
66.60114261337291	0.9775365635160741
66.69908547015729	0.9776065613770117
66.79702832694166	0.9776765592580652
66.89497118372603	0.9777465571586567
66.9929140405104	0.9778165550782232
67.09085689729477	0.9778865530162164
67.18879975407914	0.9779565509721019
67.28674261086351	0.9780265489453589
67.38468546764788	0.97809654693548
67.48262832443227	0.9781665449419705
67.58057118121663	0.9782365429643484
67.678514038001	0.9783065410021434
67.77645689478537	0.9783765390548975
67.87439975156975	0.9784465371221637
67.97234260835411	0.978516535203506
68.07028546513848	0.9785865332984993
68.16822832192285	0.9786565314067287
68.26617117870722	0.9787265295277895
68.3641140354916	0.9787965276612866
68.46205689227597	0.9788665258068343
68.55999974906034	0.9789365239640563
68.65794260584471	0.9790065221325847
68.75588546262908	0.9790765203120604
68.85382831941345	0.9791465185021326
68.95177117619784	0.9792165167024586
69.0497140329822	0.979286514912703
69.14765688976657	0.9793565131325382
69.24559974655094	0.9794265113616439
69.34354260333532	0.9794965095997065
69.44148546011968	0.9795665078464192
69.53942831690405	0.9796365061014818
69.63737117368842	0.9797065043646002
69.73531403047281	0.9797765026354864
69.83325688725716	0.9798465009138583
69.93119974404154	0.9799164991994391
70.02914260082592	0.9799864974919577
70.12708545761028	0.9800564957911477
70.22502831439465	0.9801264940967482
70.32297117117902	0.9801964924085027
70.4209140279634	0.9802664907261593
70.51885688474776	0.9803364890494705
70.61679974153213	0.9804064873781928
70.7147425983165	0.9804764857120868
70.81268545510089	0.9805464840509168
70.91062831188525	0.9806164823944509
71.00857116866962	0.9806864807424603
71.10651402545399	0.9807564790947197
71.20445688223838	0.9808264774510067
71.30239973902273	0.9808964758111018
71.4003425958071	0.9809664741747882
71.49828545259149	0.9810364725418518
71.59622830937586	0.9811064709120806
71.69417116616022	0.981176469285265
71.79211402294459	0.9812464676611976
71.89005687972897	0.9813164660396725
71.98799973651334	0.9813864644204857
72.0859425932977	0.981456462803435
72.18388545008207	0.9815264611883192
72.28182830686646	0.9815964595749386
72.37977116365082	0.9816664579630945
72.47771402043519	0.9817364563525892
72.57565687721957	0.9818064547432257
72.67359973400394	0.9818764531348078
72.7715425907883	0.9819464515271394
72.86948544757267	0.9820164499200252
72.96742830435706	0.9820864483132697
73.06537116114143	0.9821564467066777
73.16331401792579	0.9822264451000534
73.26125687471016	0.9822964434932012
73.35919973149454	0.9823664418859249
73.45714258827891	0.9824364402780276
73.55508544506327	0.9825064386693116
73.65302830184764	0.9825764370595785
73.75097115863203	0.9826464354486286
73.8489140154164	0.9827164338362612
73.94685687220075	0.982786432222274
74.04479972898514	0.9828564306064633
74.14274258576951	0.9829264289886237
74.24068544255387	0.9829964273685478
74.33862829933824	0.9830664257460262
74.43657115612262	0.9831364241208475
74.534514012907	0.9832064224927977
74.63245686969135	0.9832764208616603
74.73039972647572	0.9833464192272163
74.82834258326011	0.9834164175892436
74.92628544004448	0.9834864159475172
75.02422829682884	0.9835564143018086
75.12217115361322	0.9836264126518863
75.2201140103976	0.9836964109975149
75.31805686718197	0.9837664093384554
75.41599972396632	0.9838364076744647
75.51394258075071	0.9839064060052956
75.61188543753508	0.9839764043306964
75.70982829431945	0.9840464026504113
75.80777115110381	0.9841164009641792
75.9057140078882	0.9841863992717342
76.00365686467256	0.9842563975728055
76.10159972145692	0.9843263958671165
76.19954257824129	0.9843963941543852
76.29748543502568	0.9844663924343238
76.39542829181005	0.9845363907066383
76.4933711485944	0.9846063889710287
76.59131400537879	0.9846763872271881
76.68925686216316	0.984746385474803
76.78719971894753	0.9848163837135528
76.88514257573189	0.98488638194311
76.98308543251628	0.9849563801631388
77.08102828930065	0.9850263783732963
77.17897114608502	0.9850963765732311
77.27691400286938	0.9851663747625837
77.37485685965376	0.9852363729409859
77.47279971643813	0.9853063711080604
77.5707425732225	0.9853763692634209
77.66868543000687	0.9854463674066712
77.76662828679125	0.9855163655374057
77.86457114357562	0.9855863636552084
77.96251400035999	0.9856563617596527
78.06045685714436	0.9857263598503011
78.15839971392873	0.9857963579267053
78.2563425707131	0.985866355988405
78.35428542749746	0.9859363540349283
78.45222828428184	0.9860063520657908
78.55017114106622	0.9860763500804954
78.64811399785059	0.9861463480785322
78.74605685463494	0.9862163460593774
78.84399971141933	0.9862863440224935
78.9419425682037	0.9863563419673288
79.03988542498807	0.9864263398933167
79.13782828177244	0.9864963377998754
79.23577113855681	0.9865663356864075
79.33371399534118	0.9866363335522992
79.43165685212556	0.9867063313969202
79.52959970890993	0.9867763292196231
79.6275425656943	0.9868463270197428
79.72548542247867	0.986916324796596
79.82342827926304	0.9869863225494805
79.92137113604741	0.9870563202776751
80.01931399283178	0.9871263179804386
80.11725684961615	0.9871963156570092
80.21519970640053	0.9872663133066041
80.3131425631849	0.9873363109284189
80.41108541996927	0.9874063085216268
80.50902827675364	0.987476306085378
80.60697113353801	0.9875463036187989
80.70491399032238	0.9876163011209917
80.80285684710675	0.9876862985910335
80.90079970389112	0.9877562960279754
80.9987425606755	0.9878262934308422
81.09668541745987	0.987896290798631
81.19462827424424	0.987966288130311
81.29257113102861	0.9880362854248222
81.39051398781298	0.9881062826810751
81.48845684459735	0.9881762798979493
81.58639970138172	0.9882462770742927
81.6843425581661	0.9883162742089208
81.78228541495046	0.9883862713006155
81.88022827173484	0.9884562683481245
81.97817112851921	0.98852626535016
82.07611398530358	0.9885962623053977
82.17405684208795	0.9886662592124756
82.27199969887232	0.9887362560699935
82.36994255565669	0.988806252876511
82.46788541244106	0.9888762496305473
82.56582826922543	0.9889462463305793
82.6637711260098	0.9890162429750404
82.76171398279419	0.9890862395623199
82.85965683957855	0.989156236090761
82.95759969636292	0.9892262325586598
83.05554255314729	0.9892962289642641
83.15348540993168	0.9893662253057715
83.25142826671603	0.9894362215813284
83.3493711235004	0.9895062177890285
83.44731398028478	0.989576213926911
83.54525683706915	0.9896462099929592
83.64319969385352	0.9897162059850988
83.74114255063789	0.9897862019011965
83.83908540742227	0.989856197739058
83.93702826420663	0.9899261934964263
84.034971120991	0.9899961891709801
84.13291397777537	0.9900661847603316
84.23085683455976	0.9901361802620249
84.32879969134412	0.9902061756735339
84.42674254812849	0.9902761709922603
84.52468540491286	0.9903461662155315
84.62262826169724	0.9904161613405985
84.7205711184816	0.9904861563646337
84.81851397526597	0.9905561512847284
84.91645683205034	0.990626146097891
85.01439968883473	0.9906961408010442
85.11234254561909	0.9907661353910224
85.21028540240346	0.9908361298645698
85.30822825918784	0.990906124218337
85.4061711159722	0.990976118448879
85.50411397275657	0.991046112552652
85.60205682954094	0.9911161065260106
85.69999968632533	0.9911861003652052
85.79794254310968	0.9912560940663787
85.89588539989406	0.9913260876255636
85.99382825667843	0.9913960810386786
86.09177111346281	0.9914660743015254
86.18971397024717	0.9915360674097857
86.28765682703154	0.9916060603590171
86.38559968381593	0.9916760531446499
86.4835425406003	0.9917460457619836
86.58148539738465	0.9918160382061827
86.67942825416903	0.9918860304722734
86.77737111095341	0.991956022555139
86.87531396773778	0.9920260144495162
86.97325682452214	0.9920960061499907
87.07119968130651	0.992165997650993
87.1691425380909	0.9922359889467939
87.26708539487525	0.9923059800314996
87.36502825165962	0.9923759708990476
87.462971108444	0.9924459615432012
87.56091396522838	0.9925159519575449
87.65885682201274	0.9925859421354792
87.75679967879711	0.9926559320702151
87.8547425355815	0.9927259217547688
87.95268539236586	0.9927959111819563
88.05062824915022	0.9928659003443872
88.1485711059346	0.9929358892344591
88.24651396271898	0.9930058778443513
88.34445681950335	0.993075866166019
88.4423996762877	0.993145854191186
88.54034253307208	0.9932158419113387
88.63828538985646	0.9932858293177194
88.73622824664083	0.9933558164013184
88.83417110342519	0.9934258031528679
88.93211396020958	0.9934957895628336
89.03005681699395	0.9935657756214077
89.12799967377832	0.9936357613185007
89.22594253056268	0.9937057466437335
89.32388538734706	0.9937757315864286
89.42182824413143	0.9938457161356022
89.51977110091579	0.993915700279955
89.61771395770016	0.9939856840078631
89.71565681448455	0.9940556673073688
89.81359967126892	0.9941256501661708
89.91154252805327	0.9941956325716147
90.00948538483765	0.9942656145106824
90.10742824162203	0.994335595969982
90.2053710984064	0.9944055769357367
90.30331395519076	0.9944755573937741
90.40125681197514	0.9945455373295146
90.49919966875952	0.9946155167279594
90.59714252554389	0.9946854955736792
90.69508538232824	0.9947554738508011
90.79302823911263	0.9948254515429961
90.890971095897	0.994895428633466
90.98891395268137	0.9949654051049301
91.08685680946573	0.9950353809396107
91.18479966625011	0.9951053561192195
91.28274252303449	0.9951753306249423
91.38068537981884	0.9952453044374245
91.47862823660323	0.995315277536755
91.5765710933876	0.9953852499024503
91.67451395017197	0.9954552215134382
91.77245680695633	0.9955251923480409
91.87039966374071	0.9955951623839573
91.96834252052508	0.9956651315982452
92.06628537730946	0.9957350999673028
92.16422823409381	0.9958050674668498
92.2621710908782	0.9958750340719079
92.36011394766257	0.9959449997567804
92.45805680444694	0.9960149644950319
92.5559996612313	0.9960849282594668
92.65394251801568	0.9961548910221076
92.75188537480005	0.9962248527541723
92.84982823158442	0.9962948134260509
92.9477710883688	0.996364773007282
93.04571394515317	0.9964347314665284
93.14365680193754	0.9965046887715513
93.2415996587219	0.9965746448891848
93.33954251550628	0.9966445997853092
93.43748537229065	0.9967145534248231
93.53542822907502	0.9967845057716155
93.63337108585938	0.9968544567885368
93.73131394264377	0.9969244064373687
93.82925679942814	0.9969943546787933
93.92719965621251	0.9970643014723616
94.02514251299688	0.997134246776461
94.12308536978125	0.9972041905482816
94.22102822656562	0.9972741327437817
94.31897108335	0.9973440733176527
94.41691394013436	0.997414012223282
94.51485679691874	0.9974839494127156
94.6127996537031	0.9975538848366199
94.71074251048748	0.9976238184442415
94.80868536727185	0.9976937501833666
94.90662822405622	0.9977636800002783
95.00457108084059	0.9978336078397141
95.10251393762496	0.9979035336448209
95.20045679440933	0.9979734573571091
95.2983996511937	0.9980433789164058
95.39634250797808	0.9981132982608061
95.49428536476245	0.9981832153266228
95.59222822154682	0.9982531300483358
95.69017107833119	0.9983230423585387
95.78811393511556	0.9983929521878847
95.88605679189993	0.9984628594650303
95.9839996486843	0.9985327641165783
96.08194250546867	0.9986026660670181
96.17988536225305	0.9986725652386651
96.27782821903742	0.998742461551598
96.37577107582179	0.998812354923594
96.47371393260616	0.9988822452700629
96.57165678939053	0.9989521325039784
96.6695996461749	0.9990220165358085
96.76754250295927	0.9990918972734423
96.86548535974364	0.9991617746221165
96.96342821652802	0.9992316484843387
97.06137107331239	0.9993015187598082
97.15931393009676	0.9993713853453359
97.25725678688113	0.9994412481347601
97.3551996436655	0.9995111070188615
97.45314250044987	0.9995809618852746
97.55108535723424	0.999650812618397
97.64902821401861	0.9997206590992964
97.74697107080299	0.999790501205614
97.84491392758736	0.999860338811466
97.94285678437173	0.9999301717873419
97.94285678437338	1.0
