0.0	1.62176884364e-06
0.02	1.62176884372e-06
0.04	5.5690064053e-06
0.06	1.40683128927e-05
0.08	2.6625745261e-05
0.1	4.31940016281e-05
0.12	6.37608053097e-05
0.14	8.83198350131e-05
0.16	0.000116865962786
0.18	0.000149394073067
0.2	0.000185898686365
0.22	0.00022637381763
0.24	0.000270812916562
0.26	0.000319208840626
0.28	0.000371553842574
0.3	0.000427839564976
0.32	0.000488057038432
0.34	0.000552196681851
0.36	0.000620248303977
0.38	0.000692201105737
0.4	0.000768043683157
0.42	0.000847764030716
0.44	0.000931349545031
0.46	0.00101878702885
0.48	0.00111006269529
0.5	0.0012051621723
0.52	0.00130407050741
0.54	0.00140677217253
0.56	0.00151325106915
0.58	0.00162349053356
0.6	0.00173747334234
0.62	0.001855181718
0.64	0.00197659733482
0.66	0.0021017013248
0.68	0.00223047428384
0.7	0.00236289627806
0.72	0.00249894685027
0.74	0.00263860502655
0.76	0.00278184932308
0.78	0.00292865775303
0.8	0.00307900783362
0.82	0.00323287659332
0.84	0.00339024057917
0.86	0.00355107586425
0.88	0.00371535805525
0.9	0.0038830623002
0.92	0.00405416329623
0.94	0.00422863529758
0.96	0.00440645212359
0.98	0.00458758716687
1.0	0.0047720134015
1.02	0.00495970339147
1.04	0.00515062929898
1.06	0.00534476289308
1.08	0.00554207555821
1.1	0.00574253830287
1.12	0.00594612176842
1.14	0.00615279623788
1.16	0.00636253164481
1.18	0.00657529758228
1.2	0.00679106331187
1.22	0.00700979777272
1.24	0.00723146959066
1.26	0.00745604708732
1.28	0.00768349828937
1.3	0.0079137909377
1.32	0.0081468924967
1.34	0.00838277016354
1.36	0.00862139087746
1.38	0.00886272132909
1.4	0.0091067279698
1.42	0.00935337702101
1.44	0.00960263448359
1.46	0.00985446614716
1.48	0.0101088375995
1.5	0.0103657142357
1.52	0.0106250612677
1.54	0.0108868437337
1.56	0.0111510265071
1.58	0.0114175743059
1.6	0.0116864517022
1.62	0.011957623131
1.64	0.0122310528997
1.66	0.0125067051971
1.68	0.0127845441027
1.7	0.0130645335953
1.72	0.0133466375625
1.74	0.0136308198093
1.76	0.0139170440673
1.78	0.0142052740033
1.8	0.0144954732283
1.82	0.0147876053059
1.84	0.0150816337613
1.86	0.0153775220898
1.88	0.015675233765
1.9	0.0159747322476
1.92	0.0162759809937
1.94	0.0165789434628
1.96	0.0168835831265
1.98	0.0171898634759
2.0	0.0174977480302
2.02	0.0178072003446
2.04	0.0181181840176
2.06	0.0184306626993
2.08	0.0187446000988
2.1	0.0190599599916
2.12	0.0193767062276
2.14	0.0196948027375
2.16	0.020014213541
2.18	0.0203349027533
2.2	0.0206568345921
2.22	0.0209799733851
2.24	0.0213042835761
2.26	0.021629729732
2.28	0.0219562765494
2.3	0.0222838888609
2.32	0.0226125316416
2.34	0.0229421700153
2.36	0.0232727692602
2.38	0.0236042948155
2.4	0.0239367122869
2.42	0.0242699874524
2.44	0.0246040862679
2.46	0.0249389748727
2.48	0.025274619595
2.5	0.0256109869568
2.52	0.0259480436796
2.54	0.0262857566887
2.56	0.0266240931187
2.58	0.026963020318
2.6	0.0273025058532
2.62	0.027642517514
2.64	0.0279830233174
2.66	0.0283239915121
2.68	0.0286653905822
2.7	0.0290071892517
2.72	0.0293493564882
2.74	0.0296918615068
2.76	0.0300346737732
2.78	0.0303777630081
2.8	0.0307210991897
2.82	0.0310646525577
2.84	0.031408393616
2.86	0.0317522931358
2.88	0.0320963221588
2.9	0.0324404519997
2.92	0.0327846542488
2.94	0.033128900775
2.96	0.0334731637278
2.98	0.0338174155397
3.0	0.0341616289288
3.02	0.0345057769003
3.04	0.0348498327491
3.06	0.035193770061
3.08	0.0355375627153
3.1	0.0358811848856
3.12	0.036224611042
3.14	0.0365678159521
3.16	0.0369107746827
3.18	0.0372534626008
3.2	0.0375958553749
3.22	0.0379379289756
3.24	0.0382796596773
3.26	0.0386210240584
3.28	0.038961999002
3.3	0.039302561697
3.32	0.0396426896385
3.34	0.0399823606279
3.36	0.0403215527735
3.38	0.0406602444911
3.4	0.0409984145034
3.42	0.0413360418409
3.44	0.0416731058414
3.46	0.0420095861501
3.48	0.0423454627192
3.5	0.0426807158082
3.52	0.0430153259831
3.54	0.043349274116
3.56	0.0436825413849
3.58	0.0440151092729
3.6	0.0443469595679
3.62	0.0446780743613
3.64	0.045008436048
3.66	0.0453380273248
3.68	0.0456668311903
3.7	0.045994830943
3.72	0.0463220101811
3.74	0.046648352801
3.76	0.0469738429961
3.78	0.0472984652557
3.8	0.0476222043638
3.82	0.0479450453976
3.84	0.0482669737262
3.86	0.0485879750091
3.88	0.0489080351947
3.9	0.0492271405191
3.92	0.0495452775038
3.94	0.0498624329548
3.96	0.0501785939604
3.98	0.0504937478897
4.0	0.0508078823909
4.02	0.0511209853891
4.04	0.051433045085
4.06	0.0517440499526
4.08	0.0520539887373
4.1	0.0523628504542
4.12	0.0526706243857
4.14	0.05297730008
4.16	0.0532828673483
4.18	0.0535873162635
4.2	0.0538906371575
4.22	0.0541928206193
4.24	0.0544938574927
4.26	0.0547937388742
4.28	0.0550924561106
4.3	0.0553900007971
4.32	0.0556863647745
4.34	0.0559815401274
4.36	0.0562755191817
4.38	0.0565682945021
4.4	0.0568598588898
4.42	0.0571502053805
4.44	0.0574393272416
4.46	0.0577272179698
4.48	0.058013871289
4.5	0.0582992811477
4.52	0.0585834417166
4.54	0.058866347386
4.56	0.0591479927635
4.58	0.0594283726717
4.6	0.0597074821453
4.62	0.0599853164292
4.64	0.0602618709754
4.66	0.060537141441
4.68	0.0608111236855
4.7	0.0610838137684
4.72	0.0613552079467
4.74	0.0616253026722
4.76	0.0618940945893
4.78	0.0621615805325
4.8	0.0624277575237
4.82	0.0626926227698
4.84	0.0629561736604
4.86	0.063218407765
4.88	0.0634793228309
4.9	0.0637389167802
4.92	0.063997187708
4.94	0.0642541338794
4.96	0.0645097537275
4.98	0.0647640458503
5.0	0.0650170090092
5.02	0.0652686421255
5.04	0.065518944279
5.06	0.065767914705
5.08	0.0660155527918
5.1	0.0662618580788
5.12	0.0665068302538
5.14	0.0667504691508
5.16	0.0669927747474
5.18	0.0672337471626
5.2	0.0674733866548
5.22	0.0677116936187
5.24	0.0679486685839
5.26	0.068184312212
5.28	0.0684186252945
5.3	0.0686516087507
5.32	0.0688832636253
5.34	0.0691135910861
5.36	0.069342592422
5.38	0.0695702690407
5.4	0.0697966224664
5.42	0.0700216543379
5.44	0.0702453664064
5.46	0.070467760533
5.48	0.0706888386872
5.5	0.0709086029443
5.52	0.0711270554837
5.54	0.0713441985864
5.56	0.0715600346336
5.58	0.0717745661039
5.6	0.071987795572
5.62	0.0721997257064
5.64	0.0724103592673
5.66	0.072619699105
5.68	0.0728277481577
5.7	0.0730345094498
5.72	0.0732399860896
5.74	0.0734441812681
5.76	0.0736470982566
5.78	0.0738487404051
5.8	0.0740491111404
5.82	0.0742482139645
5.84	0.0744460524523
5.86	0.0746426302508
5.88	0.0748379510763
5.9	0.0750320187134
5.92	0.0752248370133
5.94	0.0754164098915
5.96	0.075606741327
5.98	0.0757958353598
6.0	0.0759836960902
6.02	0.0761703276763
6.04	0.0763557343333
6.06	0.0765399203311
6.08	0.0767228899935
6.1	0.0769046476961
6.12	0.0770851978653
6.14	0.0772645449764
6.16	0.0774426935524
6.18	0.0776196481626
6.2	0.0777954134209
6.22	0.0779699939847
6.24	0.0781433945535
6.26	0.0783156198672
6.28	0.0784866747052
6.3	0.0786565638848
6.32	0.07882529226
6.34	0.0789928647202
6.36	0.0791592861889
6.38	0.0793245616225
6.4	0.0794886960092
6.42	0.0796516943673
6.44	0.0798135617447
6.46	0.0799743032172
6.48	0.0801339238876
6.5	0.0802924288843
6.52	0.0804498233607
6.54	0.0806061124935
6.56	0.0807613014819
6.58	0.0809153955465
6.6	0.0810683999285
6.62	0.0812203198881
6.64	0.0813711607039
6.66	0.081520927672
6.68	0.0816696261045
6.7	0.0818172613292
6.72	0.081963838688
6.74	0.0821093635365
6.76	0.0822538412426
6.78	0.0823972771863
6.8	0.0825396767578
6.82	0.0826810453576
6.84	0.0828213883951
6.86	0.082960711288
6.88	0.0830990194611
6.9	0.0832363183462
6.92	0.0833726133804
6.94	0.0835079100063
6.96	0.0836422136702
6.98	0.0837755298223
7.0	0.0839078639153
7.02	0.084039221404
7.04	0.0841696077445
7.06	0.0842990283936
7.08	0.0844274888078
7.1	0.0845549944432
7.12	0.0846815507542
7.14	0.0848071631934
7.16	0.0849318372107
7.18	0.0850555782525
7.2	0.0851783917617
7.22	0.0853002831764
7.24	0.08542125793
7.26	0.08554132145
7.28	0.0856604791578
7.3	0.0857787364683
7.32	0.085896098789
7.34	0.0860125715197
7.36	0.0861281600519
7.38	0.0862428697685
7.4	0.086356706043
7.42	0.0864696742394
7.44	0.0865817797113
7.46	0.0866930278019
7.48	0.0868034238434
7.5	0.0869129731562
7.52	0.0870216810491
7.54	0.0871295528185
7.56	0.0872365937481
7.58	0.0873428091085
7.6	0.087448204157
7.62	0.0875527841367
7.64	0.0876565542768
7.66	0.087759519792
7.68	0.0878616858817
7.7	0.0879630577306
7.72	0.0880636405074
7.74	0.0881634393653
7.76	0.0882624594412
7.78	0.0883607058555
7.8	0.0884581837118
7.82	0.0885548980968
7.84	0.0886508540799
7.86	0.0887460567128
7.88	0.0888405110295
7.9	0.0889342220459
7.92	0.0890271947595
7.94	0.0891194341494
7.96	0.0892109451758
7.98	0.08930173278
8.0	0.0893918018841
8.02	0.0894811573907
8.04	0.0895698041828
8.06	0.0896577471238
8.08	0.0897449910569
8.1	0.0898315408053
8.12	0.0899174011717
8.14	0.0900025769385
8.16	0.0900870728673
8.18	0.090170893699
8.2	0.0902540441534
8.22	0.0903365289295
8.24	0.0904183527048
8.26	0.0904995201356
8.28	0.0905800358566
8.3	0.0906599044811
8.32	0.0907391306005
8.34	0.0908177187844
8.36	0.0908956735807
8.38	0.090972999515
8.4	0.0910497010911
8.42	0.0911257827904
8.44	0.0912012490721
8.46	0.091276104373
8.48	0.0913503531076
8.5	0.0914239996678
8.52	0.0914970484229
8.54	0.0915695037199
8.56	0.0916413698827
8.58	0.0917126512129
8.6	0.091783351989
8.62	0.091853476467
8.64	0.0919230288797
8.66	0.0919920134374
8.68	0.0920604343273
8.7	0.0921282957137
8.72	0.0921956017379
8.74	0.0922623565182
8.76	0.0923285641502
8.78	0.092394228706
8.8	0.0924593542352
8.82	0.092523944764
8.84	0.0925880042957
8.86	0.0926515368107
8.88	0.0927145462663
8.9	0.0927770365966
8.92	0.092839011713
8.94	0.0929004755037
8.96	0.0929614318341
8.98	0.0930218845464
9.0	0.0930818374602
9.02	0.0931412943717
9.04	0.0932002590548
9.06	0.09325873526
9.08	0.0933167267154
9.1	0.0933742371259
9.12	0.093431270174
9.14	0.0934878295193
9.16	0.0935439187987
9.18	0.0935995416264
9.2	0.0936547015943
9.22	0.0937094022713
9.24	0.0937636472042
9.26	0.0938174399171
9.28	0.0938707839118
9.3	0.0939236826676
9.32	0.0939761396417
9.34	0.0940281582689
9.36	0.094079741962
9.38	0.0941308941115
9.4	0.094181618086
9.42	0.0942319172318
9.44	0.0942817948737
9.46	0.0943312543144
9.48	0.0943802988347
9.5	0.0944289316938
9.52	0.0944771561294
9.54	0.0945249753574
9.56	0.0945723925721
9.58	0.0946194109467
9.6	0.0946660336327
9.62	0.0947122637606
9.64	0.0947581044395
9.66	0.0948035587574
9.68	0.0948486297813
9.7	0.0948933205572
9.72	0.0949376341103
9.74	0.0949815734449
9.76	0.0950251415446
9.78	0.0950683413724
9.8	0.0951111758707
9.82	0.0951536479614
9.84	0.0951957605463
9.86	0.0952375165066
9.88	0.0952789187033
9.9	0.0953199699776
9.92	0.0953606731504
9.94	0.0954010310228
9.96	0.0954410463759
9.98	0.0954807219714
10.0	0.0955200605509
10.02	0.0955590648367
10.04	0.0955977375317
10.06	0.0956360813193
10.08	0.0956740988636
10.1	0.0957117928096
10.12	0.0957491657831
10.14	0.0957862203911
10.16	0.0958229592215
10.18	0.0958593848435
10.2	0.0958954998076
10.22	0.0959313066456
10.24	0.0959668078709
10.26	0.0960020059785
10.28	0.0960369034449
10.3	0.0960715027286
10.32	0.0961058062698
10.34	0.0961398164909
10.36	0.0961735357961
10.38	0.096206966572
10.4	0.0962401111874
10.42	0.0962729719934
10.44	0.0963055513237
10.46	0.0963378514944
10.48	0.0963698748044
10.5	0.0964016235354
10.52	0.0964330999519
10.54	0.0964643063012
10.56	0.096495244814
10.58	0.0965259177039
10.6	0.0965563271679
10.62	0.0965864753863
10.64	0.0966163645228
10.66	0.0966459967249
10.68	0.0966753741234
10.7	0.0967044988332
10.72	0.0967333729528
10.74	0.0967619985648
10.76	0.0967903777358
10.78	0.0968185125165
10.8	0.096846404942
10.82	0.0968740570316
10.84	0.096901470789
10.86	0.0969286482027
10.88	0.0969555912456
10.9	0.0969823018753
10.92	0.0970087820345
10.94	0.0970350336505
10.96	0.0970610586359
10.98	0.0970868588883
11.0	0.0971124362906
11.02	0.0971377927108
11.04	0.0971629300025
11.06	0.0971878500048
11.08	0.0972125545423
11.1	0.0972370454254
11.12	0.0972613244502
11.14	0.0972853933988
11.16	0.0973092540392
11.18	0.0973329081253
11.2	0.0973563573976
11.22	0.0973796035824
11.24	0.0974026483926
11.26	0.0974254935274
11.28	0.0974481406728
11.3	0.0974705915012
11.32	0.0974928476716
11.34	0.0975149108301
11.36	0.0975367826096
11.38	0.0975584646299
11.4	0.097579958498
11.42	0.0976012658079
11.44	0.0976223881411
11.46	0.0976433270661
11.48	0.0976640841393
11.5	0.0976846609042
11.52	0.0977050588921
11.54	0.0977252796221
11.56	0.0977453246008
11.58	0.097765195323
11.6	0.0977848932712
11.62	0.097804419916
11.64	0.0978237767163
11.66	0.0978429651189
11.68	0.0978619865593
11.7	0.097880842461
11.72	0.0978995342362
11.74	0.0979180632856
11.76	0.0979364309984
11.78	0.0979546387528
11.8	0.0979726879156
11.82	0.0979905798424
11.84	0.098008315878
11.86	0.098025897356
11.88	0.0980433255994
11.9	0.09806060192
11.92	0.0980777276193
11.94	0.098094703988
11.96	0.0981115323061
11.98	0.0981282138433
12.0	0.0981447498589
12.02	0.0981611416017
12.04	0.0981773903105
12.06	0.0981934972136
12.08	0.0982094635296
12.1	0.0982252904667
12.12	0.0982409792234
12.14	0.0982565309883
12.16	0.0982719469402
12.18	0.098287228248
12.2	0.0983023760712
12.22	0.0983173915596
12.24	0.0983322758534
12.26	0.0983470300837
12.28	0.0983616553719
12.3	0.0983761528303
12.32	0.0983905235619
12.34	0.0984047686606
12.36	0.0984188892112
12.38	0.0984328862895
12.4	0.0984467609624
12.42	0.0984605142879
12.44	0.0984741473152
12.46	0.0984876610848
12.48	0.0985010566285
12.5	0.0985143349695
12.52	0.0985274971225
12.54	0.0985405440938
12.56	0.0985534768811
12.58	0.0985662964741
12.6	0.0985790038539
12.62	0.0985915999937
12.64	0.0986040858582
12.66	0.0986164624043
12.68	0.098628730581
12.7	0.0986408913289
12.72	0.0986529455813
12.74	0.0986648942631
12.76	0.0986767382919
12.78	0.0986884785774
12.8	0.0987001160217
12.82	0.0987116515192
12.84	0.098723085957
12.86	0.0987344202146
12.88	0.0987456551642
12.9	0.0987567916705
12.92	0.0987678305911
12.94	0.0987787727763
12.96	0.0987896190692
12.98	0.098800370306
13.0	0.0988110273155
13.02	0.0988215909197
13.04	0.0988320619338
13.06	0.098842441166
13.08	0.0988527294174
13.1	0.0988629274829
13.12	0.0988730361501
13.14	0.0988830562005
13.16	0.0988929884084
13.18	0.0989028335421
13.2	0.098912592363
13.22	0.0989222656263
13.24	0.0989318540807
13.26	0.0989413584685
13.28	0.0989507795258
13.3	0.0989601179825
13.32	0.0989693745622
13.34	0.0989785499824
13.36	0.0989876449546
13.38	0.0989966601841
13.4	0.0990055963703
13.42	0.0990144542066
13.44	0.0990232343807
13.46	0.0990319375743
13.48	0.0990405644632
13.5	0.0990491157177
13.52	0.0990575920023
13.54	0.0990659939757
13.56	0.0990743222912
13.58	0.0990825775964
13.6	0.0990907605336
13.62	0.0990988717393
13.64	0.0991069118449
13.66	0.0991148814762
13.68	0.0991227812538
13.7	0.0991306117928
13.72	0.0991383737035
13.74	0.0991460675904
13.76	0.0991536940534
13.78	0.0991612536869
13.8	0.0991687470803
13.82	0.0991761748183
13.84	0.0991835374801
13.86	0.0991908356403
13.88	0.0991980698685
13.9	0.0992052407294
13.92	0.099212348783
13.94	0.0992193945843
13.96	0.0992263786837
13.98	0.099233301627
14.0	0.0992401639551
14.02	0.0992469662045
14.04	0.0992537089069
14.06	0.0992603925897
14.08	0.0992670177755
14.1	0.0992735849827
14.12	0.0992800947251
14.14	0.0992865475122
14.16	0.0992929438491
14.18	0.0992992842366
14.2	0.0993055691711
14.22	0.099311799145
14.24	0.0993179746462
14.26	0.0993240961587
14.28	0.0993301641622
14.3	0.0993361791322
14.32	0.0993421415404
14.34	0.0993480518542
14.36	0.0993539105372
14.38	0.0993597180489
14.4	0.099365474845
14.42	0.0993711813771
14.44	0.0993768380931
14.46	0.099382445437
14.48	0.0993880038491
14.5	0.0993935137658
14.52	0.0993989756198
14.54	0.0994043898401
14.56	0.0994097568521
14.58	0.0994150770774
14.6	0.0994203509342
14.62	0.099425578837
14.64	0.0994307611968
14.66	0.0994358984209
14.68	0.0994409909135
14.7	0.0994460390749
14.72	0.0994510433024
14.74	0.0994560039895
14.76	0.0994609215266
14.78	0.0994657963008
14.8	0.0994706286956
14.82	0.0994754190916
14.84	0.0994801678657
14.86	0.0994848753921
14.88	0.0994895420413
14.9	0.0994941681811
14.92	0.0994987541757
14.94	0.0995033003866
14.96	0.0995078071719
14.98	0.0995122748868
15.0	0.0995167038835
15.02	0.0995210945112
15.04	0.0995254471158
15.06	0.0995297620408
15.08	0.0995340396264
15.1	0.0995382802098
15.12	0.0995424841257
15.14	0.0995466517057
15.16	0.0995507832787
15.18	0.0995548791706
15.2	0.0995589397047
15.22	0.0995629652015
15.24	0.0995669559788
15.26	0.0995709123517
15.28	0.0995748346326
15.3	0.0995787231311
15.32	0.0995825781545
15.34	0.0995864000072
15.36	0.0995901889911
15.38	0.0995939454056
15.4	0.0995976695475
15.42	0.0996013617111
15.44	0.0996050221882
15.46	0.0996086512681
15.48	0.0996122492378
15.5	0.0996158163816
15.52	0.0996193529816
15.54	0.0996228593174
15.56	0.0996263356665
15.58	0.0996297823036
15.6	0.0996331995015
15.62	0.0996365875305
15.64	0.0996399466586
15.66	0.0996432771517
15.68	0.0996465792732
15.7	0.0996498532846
15.72	0.0996530994449
15.74	0.0996563180111
15.76	0.099659509238
15.78	0.0996626733783
15.8	0.0996658106825
15.82	0.099668921399
15.84	0.0996720057742
15.86	0.0996750640523
15.88	0.0996780964757
15.9	0.0996811032845
15.92	0.099684084717
15.94	0.0996870410093
15.96	0.0996899723957
15.98	0.0996928791086
16.0	0.0996957613782
16.02	0.0996986194331
16.04	0.0997014534997
16.06	0.0997042638027
16.08	0.099707050565
16.1	0.0997098140075
16.12	0.0997125543492
16.14	0.0997152718076
16.16	0.0997179665981
16.18	0.0997206389344
16.2	0.0997232890285
16.22	0.0997259170907
16.24	0.0997285233293
16.26	0.0997311079512
16.28	0.0997336711615
16.3	0.0997362131635
16.32	0.099738734159
16.34	0.099741234348
16.36	0.099743713929
16.38	0.0997461730988
16.4	0.0997486120525
16.42	0.0997510309838
16.44	0.0997534300848
16.46	0.0997558095459
16.48	0.099758169556
16.5	0.0997605103026
16.52	0.0997628319715
16.54	0.0997651347471
16.56	0.0997674188123
16.58	0.0997696843486
16.6	0.0997719315359
16.62	0.0997741605527
16.64	0.0997763715761
16.66	0.0997785647817
16.68	0.0997807403439
16.7	0.0997828984355
16.72	0.099785039228
16.74	0.0997871628915
16.76	0.0997892695948
16.78	0.0997913595053
16.8	0.0997934327893
16.82	0.0997954896114
16.84	0.0997975301351
16.86	0.0997995545228
16.88	0.0998015629354
16.9	0.0998035555325
16.92	0.0998055324725
16.94	0.0998074939128
16.96	0.0998094400093
16.98	0.0998113709166
17.0	0.0998132867886
17.02	0.0998151877774
17.04	0.0998170740343
17.06	0.0998189457093
17.08	0.0998208029514
17.1	0.0998226459083
17.12	0.0998244747267
17.14	0.099826289552
17.16	0.0998280905286
17.18	0.0998298777998
17.2	0.0998316515079
17.22	0.0998334117941
17.24	0.0998351587984
17.26	0.0998368926598
17.28	0.0998386135164
17.3	0.0998403215051
17.32	0.099842016762
17.34	0.0998436994218
17.36	0.0998453696187
17.38	0.0998470274856
17.4	0.0998486731544
17.42	0.0998503067562
17.44	0.0998519284211
17.46	0.0998535382782
17.48	0.0998551364557
17.5	0.0998567230809
17.52	0.0998582982801
17.54	0.0998598621788
17.56	0.0998614149016
17.58	0.0998629565721
17.6	0.0998644873131
17.62	0.0998660072465
17.64	0.0998675164935
17.66	0.0998690151743
17.68	0.0998705034082
17.7	0.0998719813139
17.72	0.099873449009
17.74	0.0998749066106
17.76	0.0998763542348
17.78	0.099877791997
17.8	0.0998792200116
17.82	0.0998806383926
17.84	0.0998820472529
17.86	0.0998834467048
17.88	0.09988483686
17.9	0.0998862178291
17.92	0.0998875897222
17.94	0.0998889526488
17.96	0.0998903067174
17.98	0.099891652036
18.0	0.0998929887119
18.02	0.0998943168516
18.04	0.099895636561
18.06	0.0998969479453
18.08	0.0998982511091
18.1	0.0998995461563
18.12	0.0999008331902
18.14	0.0999021123133
18.16	0.0999033836278
18.18	0.0999046472349
18.2	0.0999059032355
18.22	0.0999071517298
18.24	0.0999083928172
18.26	0.0999096265968
18.28	0.0999108531671
18.3	0.0999120726257
18.32	0.0999132850701
18.34	0.099914490597
18.36	0.0999156893024
18.38	0.0999168812821
18.4	0.0999180666311
18.42	0.099919245444
18.44	0.0999204178148
18.46	0.0999215838372
18.48	0.099922743604
18.5	0.099923897208
18.52	0.0999250447411
18.54	0.0999261862948
18.56	0.0999273219604
18.58	0.0999284518284
18.6	0.099929575989
18.62	0.0999306945318
18.64	0.0999318075463
18.66	0.0999329151212
18.68	0.0999340173449
18.7	0.0999351143054
18.72	0.0999362060903
18.74	0.0999372927867
18.76	0.0999383744814
18.78	0.0999394512606
18.8	0.0999405232104
18.82	0.0999415904164
18.84	0.0999426529638
18.86	0.0999437109373
18.88	0.0999447644215
18.9	0.0999458135004
18.92	0.0999468582579
18.94	0.0999478987773
18.96	0.0999489351418
18.98	0.0999499674341
19.0	0.0999509957366
19.02	0.0999520201315
19.04	0.0999530407006
19.06	0.0999540575253
19.08	0.0999550706869
19.1	0.0999560802663
19.12	0.0999570863441
19.14	0.0999580890008
19.16	0.0999590883163
19.18	0.0999600843705
19.2	0.099961077243
19.22	0.099962067013
19.24	0.0999630537597
19.26	0.0999640375619
19.28	0.0999650184981
19.3	0.0999659966468
19.32	0.0999669720861
19.34	0.0999679448939
19.36	0.0999689151479
19.38	0.0999698829257
19.4	0.0999708483046
19.42	0.0999718113617
19.44	0.099972772174
19.46	0.0999737308183
19.48	0.0999746873712
19.5	0.099975641909
19.52	0.0999765945082
19.54	0.0999775452448
19.56	0.0999784941947
19.58	0.099979441434
19.6	0.0999803870382
19.62	0.0999813310829
19.64	0.0999822736437
19.66	0.0999832147958
19.68	0.0999841546144
19.7	0.0999850931747
19.72	0.0999860305518
19.74	0.0999869668205
19.76	0.0999879020557
19.78	0.0999888363322
19.8	0.0999897697246
19.82	0.0999907023076
19.84	0.0999916341558
19.86	0.0999925653436
19.88	0.0999934959455
19.9	0.0999944260359
19.92	0.0999953556892
19.94	0.0999962849797
19.96	0.0999972139818
19.98	0.0999981427697
20.0	0.0999990714177
20.0	0.1
