0.0	10406.1530379
0.02	10406.1530374
0.04	1812.01494488
0.06	708.738148521
0.08	374.371428758
0.1	230.872554153
0.12	156.465993827
0.14	112.994106621
0.16	85.4152305021
0.18	66.8307650765
0.2	53.7159351006
0.22	44.1174529036
0.24	36.8820394568
0.26	31.2931818589
0.28	26.8866950689
0.3	23.3511429647
0.32	20.4712634521
0.34	18.0944120332
0.36	16.1099110359
0.38	14.4359286575
0.4	13.0109060089
0.42	11.787815851
0.44	10.7302324264
0.46	9.80958770999
0.48	9.00322174177
0.5	8.29297485482
0.52	7.66415625899
0.54	7.10477823466
0.56	6.60498054689
0.58	6.15659293638
0.6	5.75279909009
0.62	5.38787605571
0.64	5.05699034511
0.66	4.75603705852
0.68	4.48151195974
0.7	4.2304090091
0.72	4.00013772439
0.74	3.78845610323
0.76	3.59341584572
0.78	3.41331736557
0.8	3.24667264064
0.82	3.09217437948
0.84	2.9486703061
0.86	2.81514161423
0.88	2.69068483617
0.9	2.57449652143
0.92	2.46586023831
0.94	2.36413550446
0.96	2.26874832609
0.98	2.17918308407
1.0	2.09497555221
1.02	2.01570687064
1.04	1.94099832784
1.06	1.87050682971
1.08	1.80392095416
1.1	1.74095750631
1.12	1.681358503
1.14	1.62488852662
1.16	1.57133239727
1.18	1.52049312046
1.2	1.47219007351
1.22	1.42625739951
1.24	1.38254258214
1.26	1.34090517844
1.28	1.30121568981
1.3	1.26335455427
1.32	1.2272112454
1.34	1.19268346509
1.36	1.15967641929
1.38	1.12810216703
1.4	1.09787903431
1.42	1.06893108577
1.44	1.0411876475
1.46	1.01458287558
1.48	0.989055365296
1.5	0.964547796779
1.52	0.941006613192
1.54	0.918381728128
1.56	0.896626259205
1.58	0.875696285212
1.6	0.855550624475
1.62	0.836150632329
1.64	0.817460015843
1.66	0.79944466415
1.68	0.78207249288
1.7	0.765313301381
1.72	0.749138641546
1.74	0.733521697169
1.76	0.718437172879
1.78	0.703861191797
1.8	0.689771201142
1.82	0.676145885075
1.84	0.662965084171
1.86	0.650209720943
1.88	0.637861730893
1.9	0.625903998649
1.92	0.614320298733
1.94	0.603095240617
1.96	0.592214217679
1.98	0.581663359772
2.0	0.571429489107
2.02	0.561500079185
2.04	0.55186321655
2.06	0.542507565125
2.08	0.533422332962
2.1	0.524597241186
2.12	0.516022495005
2.14	0.507688756599
2.16	0.499587119775
2.18	0.491709086237
2.2	0.484046543372
2.22	0.476591743433
2.24	0.469337284017
2.26	0.462276089756
2.28	0.455401395126
2.3	0.448706728306
2.32	0.442185896008
2.34	0.435832969207
2.36	0.429642269726
2.38	0.423608357606
2.4	0.417726019207
2.42	0.411990256002
2.44	0.40639627401
2.46	0.400939473835
2.48	0.395615441256
2.5	0.390419938355
2.52	0.385348895128
2.54	0.380398401567
2.56	0.375564700163
2.58	0.370844178827
2.6	0.366233364182
2.62	0.361728915222
2.64	0.357327617297
2.66	0.353026376423
2.68	0.348822213885
2.7	0.344712261119
2.72	0.340693754857
2.74	0.336764032522
2.76	0.332920527857
2.78	0.329160766766
2.8	0.325482363376
2.82	0.321883016281
2.84	0.31836050498
2.86	0.314912686485
2.88	0.311537492095
2.9	0.308232924327
2.92	0.304997053987
2.94	0.301828017393
2.96	0.298724013715
2.98	0.295683302454
3.0	0.292704201022
3.02	0.289785082452
3.04	0.2869243732
3.06	0.284120551054
3.08	0.281372143132
3.1	0.278677723981
3.12	0.27603591375
3.14	0.27344537645
3.16	0.27090481829
3.18	0.268412986087
3.2	0.265968665744
3.22	0.263570680793
3.24	0.261217891006
3.26	0.258909191061
3.28	0.256643509266
3.3	0.254419806336
3.32	0.252237074225
3.34	0.250094335003
3.36	0.247990639783
3.38	0.24592506769
3.4	0.243896724871
3.42	0.241904743553
3.44	0.23994828113
3.46	0.238026519291
3.48	0.236138663186
3.5	0.234283940618
3.52	0.232461601276
3.54	0.230670915992
3.56	0.228911176026
3.58	0.227181692388
3.6	0.225481795173
3.62	0.223810832937
3.64	0.222168172081
3.66	0.220553196273
3.68	0.218965305881
3.7	0.217403917435
3.72	0.215868463103
3.74	0.214358390193
3.76	0.212873160667
3.78	0.211412250679
3.8	0.209975150128
3.82	0.208561362221
3.84	0.207170403065
3.86	0.205801801259
3.88	0.204455097516
3.9	0.203129844283
3.92	0.201825605387
3.94	0.200541955687
3.96	0.19927848074
3.98	0.198034776479
4.0	0.196810448904
4.02	0.195605113777
4.04	0.194418396337
4.06	0.193249931018
4.08	0.19209936118
4.1	0.190966338847
4.12	0.189850524453
4.14	0.188751586605
4.16	0.187669201839
4.18	0.186603054401
4.2	0.185552836019
4.22	0.184518245697
4.24	0.183498989505
4.26	0.182494780383
4.28	0.181505337946
4.3	0.180530388302
4.32	0.179569663868
4.34	0.178622903195
4.36	0.177689850803
4.38	0.176770257019
4.4	0.175863877811
4.42	0.174970474643
4.44	0.174089814323
4.46	0.17322166886
4.48	0.172365815325
4.5	0.171522035717
4.52	0.17069011683
4.54	0.16986985013
4.56	0.169061031627
4.58	0.168263461764
4.6	0.167476945292
4.62	0.166701291167
4.64	0.165936312437
4.66	0.165181826134
4.68	0.164437653181
4.7	0.163703618282
4.72	0.162979549835
4.74	0.162265279833
4.76	0.161560643777
4.78	0.160865480585
4.8	0.160179632509
4.82	0.159502945053
4.84	0.158835266888
4.86	0.15817644978
4.88	0.157526348509
4.9	0.156884820798
4.92	0.156251727242
4.94	0.155626931235
4.96	0.155010298907
4.98	0.154401699054
5.0	0.153801003076
5.02	0.153208084916
5.04	0.152622820998
5.06	0.152045090169
5.08	0.151474773642
5.1	0.150911754939
5.12	0.150355919839
5.14	0.149807156325
5.16	0.149265354533
5.18	0.1487304067
5.2	0.14820220712
5.22	0.147680652092
5.24	0.147165639878
5.26	0.146657070657
5.28	0.146154846481
5.3	0.145658871232
5.32	0.145169050586
5.34	0.144685291964
5.36	0.144207504501
5.38	0.143735599006
5.4	0.14326948792
5.42	0.142809085287
5.44	0.142354306715
5.46	0.141905069341
5.48	0.1414612918
5.5	0.141022894192
5.52	0.14058979805
5.54	0.140161926306
5.56	0.139739203268
5.58	0.139321554583
5.6	0.138908907213
5.62	0.138501189405
5.64	0.138098330667
5.66	0.137700261736
5.68	0.137306914557
5.7	0.136918222254
5.72	0.13653411911
5.74	0.136154540538
5.76	0.135779423061
5.78	0.135408704285
5.8	0.135042322883
5.82	0.134680218567
5.84	0.134322332072
5.86	0.13396860513
5.88	0.133618980453
5.9	0.133273401713
5.92	0.132931813523
5.94	0.132594161415
5.96	0.132260391825
5.98	0.131930452075
6.0	0.131604290353
6.02	0.131281855696
6.04	0.130963097977
6.06	0.130647967883
6.08	0.130336416905
6.1	0.130028397318
6.12	0.129723862165
6.14	0.129422765246
6.16	0.129125061102
6.18	0.128830705
6.2	0.128539652917
6.22	0.12825186153
6.24	0.127967288203
6.26	0.12768589097
6.28	0.127407628525
6.3	0.127132460209
6.32	0.126860345998
6.34	0.126591246492
6.36	0.126325122901
6.38	0.126061937034
6.4	0.125801651292
6.42	0.12554422865
6.44	0.125289632652
6.46	0.1250378274
6.48	0.124788777541
6.5	0.124542448258
6.52	0.124298805263
6.54	0.124057814782
6.56	0.123819443551
6.58	0.123583658806
6.6	0.123350428269
6.62	0.123119720146
6.64	0.122891503114
6.66	0.122665746313
6.68	0.122442419342
6.7	0.122221492243
6.72	0.122002935502
6.74	0.121786720033
6.76	0.121572817178
6.78	0.121361198694
6.8	0.121151836748
6.82	0.120944703909
6.84	0.120739773142
6.86	0.120537017802
6.88	0.120336411624
6.9	0.120137928719
6.92	0.119941543569
6.94	0.119747231017
6.96	0.119554966262
6.98	0.119364724855
7.0	0.11917648269
7.02	0.118990216003
7.04	0.118805901359
7.06	0.118623515654
7.08	0.118443036104
7.1	0.118264440242
7.12	0.118087705914
7.14	0.11791281127
7.16	0.117739734762
7.18	0.117568455139
7.2	0.117398951442
7.22	0.117231202996
7.24	0.11706518941
7.26	0.116900890571
7.28	0.116738286638
7.3	0.116577358036
7.32	0.116418085459
7.34	0.116260449858
7.36	0.116104432439
7.38	0.115950014661
7.4	0.115797178231
7.42	0.115645905098
7.44	0.115496177454
7.46	0.115347977723
7.48	0.115201288563
7.5	0.115056092863
7.52	0.114912373734
7.54	0.114770114509
7.56	0.11462929874
7.58	0.114489910194
7.6	0.114351932848
7.62	0.114215350889
7.64	0.114080148707
7.66	0.113946310895
7.68	0.113813822245
7.7	0.113682667744
7.72	0.11355283257
7.74	0.113424302095
7.76	0.113297061873
7.78	0.113171097647
7.8	0.113046395336
7.82	0.112922941042
7.84	0.11280072104
7.86	0.11267972178
7.88	0.112559929882
7.9	0.112441332133
7.92	0.112323915489
7.94	0.112207667065
7.96	0.112092574139
7.98	0.111978624148
8.0	0.111865804684
8.02	0.111754103492
8.04	0.11164350847
8.06	0.111534007666
8.08	0.111425589272
8.1	0.11131824163
8.12	0.111211953219
8.14	0.111106712665
8.16	0.111002508727
8.18	0.110899330306
8.2	0.110797166435
8.22	0.11069600628
8.24	0.11059583914
8.26	0.110496654442
8.28	0.110398441739
8.3	0.110301190713
8.32	0.110204891167
8.34	0.110109533027
8.36	0.11001510634
8.38	0.109921601272
8.4	0.109829008103
8.42	0.109737317233
8.44	0.109646519173
8.46	0.109556604547
8.48	0.109467564089
8.5	0.109379388643
8.52	0.109292069161
8.54	0.109205596701
8.56	0.109119962425
8.58	0.1090351576
8.6	0.108951173592
8.62	0.10886800187
8.64	0.108785634002
8.66	0.108704061654
8.68	0.108623276586
8.7	0.108543270658
8.72	0.108464035819
8.74	0.108385564114
8.76	0.108307847679
8.78	0.108230878738
8.8	0.108154649607
8.82	0.108079152688
8.84	0.10800438047
8.86	0.10793032553
8.88	0.107856980525
8.9	0.107784338198
8.92	0.107712391375
8.94	0.107641132962
8.96	0.107570555945
8.98	0.107500653389
9.0	0.107431418438
9.02	0.107362844313
9.04	0.107294924309
9.06	0.107227651798
9.08	0.107161020227
9.1	0.107095023113
9.12	0.107029654048
9.14	0.106964906694
9.16	0.106900774784
9.18	0.106837252121
9.2	0.106774332574
9.22	0.106712010083
9.24	0.106650278653
9.26	0.106589132356
9.28	0.106528565327
9.3	0.106468571769
9.32	0.106409145946
9.34	0.106350282186
9.36	0.106291974877
9.38	0.106234218471
9.4	0.106177007479
9.42	0.106120336471
9.44	0.106064200079
9.46	0.106008592989
9.48	0.105953509947
9.5	0.105898945757
9.52	0.105844895277
9.54	0.10579135342
9.56	0.105738315156
9.58	0.105685775508
9.6	0.105633729552
9.62	0.105582172418
9.64	0.105531099286
9.66	0.10548050539
9.68	0.105430386014
9.7	0.105380736491
9.72	0.105331552206
9.74	0.105282828591
9.76	0.105234561129
9.78	0.105186745347
9.8	0.105139376823
9.82	0.10509245118
9.84	0.105045964088
9.86	0.104999911262
9.88	0.104954288463
9.9	0.104909091496
9.92	0.10486431621
9.94	0.104819958498
9.96	0.104776014295
9.98	0.10473247958
10.0	0.104689350374
10.02	0.104646622737
10.04	0.104604292774
10.06	0.104562356628
10.08	0.104520810482
10.1	0.104479650559
10.12	0.104438873124
10.14	0.104398474476
10.16	0.104358450955
10.18	0.104318798939
10.2	0.104279514843
10.22	0.104240595118
10.24	0.104202036253
10.26	0.104163834773
10.28	0.104125987237
10.3	0.104088490241
10.32	0.104051340417
10.34	0.104014534428
10.36	0.103978068974
10.38	0.103941940788
10.4	0.103906146637
10.42	0.103870683319
10.44	0.103835547666
10.46	0.103800736543
10.48	0.103766246846
10.5	0.103732075502
10.52	0.103698219469
10.54	0.103664675739
10.56	0.103631441329
10.58	0.103598513292
10.6	0.103565888706
10.62	0.103533564681
10.64	0.103501538356
10.66	0.103469806899
10.68	0.103438367504
10.7	0.103407217397
10.72	0.103376353829
10.74	0.10334577408
10.76	0.103315475456
10.78	0.103285455293
10.8	0.103255710949
10.82	0.103226239813
10.84	0.103197039296
10.86	0.103168106839
10.88	0.103139439904
10.9	0.103111035983
10.92	0.103082892588
10.94	0.10305500726
10.96	0.103027377563
10.98	0.103000001084
11.0	0.102972875434
11.02	0.10294599825
11.04	0.102919367191
11.06	0.102892979937
11.08	0.102866834195
11.1	0.102840927692
11.12	0.102815258177
11.14	0.102789823423
11.16	0.102764621224
11.18	0.102739649396
11.2	0.102714905775
11.22	0.102690388221
11.24	0.102666094613
11.26	0.102642022851
11.28	0.102618170856
11.3	0.10259453657
11.32	0.102571117953
11.34	0.102547912987
11.36	0.102524919672
11.38	0.10250213603
11.4	0.102479560101
11.42	0.102457189942
11.44	0.102435023632
11.46	0.102413059268
11.48	0.102391294964
11.5	0.102369728853
11.52	0.102348359088
11.54	0.102327183837
11.56	0.102306201288
11.58	0.102285409645
11.6	0.10226480713
11.62	0.102244391983
11.64	0.10222416246
11.66	0.102204116833
11.68	0.102184253393
11.7	0.102164570446
11.72	0.102145066315
11.74	0.102125739337
11.76	0.102106587869
11.78	0.10208761028
11.8	0.102068804957
11.82	0.102050170302
11.84	0.102031704731
11.86	0.102013406676
11.88	0.101995274586
11.9	0.101977306922
11.92	0.101959502161
11.94	0.101941858794
11.96	0.101924375328
11.98	0.101907050282
12.0	0.101889882191
12.02	0.101872869603
12.04	0.101856011081
12.06	0.101839305199
12.08	0.101822750547
12.1	0.101806345729
12.12	0.101790089361
12.14	0.10177398007
12.16	0.101758016501
12.18	0.101742197308
12.2	0.101726521159
12.22	0.101710986734
12.24	0.101695592728
12.26	0.101680337844
12.28	0.101665220802
12.3	0.10165024033
12.32	0.101635395171
12.34	0.101620684079
12.36	0.101606105819
12.38	0.101591659169
12.4	0.101577342917
12.42	0.101563155863
12.44	0.101549096819
12.46	0.101535164607
12.48	0.101521358062
12.5	0.101507676028
12.52	0.101494117362
12.54	0.101480680928
12.56	0.101467365605
12.58	0.101454170279
12.6	0.10144109385
12.62	0.101428135225
12.64	0.101415293323
12.66	0.101402567073
12.68	0.101389955414
12.7	0.101377457294
12.72	0.101365071672
12.74	0.101352797516
12.76	0.101340633805
12.78	0.101328579525
12.8	0.101316633674
12.82	0.101304795259
12.84	0.101293063294
12.86	0.101281436805
12.88	0.101269914826
12.9	0.101258496399
12.92	0.101247180576
12.94	0.101235966418
12.96	0.101224852994
12.98	0.101213839383
13.0	0.101202924671
13.02	0.101192107954
13.04	0.101181388333
13.06	0.101170764923
13.08	0.101160236842
13.1	0.101149803219
13.12	0.10113946319
13.14	0.101129215899
13.16	0.1011190605
13.18	0.101108996151
13.2	0.101099022021
13.22	0.101089137286
13.24	0.101079341128
13.26	0.101069632739
13.28	0.101060011316
13.3	0.101050476066
13.32	0.1010410262
13.34	0.101031660941
13.36	0.101022379514
13.38	0.101013181155
13.4	0.101004065105
13.42	0.100995030613
13.44	0.100986076934
13.46	0.10097720333
13.48	0.100968409072
13.5	0.100959693434
13.52	0.100951055699
13.54	0.100942495156
13.56	0.100934011102
13.58	0.100925602838
13.6	0.100917269672
13.62	0.100909010919
13.64	0.100900825902
13.66	0.100892713946
13.68	0.100884674386
13.7	0.100876706561
13.72	0.100868809817
13.74	0.100860983506
13.76	0.100853226984
13.78	0.100845539617
13.8	0.100837920772
13.82	0.100830369825
13.84	0.100822886157
13.86	0.100815469154
13.88	0.100808118208
13.9	0.100800832717
13.92	0.100793612084
13.94	0.100786455717
13.96	0.10077936303
13.98	0.100772333443
14.0	0.100765366379
14.02	0.100758461269
14.04	0.100751617547
14.06	0.100744834654
14.08	0.100738112034
14.1	0.100731449139
14.12	0.100724845422
14.14	0.100718300345
14.16	0.100711813371
14.18	0.100705383972
14.2	0.100699011622
14.22	0.100692695799
14.24	0.100686435989
14.26	0.10068023168
14.28	0.100674082365
14.3	0.100667987543
14.32	0.100661946716
14.34	0.100655959391
14.36	0.10065002508
14.38	0.100644143298
14.4	0.100638313566
14.42	0.100632535408
14.44	0.100626808354
14.46	0.100621131936
14.48	0.100615505692
14.5	0.100609929163
14.52	0.100604401895
14.54	0.100598923438
14.56	0.100593493345
14.58	0.100588111174
14.6	0.100582776487
14.62	0.10057748885
14.64	0.100572247832
14.66	0.100567053007
14.68	0.100561903951
14.7	0.100556800247
14.72	0.100551741478
14.74	0.100546727234
14.76	0.100541757106
14.78	0.10053683069
14.8	0.100531947586
14.82	0.100527107397
14.84	0.10052230973
14.86	0.100517554194
14.88	0.100512840403
14.9	0.100508167974
14.92	0.100503536528
14.94	0.100498945688
14.96	0.100494395082
14.98	0.10048988434
15.0	0.100485413096
15.02	0.100480980987
15.04	0.100476587652
15.06	0.100472232736
15.08	0.100467915886
15.1	0.10046363675
15.12	0.100459394982
15.14	0.100455190238
15.16	0.100451022176
15.18	0.100446890459
15.2	0.100442794751
15.22	0.100438734721
15.24	0.100434710039
15.26	0.100430720379
15.28	0.100426765418
15.3	0.100422844835
15.32	0.100418958313
15.34	0.100415105536
15.36	0.100411286193
15.38	0.100407499974
15.4	0.100403746572
15.42	0.100400025684
15.44	0.100396337008
15.46	0.100392680246
15.48	0.100389055101
15.5	0.100385461281
15.52	0.100381898493
15.54	0.10037836645
15.56	0.100374864867
15.58	0.100371393459
15.6	0.100367951945
15.62	0.100364540048
15.64	0.100361157492
15.66	0.100357804002
15.68	0.100354479308
15.7	0.10035118314
15.72	0.100347915233
15.74	0.100344675321
15.76	0.100341463144
15.78	0.100338278441
15.8	0.100335120955
15.82	0.10033199043
15.84	0.100328886615
15.86	0.100325809257
15.88	0.100322758109
15.9	0.100319732923
15.92	0.100316733456
15.94	0.100313759465
15.96	0.10031081071
15.98	0.100307886953
16.0	0.100304987957
16.02	0.100302113489
16.04	0.100299263316
16.06	0.100296437209
16.08	0.100293634939
16.1	0.10029085628
16.12	0.100288101007
16.14	0.100285368899
16.16	0.100282659735
16.18	0.100279973296
16.2	0.100277309365
16.22	0.100274667728
16.24	0.100272048171
16.26	0.100269450483
16.28	0.100266874455
16.3	0.100264319878
16.32	0.100261786548
16.34	0.100259274258
16.36	0.100256782807
16.38	0.100254311994
16.4	0.10025186162
16.42	0.100249431487
16.44	0.100247021399
16.46	0.100244631162
16.48	0.100242260583
16.5	0.100239909472
16.52	0.100237577638
16.54	0.100235264894
16.56	0.100232971053
16.58	0.10023069593
16.6	0.100228439343
16.62	0.100226201109
16.64	0.100223981049
16.66	0.100221778982
16.68	0.100219594733
16.7	0.100217428124
16.72	0.100215278982
16.74	0.100213147133
16.76	0.100211032405
16.78	0.100208934629
16.8	0.100206853635
16.82	0.100204789257
16.84	0.100202741326
16.86	0.10020070968
16.88	0.100198694154
16.9	0.100196694585
16.92	0.100194710814
16.94	0.10019274268
16.96	0.100190790025
16.98	0.100188852692
17.0	0.100186930524
17.02	0.100185023368
17.04	0.100183131069
17.06	0.100181253476
17.08	0.100179390437
17.1	0.100177541803
17.12	0.100175707424
17.14	0.100173887154
17.16	0.100172080845
17.18	0.100170288353
17.2	0.100168509533
17.22	0.100166744243
17.24	0.100164992339
17.26	0.100163253682
17.28	0.100161528132
17.3	0.100159815549
17.32	0.100158115796
17.34	0.100156428737
17.36	0.100154754235
17.38	0.100153092157
17.4	0.100151442368
17.42	0.100149804736
17.44	0.100148179129
17.46	0.100146565416
17.48	0.100144963469
17.5	0.100143373158
17.52	0.100141794355
17.54	0.100140226933
17.56	0.100138670767
17.58	0.100137125731
17.6	0.100135591701
17.62	0.100134068554
17.64	0.100132556168
17.66	0.100131054421
17.68	0.100129563192
17.7	0.100128082362
17.72	0.100126611812
17.74	0.100125151423
17.76	0.100123701078
17.78	0.100122260661
17.8	0.100120830055
17.82	0.100119409147
17.84	0.100117997822
17.86	0.100116595966
17.88	0.100115203468
17.9	0.100113820214
17.92	0.100112446095
17.94	0.100111080999
17.96	0.100109724818
17.98	0.100108377442
18.0	0.100107038763
18.02	0.100105708673
18.04	0.100104387066
18.06	0.100103073836
18.08	0.100101768877
18.1	0.100100472085
18.12	0.100099183355
18.14	0.100097902584
18.16	0.10009662967
18.18	0.100095364509
18.2	0.100094107
18.22	0.100092857043
18.24	0.100091614538
18.26	0.100090379384
18.28	0.100089151482
18.3	0.100087930734
18.32	0.100086717041
18.34	0.100085510308
18.36	0.100084310436
18.38	0.100083117329
18.4	0.100081930892
18.42	0.100080751029
18.44	0.100079577646
18.46	0.100078410649
18.48	0.100077249944
18.5	0.100076095437
18.52	0.100074947037
18.54	0.100073804651
18.56	0.100072668188
18.58	0.100071537556
18.6	0.100070412665
18.62	0.100069293424
18.64	0.100068179744
18.66	0.100067071535
18.68	0.100065968709
18.7	0.100064871177
18.72	0.100063778851
18.74	0.100062691643
18.76	0.100061609467
18.78	0.100060532235
18.8	0.100059459861
18.82	0.100058392259
18.84	0.100057329344
18.86	0.10005627103
18.88	0.100055217233
18.9	0.100054167867
18.92	0.10005312285
18.94	0.100052082096
18.96	0.100051045523
18.98	0.100050013048
19.0	0.100048984587
19.02	0.100047960059
19.04	0.100046939381
19.06	0.100045922471
19.08	0.100044909249
19.1	0.100043899632
19.12	0.100042893539
19.14	0.100041890891
19.16	0.100040891607
19.18	0.100039895606
19.2	0.100038902809
19.22	0.100037913137
19.24	0.10003692651
19.26	0.100035942848
19.28	0.100034962074
19.3	0.100033984108
19.32	0.100033008872
19.34	0.100032036289
19.36	0.100031066279
19.38	0.100030098766
19.4	0.100029133672
19.42	0.10002817092
19.44	0.100027210432
19.46	0.100026252131
19.48	0.100025295941
19.5	0.100024341786
19.52	0.100023389588
19.54	0.100022439271
19.56	0.10002149076
19.58	0.100020543978
19.6	0.10001959885
19.62	0.1000186553
19.64	0.100017713252
19.66	0.10001677263
19.68	0.100015833361
19.7	0.100014895367
19.72	0.100013958575
19.74	0.100013022909
19.76	0.100012088294
19.78	0.100011154655
19.8	0.100010221918
19.82	0.100009290008
19.84	0.10000835885
19.86	0.10000742837
19.88	0.100006498494
19.9	0.100005569146
19.92	0.100004640252
19.94	0.100003711739
19.96	0.100002783531
19.98	0.100001855555
20.0	0.100000927736
20.0	0.1
